3.004081140458583832e+02 2.133500150757852225e+03
3.014081140458583832e+02 2.073187620067860735e+03
3.024081140458583832e+02 2.031093904796009383e+03
3.034081140458583832e+02 2.082718914487584698e+03
3.044081140458583832e+02 2.181468912333901244e+03
3.054081140458583832e+02 2.034031324571294363e+03
3.064081140458583832e+02 2.147156416102847288e+03
3.074081140458583832e+02 2.149593891873906614e+03
3.084081140458583832e+02 2.182062726675200793e+03
3.094081140458583832e+02 2.175437699754155801e+03
3.104081140458583832e+02 2.238062709445732253e+03
3.114081140458583832e+02 2.150312367010038543e+03
3.124081140458583832e+02 2.204187800977285406e+03
3.134081140458583832e+02 2.177812724521517339e+03
3.144081140458583832e+02 2.259750049534724440e+03
3.154081140458583832e+02 2.204125220752570840e+03
3.164081140458583832e+02 2.261312711599411159e+03
3.174081140458583832e+02 2.279937548996299483e+03
3.184081140458583832e+02 2.318281783305899808e+03
3.194081140458583832e+02 2.381219065245434649e+03
3.204081140458583832e+02 2.374812405776339801e+03
3.214081140458583832e+02 2.371437604992072920e+03
3.224081140458583832e+02 2.514688020653008152e+03
3.234081140458583832e+02 2.414812302399526743e+03
3.244081140458583832e+02 2.514094335532727200e+03
3.254081140458583832e+02 2.574468886489695251e+03
3.264081140458583832e+02 2.618469144931727897e+03
3.274081140458583832e+02 2.651343950023361685e+03
3.284081140458583832e+02 2.862219263384326041e+03
3.294081140458583832e+02 3.010344027555971024e+03
3.304081140458583832e+02 2.984718966175988498e+03
3.314081140458583832e+02 2.998344294612737940e+03
3.324081140458583832e+02 3.004562524228947950e+03
3.334081140458583832e+02 2.975688089570894590e+03
3.344081140458583832e+02 3.057468938178112694e+03
3.354081140458583832e+02 3.098406194273444271e+03
3.364081140458583832e+02 3.111125556727219646e+03
3.374081140458583832e+02 3.306563239251904633e+03
3.384081140458583832e+02 3.305968813264464188e+03
3.394081140458583832e+02 3.323469299996958853e+03
3.404081140458583832e+02 3.504657014826898376e+03
3.414081140458583832e+02 3.528657402489948254e+03
3.424081140458583832e+02 3.639998845625596005e+03
3.434081140458583832e+02 3.762188352320294598e+03
3.444081140458583832e+02 3.822907602782523554e+03
3.454081140458583832e+02 4.033906698235410204e+03
3.464081140458583832e+02 4.076624759864288535e+03
3.474081140458583832e+02 3.950813077725636504e+03
3.484081140458583832e+02 3.978250036612630538e+03
3.494081140458583832e+02 4.018000646105090709e+03
3.504081140458583832e+02 3.991438078802478685e+03
3.514081140458583832e+02 4.002437768672039965e+03
3.524081140458583832e+02 4.024156760692234911e+03
3.534081140458583832e+02 3.911905199271621314e+03
3.544081140458583832e+02 4.050125987463941328e+03
3.554081140458583832e+02 4.123938332937143969e+03
3.564081140458583832e+02 4.252844341993791204e+03
3.574081140458583832e+02 4.167968072397306969e+03
3.584081140458583832e+02 4.136783493330694000e+03
3.594081140458583832e+02 4.272906508711253991e+03
3.604081140458583832e+02 4.321187215175354140e+03
3.614081140458583832e+02 4.433876114531275562e+03
3.624081140458583832e+02 4.604375360742014891e+03
3.634081140458583832e+02 4.675814774828317240e+03
3.644081140458583832e+02 4.904813086340373047e+03
3.654081140458583832e+02 5.037126073611289030e+03
3.664081140458583832e+02 5.262750626721903245e+03
3.674081140458583832e+02 5.360812603915209365e+03
3.684081140458583832e+02 5.587659745697666949e+03
3.694081140458583832e+02 5.825156915757415845e+03
3.704081140458583832e+02 5.979407917220290074e+03
3.714081140458583832e+02 6.301533456718028901e+03
3.724081140458583832e+02 6.854533663471656837e+03
3.734081140458583832e+02 7.046720878646996425e+03
3.744081140458583832e+02 7.468409554019817733e+03
3.754081140458583832e+02 7.999345001020926247e+03
3.764081140458583832e+02 8.455912246124320518e+03
3.774081140458583832e+02 8.734782537095119551e+03
3.784081140458583832e+02 9.123127176297237384e+03
3.794081140458583832e+02 9.549940426317549282e+03
3.804081140458583832e+02 9.994939349475745985e+03
3.814081140458583832e+02 1.021081685097925219e+04
3.824081140458583832e+02 1.077962698246570471e+04
3.834081140458583832e+02 1.115037868602943126e+04
3.844081140458583832e+02 1.148775357296104448e+04
3.854081140458583832e+02 1.182162576778814764e+04
3.864081140458583832e+02 1.207497206963400458e+04
3.874081140458583832e+02 1.264516263594103657e+04
3.884081140458583832e+02 1.348844365253556680e+04
3.894081140458583832e+02 1.479732126603060897e+04
3.904081140458583832e+02 1.588669898720984929e+04
3.914081140458583832e+02 1.813395226296258988e+04
3.933054560720920563e+02 2.076364103168268775e+04
3.943054560720920563e+02 2.146589182307465308e+04
3.953054560720920563e+02 2.197376887349928802e+04
3.963054560720920563e+02 2.268576916127818549e+04
3.973054560720920563e+02 2.378714769856046405e+04
3.983054560720920563e+02 2.568340558849854278e+04
3.993054560720920563e+02 2.653240098403617594e+04
4.003054560720920563e+02 2.761514827411825900e+04
4.013054560720920563e+02 2.860352383768526488e+04
4.023054560720920563e+02 2.846401784229158875e+04
4.033054560720920563e+02 2.936653179956806707e+04
4.043054560720920563e+02 3.058503510902537164e+04
4.053054560720920563e+02 3.230354657221808156e+04
4.063054560720920563e+02 3.387804239942408458e+04
4.073054560720920563e+02 3.472415959342152200e+04
4.083054560720920563e+02 3.585742122448524606e+04
4.093054560720920563e+02 3.572813407702604309e+04
4.103054560720920563e+02 3.613115556451697194e+04
4.113054560720920563e+02 3.731406398284131865e+04
4.123054560720920563e+02 3.721625597141211620e+04
4.133054560720920563e+02 3.602173501151582605e+04
4.143054560720920563e+02 3.456576705089962343e+04
4.153054560720920563e+02 3.357375851345903357e+04
4.163054560720920563e+02 3.284124983212898951e+04
4.173054560720920563e+02 3.198401813007048622e+04
4.183054560720920563e+02 3.143502484491140422e+04
4.193054560720920563e+02 3.156265091209147795e+04
4.203054560720920563e+02 3.183843599713526419e+04
4.213054560720920563e+02 3.303745048200638121e+04
4.223054560720920563e+02 3.555246583021419065e+04
4.233054560720920563e+02 3.899055012149114191e+04
4.243054560720920563e+02 4.051385981163056567e+04
4.253054560720920563e+02 4.218456259190998389e+04
4.263054560720920563e+02 4.344157707678110455e+04
4.273054560720920563e+02 4.535958973905254970e+04
4.283054560720920563e+02 4.675751088763493317e+04
4.293054560720920563e+02 4.831723077073523746e+04
4.303054560720920563e+02 4.901440894591900724e+04
4.313054560720920563e+02 4.949745834796289273e+04
4.323054560720920563e+02 4.976420352766638098e+04
4.333054560720920563e+02 4.992840932962420629e+04
4.343054560720920563e+02 5.025515757896925061e+04
4.353054560720920563e+02 5.159570779638666863e+04
4.363054560720920563e+02 5.264498726974197780e+04
4.373054560720920563e+02 5.326896824839512556e+04
4.383054560720920563e+02 5.271281482219643658e+04
4.393054560720920563e+02 5.182017004938809987e+04
4.403054560720920563e+02 5.251819959468812885e+04
4.413054560720920563e+02 5.282053899404048570e+04
4.423054560720920563e+02 5.336298493957111350e+04
4.433054560720920563e+02 5.250227793853454932e+04
4.443054560720920563e+02 5.252182921114125929e+04
4.453054560720920563e+02 5.189745361963455071e+04
4.463054560720920563e+02 5.111501832192308939e+04
4.473054560720920563e+02 5.051953074437878968e+04
4.483054560720920563e+02 5.040357746048630361e+04
4.493054560720920563e+02 5.223609259681804542e+04
4.503054560720920563e+02 5.669733772855838470e+04
4.513054560720920563e+02 5.834840683554044517e+04
4.523054560720920563e+02 5.758913551592053409e+04
4.533054560720920563e+02 5.610025709458802157e+04
4.543054560720920563e+02 5.300755306726671552e+04
4.553054560720920563e+02 5.156800220630489639e+04
4.563054560720920563e+02 5.043749717017421062e+04
4.573054560720920563e+02 4.996512630699584406e+04
4.583054560720920563e+02 4.945239810624724487e+04
4.593054560720920563e+02 5.110720662524725776e+04
4.603054560720920563e+02 5.184313257014456030e+04
4.613054560720920563e+02 5.298676951704332896e+04
4.623054560720920563e+02 5.324299187420392991e+04
4.633054560720920563e+02 5.378034268878584408e+04
4.643054560720920563e+02 5.335052594806345587e+04
4.653054560720920563e+02 5.285395549019699683e+04
4.663054560720920563e+02 5.250253832255601446e+04
4.673054560720920563e+02 5.207730805939198763e+04
4.683054560720920563e+02 5.219777846612880967e+04
4.693054560720920563e+02 5.211700194646531600e+04
4.703054560720920563e+02 5.343265973731058330e+04
4.713054560720920563e+02 5.361345882759399683e+04
4.723054560720920563e+02 5.332659575446929375e+04
4.733054560720920563e+02 5.354064448502907908e+04
4.743054560720920563e+02 5.343719901912994828e+04
4.753054560720920563e+02 5.349507981068022491e+04
4.763054560720920563e+02 5.346273203780018957e+04
4.773054560720920563e+02 5.334140760295044311e+04
4.783054560720920563e+02 5.334861100675080525e+04
4.793054560720920563e+02 5.299009513094836439e+04
4.803054560720920563e+02 5.282241738743293536e+04
4.813054560720920563e+02 5.262313957276438305e+04
4.823054560720920563e+02 5.285875045564956235e+04
4.833054560720920563e+02 5.278062347716965451e+04
4.843054560720920563e+02 5.276128803873524157e+04
4.853054560720920563e+02 5.424519137296571716e+04
4.863054560720920563e+02 5.423389591996542731e+04
4.873054560720920563e+02 5.444074820929775160e+04
4.883054560720920563e+02 5.536296939951030072e+04
4.893054560720920563e+02 5.679847142187880672e+04
4.903054560720920563e+02 5.702701477264962887e+04
4.913054560720920563e+02 5.770892561707112327e+04
4.923054560720920563e+02 5.860250081537314691e+04
4.933054560720920563e+02 5.895833712506048323e+04
4.943054560720920563e+02 5.981622005492901371e+04
4.953054560720920563e+02 6.067696386372463166e+04
4.963054560720920563e+02 6.124545470276309061e+04
4.973054560720920563e+02 6.219707726071702200e+04
4.983054560720920563e+02 6.310297382795245358e+04
4.993054560720920563e+02 6.371135726958318992e+04
5.003054560720920563e+02 6.535360316873390548e+04
5.013054560720920563e+02 6.776576799805492919e+04
5.023054560720920563e+02 6.884218002572267142e+04
5.033054560720920563e+02 6.971515198730373231e+04
5.043054560720920563e+02 7.079704140011368145e+04
5.053054560720920563e+02 7.133281091715734510e+04
5.063054560720920563e+02 7.183192654839431634e+04
5.073054560720920563e+02 7.191608594996322063e+04
5.083054560720920563e+02 7.246699328515859088e+04
5.093054560720920563e+02 7.328542739170754794e+04
5.103054560720920563e+02 7.440582901928812498e+04
5.113054560720920563e+02 7.492075348524404399e+04
5.123054560720920563e+02 7.611616182766554994e+04
5.133054560720920563e+02 7.623627014056412736e+04
5.143054560720920563e+02 7.759647969948007085e+04
5.153054560720920563e+02 7.831633376763988053e+04
5.163054560720920563e+02 7.920245607367085177e+04
5.173054560720920563e+02 7.885951476473324874e+04
5.183054560720920563e+02 7.794338470450455497e+04
5.193054560720920563e+02 7.707397004305456358e+04
5.203054560720920563e+02 7.621979800715390593e+04
5.213054560720920563e+02 7.501577791851056099e+04
5.223054560720920563e+02 7.495781584944551287e+04
5.233054560720920563e+02 7.487178396186738973e+04
5.243054560720920563e+02 7.547796587817789987e+04
5.253054560720920563e+02 7.638674926448690530e+04
5.263054560720920563e+02 7.638718239594041370e+04
5.273054560720920563e+02 7.601296252075633674e+04
5.283054560720920563e+02 7.567231292369336006e+04
5.293054560720920563e+02 7.490899693035792734e+04
5.303054560720920563e+02 7.459594474645139417e+04
5.313054560720920563e+02 7.350804645626779529e+04
5.323054560720920563e+02 7.331814366965538647e+04
5.333054560720920563e+02 7.328315822251312784e+04
5.343054560720920563e+02 7.349556105708869291e+04
5.353054560720920563e+02 7.405229106832969410e+04
5.363054560720920563e+02 7.555239551623663283e+04
5.373054560720920563e+02 7.715268012956516759e+04
5.383054560720920563e+02 7.824827422534802463e+04
5.393054560720920563e+02 7.833115911378947203e+04
5.403054560720920563e+02 7.735818160059033835e+04
5.413054560720920563e+02 7.745009439147749799e+04
5.423054560720920563e+02 7.745492580892359547e+04
5.433054560720920563e+02 7.694268481412134133e+04
5.443054560720920563e+02 7.713363168678425427e+04
5.453054560720920563e+02 7.794833293224290537e+04
5.463054560720920563e+02 7.868726655124413082e+04
5.473054560720920563e+02 7.947940980925514305e+04
5.483054560720920563e+02 8.095429480945531395e+04
5.493054560720920563e+02 8.220247561469610082e+04
5.503054560720920563e+02 8.275632650518085575e+04
5.513054560720920563e+02 8.420943883487672429e+04
5.523054560720920563e+02 8.336854735173513473e+04
5.533054560720920563e+02 8.309409359612736444e+04
5.543054560720920563e+02 8.286845508646815142e+04
5.553054560720920563e+02 8.222564071596354188e+04
5.563054560720920563e+02 8.171025856142162229e+04
5.573054560720920563e+02 8.126239605174746248e+04
5.583054560720920563e+02 8.075074850918368611e+04
5.593054560720920563e+02 8.025012438846929581e+04
5.603054560720920563e+02 8.030552875786562799e+04
5.613054560720920563e+02 8.026728935376353911e+04
5.623054560720920563e+02 7.998246643371111713e+04
5.633054560720920563e+02 8.033878774303990940e+04
5.643054560720920563e+02 8.051617829904922110e+04
5.653054560720920563e+02 8.049589655140243121e+04
5.663054560720920563e+02 8.087016422582299856e+04
5.673054560720920563e+02 8.053188721861175145e+04
5.683054560720920563e+02 8.096484443548248964e+04
5.693054560720920563e+02 8.142291129611275392e+04
5.703054560720920563e+02 8.055292808321505436e+04
5.713054560720920563e+02 8.101394250009956886e+04
5.723054560720920563e+02 8.114557957086429815e+04
5.733054560720920563e+02 7.992495517447823659e+04
5.743054560720920563e+02 7.958611724987626076e+04
5.753054560720920563e+02 7.903990434937234386e+04
5.763054560720920563e+02 7.990013162298861425e+04
5.773054560720920563e+02 7.954054976572506712e+04
5.783054560720920563e+02 7.905785493149601098e+04
5.793054560720920563e+02 7.943236427220290352e+04
5.803054560720920563e+02 7.927691669592518883e+04
5.813054560720920563e+02 7.914577767077855242e+04
5.823054560720920563e+02 7.959940357404571841e+04
5.833054560720920563e+02 7.988598761339971679e+04
5.843054560720920563e+02 8.114965235098540143e+04
5.853054560720920563e+02 8.097248986766769667e+04
5.863054560720920563e+02 8.186512314142740797e+04
5.873054560720920563e+02 8.196153614419061341e+04
5.883054560720920563e+02 8.230890554053481901e+04
5.893054560720920563e+02 8.162895658543299942e+04
5.903054560720920563e+02 8.273709565435179684e+04
5.913054560720920563e+02 8.308702066420060873e+04
5.923054560720920563e+02 8.382203992117223970e+04
5.933054560720920563e+02 8.522174517970290617e+04
5.943054560720920563e+02 8.555182441482572176e+04
5.953054560720920563e+02 8.632380732783727581e+04
5.963054560720920563e+02 8.709692641242103127e+04
5.973054560720920563e+02 8.830032128511376504e+04
5.983054560720920563e+02 8.923947916396908113e+04
5.993054560720920563e+02 9.034569475040939869e+04
6.003054560720920563e+02 9.120485187768682954e+04
6.013054560720920563e+02 9.162193016565384460e+04
6.023054560720920563e+02 9.273188711057815817e+04
6.033054560720920563e+02 9.292284261288274138e+04
6.043054560720920563e+02 9.454139491646422539e+04
6.053054560720920563e+02 9.529858436717913719e+04
6.063054560720920563e+02 9.659924465210818744e+04
6.073054560720920563e+02 9.860991802678602107e+04
6.083054560720920563e+02 9.965239908134196594e+04
6.093054560720920563e+02 1.010944219639552321e+05
6.103054560720920563e+02 1.023878684608292242e+05
6.113054560720920563e+02 1.045064516890006198e+05
6.123054560720920563e+02 1.065186623431527405e+05
6.133054560720920563e+02 1.074049399501362059e+05
6.143054560720920563e+02 1.086721414111961785e+05
6.153054560720920563e+02 1.104097460309321905e+05
6.163054560720920563e+02 1.142671682267876313e+05
6.173054560720920563e+02 1.161691228974204132e+05
6.183054560720920563e+02 1.168094840441029519e+05
6.193054560720920563e+02 1.169254431636671652e+05
6.203054560720920563e+02 1.171221602770120371e+05
6.213054560720920563e+02 1.159467591728350817e+05
6.223054560720920563e+02 1.163773535964437906e+05
6.233054560720920563e+02 1.164884409173153981e+05
6.243054560720920563e+02 1.149175777482643898e+05
6.253054560720920563e+02 1.138292297676993185e+05
6.263054560720920563e+02 1.140373471572745912e+05
6.273054560720920563e+02 1.133445186856040382e+05
6.283054560720920563e+02 1.137824852073257498e+05
6.293054560720920563e+02 1.140188517938675941e+05
6.303054560720920563e+02 1.135188149740013469e+05
6.313054560720920563e+02 1.130811101354974526e+05
6.323054560720920563e+02 1.129537226649622025e+05
6.333054560720920563e+02 1.128350687949879211e+05
6.343054560720920563e+02 1.135305111996275373e+05
6.353054560720920563e+02 1.125207339721582539e+05
6.363054560720920563e+02 1.123898640724338475e+05
6.373054560720920563e+02 1.119960502653798176e+05
6.383054560720920563e+02 1.136768633767352731e+05
6.393054560720920563e+02 1.165535939756413864e+05
6.403054560720920563e+02 1.187532261541648477e+05
6.413054560720920563e+02 1.210428725856599340e+05
6.423054560720920563e+02 1.210354523725918261e+05
6.433054560720920563e+02 1.226263031829827814e+05
6.443054560720920563e+02 1.227669571367760800e+05
6.453054560720920563e+02 1.231528478329495701e+05
6.463054560720920563e+02 1.225451469153167855e+05
6.473054560720920563e+02 1.221356330856315617e+05
6.483054560720920563e+02 1.216607215939403541e+05
6.493054560720920563e+02 1.213180484027331549e+05
6.503054560720920563e+02 1.214279361289166409e+05
6.513054560720920563e+02 1.205386157993400993e+05
6.523054560720920563e+02 1.192509182307457086e+05
6.533054560720920563e+02 1.189779405536336417e+05
6.543054560720920563e+02 1.172543505826815963e+05
6.553054560720920563e+02 1.171334878094464366e+05
6.563054560720920563e+02 1.155013553352243616e+05
6.573054560720920563e+02 1.153136471309181215e+05
6.583054560720920563e+02 1.152073291110231512e+05
6.593054560720920563e+02 1.162298221926881670e+05
6.603054560720920563e+02 1.170056377580804838e+05
6.613054560720920563e+02 1.175467367540208215e+05
6.623054560720920563e+02 1.187854127149835258e+05
6.633054560720920563e+02 1.195807854165940807e+05
6.643054560720920563e+02 1.215557862082188367e+05
6.653054560720920563e+02 1.226707172008883790e+05
6.663054560720920563e+02 1.252437113735985477e+05
6.673054560720920563e+02 1.269753830737571407e+05
6.683054560720920563e+02 1.278394841400291334e+05
6.693054560720920563e+02 1.274758250863095163e+05
6.703054560720920563e+02 1.278744082623267605e+05
6.713054560720920563e+02 1.278079926257812767e+05
6.723054560720920563e+02 1.268085028577646444e+05
6.733054560720920563e+02 1.262079983254798572e+05
6.743054560720920563e+02 1.260841295442747069e+05
6.753054560720920563e+02 1.266149069235496136e+05
6.763054560720920563e+02 1.262725326908435673e+05
6.773054560720920563e+02 1.255446910055583285e+05
6.783054560720920563e+02 1.241706558481039683e+05
6.793054560720920563e+02 1.229931297044623061e+05
6.803054560720920563e+02 1.240381370665729628e+05
6.813054560720920563e+02 1.237567449198634422e+05
6.823054560720920563e+02 1.255885229063611041e+05
6.833054560720920563e+02 1.264523652193583548e+05
6.843054560720920563e+02 1.273298476410969743e+05
6.853054560720920563e+02 1.263501671874306921e+05
6.863054560720920563e+02 1.243206370269917970e+05
6.873054560720920563e+02 1.234798682931909425e+05
6.883054560720920563e+02 1.233494985289740434e+05
6.893054560720920563e+02 1.225136027570886072e+05
6.903054560720920563e+02 1.226422339204697346e+05
6.913054560720920563e+02 1.227965127260662412e+05
6.923054560720920563e+02 1.229173554469831142e+05
6.933054560720920563e+02 1.222732472421180719e+05
6.943054560720920563e+02 1.218133809875930892e+05
6.953054560720920563e+02 1.209034067116736260e+05
6.963054560720920563e+02 1.207489835565552057e+05
6.973054560720920563e+02 1.204606759767943295e+05
6.983054560720920563e+02 1.197286696857055067e+05
6.993054560720920563e+02 1.200376618355815008e+05
7.003054560720920563e+02 1.195614093817774992e+05
7.013054560720920563e+02 1.193417072087208217e+05
7.023054560720920563e+02 1.186721492454876716e+05
7.033054560720920563e+02 1.188531681746334070e+05
7.043054560720920563e+02 1.184017920718303649e+05
7.053054560720920563e+02 1.182051067259228730e+05
7.063054560720920563e+02 1.179130474276376917e+05
7.073054560720920563e+02 1.185127265020141203e+05
7.083054560720920563e+02 1.181290334102908673e+05
7.093054560720920563e+02 1.169738433523532731e+05
7.103054560720920563e+02 1.169126201476884453e+05
7.113054560720920563e+02 1.169517990344032441e+05
7.123054560720920563e+02 1.167813075397131324e+05
7.133054560720920563e+02 1.166528166047484119e+05
7.143054560720920563e+02 1.168708440797167423e+05
7.153054560720920563e+02 1.173266377701877209e+05
7.163054560720920563e+02 1.169438769945444365e+05
7.173054560720920563e+02 1.159792142434713314e+05
7.183054560720920563e+02 1.158473895566986175e+05
7.193054560720920563e+02 1.161549626008499181e+05
7.203054560720920563e+02 1.159459427757709636e+05
7.213054560720920563e+02 1.154335358806260192e+05
7.223054560720920563e+02 1.154091958135147870e+05
7.233054560720920563e+02 1.155131952658966766e+05
7.243054560720920563e+02 1.151232435969187645e+05
7.253054560720920563e+02 1.153943756715997297e+05
7.263054560720920563e+02 1.152956658644860727e+05
7.273054560720920563e+02 1.162092557274045685e+05
7.283054560720920563e+02 1.170900782879662584e+05
7.293054560720920563e+02 1.173163504988625646e+05
7.303054560720920563e+02 1.174636475025160180e+05
7.313054560720920563e+02 1.179544120155597484e+05
7.323054560720920563e+02 1.170205856980399840e+05
7.333054560720920563e+02 1.179279021114022325e+05
7.343054560720920563e+02 1.167384430556336592e+05
7.353054560720920563e+02 1.173240710134000110e+05
7.363054560720920563e+02 1.171690065350947698e+05
7.373054560720920563e+02 1.166488492355224007e+05
7.383054560720920563e+02 1.172512334687780240e+05
7.393054560720920563e+02 1.168663269289327145e+05
7.403054560720920563e+02 1.160717639132706536e+05
7.413054560720920563e+02 1.161044294182667363e+05
7.423054560720920563e+02 1.149004961587562866e+05
7.433054560720920563e+02 1.148720034095738083e+05
7.443054560720920563e+02 1.150939860385317443e+05
7.453054560720920563e+02 1.140148484206146823e+05
7.463054560720920563e+02 1.137927224451699149e+05
7.473054560720920563e+02 1.126922628101182345e+05
7.483054560720920563e+02 1.130274936087931565e+05
7.493054560720920563e+02 1.124981578909617383e+05
7.503054560720920563e+02 1.121362748009056086e+05
7.513054560720920563e+02 1.120069900674363307e+05
7.523054560720920563e+02 1.130839185306318686e+05
7.533054560720920563e+02 1.124542225648448803e+05
7.543054560720920563e+02 1.121452050988080882e+05
7.553054560720920563e+02 1.123290655735406908e+05
7.563054560720920563e+02 1.126168493314488442e+05
7.573054560720920563e+02 1.126096611603721394e+05
7.583054560720920563e+02 1.128278603192009759e+05
7.593054560720920563e+02 1.123604615135299537e+05
7.603054560720920563e+02 1.126222144073842646e+05
7.613054560720920563e+02 1.127529508615197992e+05
7.623054560720920563e+02 1.129543080035121966e+05
7.633054560720920563e+02 1.129857206505099166e+05
7.643054560720920563e+02 1.128194575246723398e+05
7.653054560720920563e+02 1.133657922953479429e+05
7.663054560720920563e+02 1.135804752030509844e+05
7.673054560720920563e+02 1.124675825008071552e+05
7.683054560720920563e+02 1.128126702091092448e+05
7.693054560720920563e+02 1.128016751935515204e+05
7.703054560720920563e+02 1.121463400028490869e+05
7.713054560720920563e+02 1.116056491574776446e+05
7.723054560720920563e+02 1.116281670076854352e+05
7.733054560720920563e+02 1.115152255627746199e+05
7.743054560720920563e+02 1.109361516995245474e+05
7.753054560720920563e+02 1.111486407075814204e+05
7.763054560720920563e+02 1.112842537893208792e+05
7.773054560720920563e+02 1.106036631506100384e+05
7.783054560720920563e+02 1.106314420404913108e+05
7.793054560720920563e+02 1.100150054519658297e+05
7.803054560720920563e+02 1.099197688734985422e+05
7.813054560720920563e+02 1.093684905512588302e+05
7.823054560720920563e+02 1.084783361257502547e+05
7.833054560720920563e+02 1.091758091467115300e+05
7.843054560720920563e+02 1.080469850755435473e+05
7.853054560720920563e+02 1.082463503787218651e+05
7.863054560720920563e+02 1.075989360972518043e+05
7.873054560720920563e+02 1.071684851113995101e+05
7.883054560720920563e+02 1.071141656926569704e+05
7.893054560720920563e+02 1.066132217378299538e+05
7.903054560720920563e+02 1.064423683290469780e+05
7.913054560720920563e+02 1.051478171244268597e+05
7.923054560720920563e+02 1.046947265141214011e+05
7.933054560720920563e+02 1.043984025989500660e+05
7.943054560720920563e+02 1.040583288474587898e+05
7.953054560720920563e+02 1.032360257082473836e+05
7.963054560720920563e+02 1.032952453394246841e+05
7.973054560720920563e+02 1.027509182428530476e+05
7.983054560720920563e+02 1.019882011937696225e+05
7.993054560720920563e+02 1.023415372152123164e+05
8.003054560720920563e+02 1.014045058473125828e+05
8.013054560720920563e+02 1.017688339357435761e+05
8.023054560720920563e+02 1.009583415777168411e+05
8.033054560720920563e+02 1.008114622930476617e+05
8.043054560720920563e+02 9.959791007701044146e+04
8.053054560720920563e+02 9.959075952860069810e+04
8.063054560720920563e+02 9.915658707732996845e+04
8.073054560720920563e+02 9.921144935882982099e+04
8.083054560720920563e+02 9.840394437857852608e+04
8.093054560720920563e+02 9.799627614387386711e+04
8.103054560720920563e+02 9.806106660079037829e+04
8.113054560720920563e+02 9.773105529359434149e+04
8.123054560720920563e+02 9.681523168622536468e+04
8.133054560720920563e+02 9.603188150308064360e+04
8.143054560720920563e+02 9.590576360965945059e+04
8.153054560720920563e+02 9.573381474210189481e+04
8.163054560720920563e+02 9.561654849074338563e+04
8.173054560720920563e+02 9.552384991538862232e+04
8.183054560720920563e+02 9.484568992615473690e+04
8.193054560720920563e+02 9.492227422534792277e+04
8.203054560720920563e+02 9.491447839655866846e+04
8.213054560720920563e+02 9.461465035236548283e+04
8.223054560720920563e+02 9.413090470141250989e+04
8.233054560720920563e+02 9.372058351967489580e+04
8.243054560720920563e+02 9.386019110940094106e+04
8.253054560720920563e+02 9.353739429713433492e+04
8.263054560720920563e+02 9.337884217702342721e+04
8.273054560720920563e+02 9.360932224065143964e+04
8.283054560720920563e+02 9.293547677791881142e+04
8.293054560720920563e+02 9.255805007352733810e+04
8.303054560720920563e+02 9.235604997760104015e+04
8.313054560720920563e+02 9.186811964803365117e+04
8.323054560720920563e+02 9.185565818665710685e+04
8.333054560720920563e+02 9.151086388058136799e+04
8.343054560720920563e+02 9.109224104695576534e+04
8.353054560720920563e+02 9.095711071478069061e+04
8.363054560720920563e+02 8.980946319643131574e+04
8.373054560720920563e+02 8.956412438846923760e+04
8.383054560720920563e+02 8.970875777398771606e+04
8.393054560720920563e+02 8.885823662223882275e+04
8.403054560720920563e+02 8.869980706427284167e+04
8.413054560720920563e+02 8.846868080943122914e+04
8.423054560720920563e+02 8.817886699399517966e+04
8.433054560720920563e+02 8.756754503739668871e+04
8.443054560720920563e+02 8.730123463572627224e+04
8.453054560720920563e+02 8.705859442360809771e+04
8.463054560720920563e+02 8.662488085953630798e+04
8.473054560720920563e+02 8.602736961613589665e+04
8.483054560720920563e+02 8.582312477217445849e+04
8.493054560720920563e+02 8.549917246337739925e+04
8.503054560720920563e+02 8.498514785874744121e+04
8.513054560720920563e+02 8.397269992670428474e+04
8.523054560720920563e+02 8.375955124839174096e+04
8.533054560720920563e+02 8.310007943908205198e+04
8.543054560720920563e+02 8.279393654056180094e+04
8.553054560720920563e+02 8.338810862861658097e+04
8.563054560720920563e+02 8.284837369719462004e+04
8.573054560720920563e+02 8.257478514092261321e+04
8.583054560720920563e+02 8.196588233847776428e+04
8.593054560720920563e+02 8.161549627889724798e+04
8.603054560720920563e+02 8.104060152587952325e+04
8.613054560720920563e+02 8.104154450561112026e+04
8.623054560720920563e+02 8.090207009418416419e+04
8.633054560720920563e+02 8.089285798530506145e+04
8.643054560720920563e+02 8.036542881849475089e+04
8.653054560720920563e+02 8.038615911378945748e+04
8.663054560720920563e+02 8.047352218737998919e+04
8.673054560720920563e+02 7.969627107561269077e+04
8.683054560720920563e+02 8.010920962690204033e+04
8.693054560720920563e+02 7.936758328405026987e+04
8.703054560720920563e+02 7.949968602111628570e+04
8.713054560720920563e+02 7.856680422653083224e+04
8.723054560720920563e+02 7.854852177107830357e+04
8.733054560720920563e+02 7.891913202252628980e+04
8.743054560720920563e+02 7.813026886185731564e+04
8.753054560720920563e+02 7.780672976723372994e+04
8.763054560720920563e+02 7.754378224730117654e+04
8.773054560720920563e+02 7.773149593151368026e+04
8.783054560720920563e+02 7.688068224366902723e+04
8.793054560720920563e+02 7.669688373360007245e+04
8.803054560720920563e+02 7.623248272907471983e+04
8.813054560720920563e+02 7.612999991618041531e+04
8.823054560720920563e+02 7.593320319984001981e+04
8.833054560720920563e+02 7.591016401813797711e+04
8.843054560720920563e+02 7.533607169699158112e+04
8.853054560720920563e+02 7.472661287312253262e+04
8.863054560720920563e+02 7.456882852382413694e+04
8.873054560720920563e+02 7.489909818848254508e+04
8.883054560720920563e+02 7.439943345927879272e+04
8.893054560720920563e+02 7.431536046309067751e+04
8.903054560720920563e+02 7.363188187095354078e+04
8.913054560720920563e+02 7.347148090647502977e+04
8.923054560720920563e+02 7.319235597876911925e+04
8.933054560720920563e+02 7.242331485805187549e+04
8.943054560720920563e+02 7.219966630034567788e+04
8.953054560720920563e+02 7.163390152373754245e+04
8.963054560720920563e+02 7.104290533657507331e+04
8.973054560720920563e+02 7.073019565798410622e+04
8.983054560720920563e+02 7.025912662271392765e+04
8.993054560720920563e+02 6.992408393178574624e+04
9.003054560720920563e+02 6.915859098981914576e+04
9.013054560720920563e+02 6.928019305214147607e+04
9.023054560720920563e+02 6.868668740785674891e+04
9.033054560720920563e+02 6.864586760959998355e+04
9.043054560720920563e+02 6.807893689260212705e+04
9.053054560720920563e+02 6.792944332758040400e+04
9.063054560720920563e+02 6.771124249795766082e+04
9.073054560720920563e+02 6.715484371184435440e+04
9.083054560720920563e+02 6.760411806105887808e+04
9.093054560720920563e+02 6.679500311807007529e+04
9.103054560720920563e+02 6.623745987067601527e+04
9.113054560720920563e+02 6.575108806034184818e+04
9.123054560720920563e+02 6.591702466889082280e+04
9.133054560720920563e+02 6.540641460184489551e+04
9.143054560720920563e+02 6.534869322769600694e+04
9.153054560720920563e+02 6.501567431810792914e+04
9.163054560720920563e+02 6.448235653011248360e+04
9.173054560720920563e+02 6.424285002715139854e+04
9.183054560720920563e+02 6.395998440405974543e+04
9.193054560720920563e+02 6.337097333248849463e+04
9.203054560720920563e+02 6.321402970548720623e+04
9.213054560720920563e+02 6.242125193039992155e+04
9.223054560720920563e+02 6.271658579396663117e+04
9.233054560720920563e+02 6.249324221017878153e+04
9.243054560720920563e+02 6.168958290034520178e+04
9.253054560720920563e+02 6.195484891607899044e+04
9.263054560720920563e+02 6.137545730488040863e+04
9.273054560720920563e+02 6.117932810798838182e+04
9.283054560720920563e+02 6.080440089183465170e+04
9.293054560720920563e+02 6.077722768153564539e+04
9.303054560720920563e+02 6.048685647004209022e+04
9.313054560720920563e+02 6.045780273548235709e+04
9.323054560720920563e+02 6.043811750971562287e+04
9.333054560720920563e+02 5.972908933159813751e+04
9.343054560720920563e+02 5.996245800802949816e+04
9.353054560720920563e+02 5.934466998559200147e+04
9.363054560720920563e+02 5.930186822520474379e+04
9.373054560720920563e+02 5.857181575351930223e+04
9.383054560720920563e+02 5.811450644708507025e+04
9.393054560720920563e+02 5.824020185687196499e+04
9.403054560720920563e+02 5.778926950912705070e+04
9.413054560720920563e+02 5.720751797034816991e+04
9.423054560720920563e+02 5.676289977284982888e+04
9.433054560720920563e+02 5.665426361385072232e+04
9.443054560720920563e+02 5.607532551797834458e+04
9.453054560720920563e+02 5.588746164577840682e+04
9.463054560720920563e+02 5.551277189471144811e+04
9.473054560720920563e+02 5.574317862687522575e+04
9.483054560720920563e+02 5.545131110109382280e+04
9.493054560720920563e+02 5.504685845282945957e+04
9.503054560720920563e+02 5.456711783754144562e+04
9.513054560720920563e+02 5.439530489382411906e+04
9.523054560720920563e+02 5.454660349655977916e+04
9.533054560720920563e+02 5.436413535200724436e+04
9.543054560720920563e+02 5.381021721718701883e+04
9.553054560720920563e+02 5.372056473022786668e+04
9.563054560720920563e+02 5.379380106096314557e+04
9.573054560720920563e+02 5.319468332307287346e+04
9.583054560720920563e+02 5.350528996936843032e+04
9.593054560720920563e+02 5.306021895969285833e+04
9.603054560720920563e+02 5.305514636769914068e+04
9.613054560720920563e+02 5.284510479529004078e+04
9.623054560720920563e+02 5.279062984835229145e+04
9.633054560720920563e+02 5.208336514764701133e+04
9.643054560720920563e+02 5.259551429720921442e+04
9.653054560720920563e+02 5.226023477169970283e+04
9.663054560720920563e+02 5.211072547476498585e+04
9.673054560720920563e+02 5.213672791296934156e+04
9.683054560720920563e+02 5.212776777826275793e+04
9.693054560720920563e+02 5.165464774279792618e+04
9.703054560720920563e+02 5.157066989339108113e+04
9.713054560720920563e+02 5.138844213641802344e+04
9.723054560720920563e+02 5.115076067599136150e+04
9.733054560720920563e+02 5.116498295305817010e+04
9.743054560720920563e+02 5.111265068019161117e+04
9.753054560720920563e+02 5.044428798285586527e+04
9.763054560720920563e+02 5.045571752498940623e+04
9.773054560720920563e+02 4.989727802235324634e+04
9.783054560720920563e+02 5.046097009893412178e+04
9.793054560720920563e+02 4.987308538278764900e+04
9.803054560720920563e+02 4.982840474471910420e+04
9.813054560720920563e+02 4.954998906067643838e+04
9.823054560720920563e+02 4.947711316509254539e+04
9.833054560720920563e+02 4.944235394010254822e+04
9.843054560720920563e+02 4.920559349228502833e+04
9.853054560720920563e+02 4.862059653398689989e+04
9.863054560720920563e+02 4.887500530761112168e+04
9.873054560720920563e+02 4.877350231014707970e+04
9.883054560720920563e+02 4.882620951141815021e+04
9.893054560720920563e+02 4.838462767371240625e+04
9.906192289590835571e+02 4.804111033222742844e+04
9.916192289590835571e+02 4.821252269523566792e+04
9.926192289590835571e+02 4.768908735981724749e+04
9.936192289590835571e+02 4.777202601247889106e+04
9.946192289590835571e+02 4.783986554194371274e+04
9.956192289590835571e+02 4.762415474257241294e+04
9.966192289590835571e+02 4.766836222470047505e+04
9.976192289590835571e+02 4.744728003849696688e+04
9.986192289590835571e+02 4.724658807581257133e+04
9.996192289590835571e+02 4.670506698865492945e+04
1.000619228959083557e+03 4.711836199084903637e+04
1.001619228959083557e+03 4.678665782596420468e+04
1.002619228959083557e+03 4.656870460370564251e+04
1.003619228959083557e+03 4.650813757172762416e+04
1.004619228959083557e+03 4.626815817674136633e+04
1.005619228959083557e+03 4.615291848646874860e+04
1.006619228959083557e+03 4.586736922440522176e+04
1.007619228959083557e+03 4.565674771342677559e+04
1.008619228959083557e+03 4.519300587516812084e+04
1.009619228959083557e+03 4.542191778491450532e+04
1.010619228959083557e+03 4.454496503035882779e+04
1.011619228959083557e+03 4.460105195135524264e+04
1.012619228959083557e+03 4.459204211655125255e+04
1.013619228959083557e+03 4.432638699431961868e+04
1.014619228959083557e+03 4.474257444162152387e+04
1.015619228959083557e+03 4.454768529931594094e+04
1.016619228959083557e+03 4.460020225075029884e+04
1.017619228959083557e+03 4.427314560932281893e+04
1.018619228959083557e+03 4.406538379400210397e+04
1.019619228959083557e+03 4.407579545545602741e+04
1.020619228959083557e+03 4.391861945103613834e+04
1.021619228959083557e+03 4.353646551250273478e+04
1.022619228959083557e+03 4.346362275383835367e+04
1.023619228959083557e+03 4.345683549622629653e+04
1.024619228959083557e+03 4.298503548206477717e+04
1.025619228959083557e+03 4.296225032911568996e+04
1.026619228959083557e+03 4.290138969805220404e+04
1.027619228959083557e+03 4.284355930183705641e+04
1.028619228959083557e+03 4.308192062001383601e+04
1.029619228959083557e+03 4.263036142066154571e+04
1.030619228959083557e+03 4.258349378989340039e+04
1.031619228959083557e+03 4.224783159435446578e+04
1.032619228959083557e+03 4.186203621250114520e+04
1.033619228959083557e+03 4.148510963067317061e+04
1.034619228959083557e+03 4.147811009837605525e+04
1.035619228959083557e+03 4.115663828772304987e+04
1.036619228959083557e+03 4.089880089180324285e+04
1.037619228959083557e+03 4.064844823917325266e+04
1.038619228959083557e+03 4.086248765199185436e+04
1.039619228959083557e+03 4.058118068144874997e+04
1.040619228959083557e+03 4.062294929150473035e+04
1.041619228959083557e+03 4.038490898800097057e+04
1.042619228959083557e+03 4.009527192729928356e+04
1.043619228959083557e+03 3.998532281188195338e+04
1.044619228959083557e+03 3.930926976487222419e+04
1.045619228959083557e+03 3.955334145943801559e+04
1.046619228959083557e+03 3.979597382727235527e+04
1.047619228959083557e+03 3.917642973882247315e+04
1.048619228959083557e+03 3.882390694110211189e+04
1.049619228959083557e+03 3.918205985758359748e+04
1.050619228959083557e+03 3.876216928328732320e+04
1.051619228959083557e+03 3.911159140749690414e+04
1.052619228959083557e+03 3.869362471129601909e+04
1.053619228959083557e+03 3.855587451494465495e+04
1.054619228959083557e+03 3.843640112509567552e+04
1.055619228959083557e+03 3.828160384354878624e+04
1.056619228959083557e+03 3.786200767237671243e+04
1.057619228959083557e+03 3.787150125730065338e+04
1.058619228959083557e+03 3.766909712101837067e+04
1.059619228959083557e+03 3.742852319182039355e+04
1.060619228959083557e+03 3.736068776919679658e+04
1.061619228959083557e+03 3.731893003183525434e+04
1.062619228959083557e+03 3.729393814023799496e+04
1.063619228959083557e+03 3.673626250243379764e+04
1.064619228959083557e+03 3.695007239611989644e+04
1.065619228959083557e+03 3.709085526831869356e+04
1.066619228959083557e+03 3.687915443511812191e+04
1.067619228959083557e+03 3.667352488654458284e+04
1.068619228959083557e+03 3.644379709241582896e+04
1.069619228959083557e+03 3.640389161218652589e+04
1.070619228959083557e+03 3.589470059934892197e+04
1.071619228959083557e+03 3.632843384566342866e+04
1.072619228959083557e+03 3.628601152952796838e+04
1.073619228959083557e+03 3.582753989496230497e+04
1.074619228959083557e+03 3.581457300963056332e+04
1.075619228959083557e+03 3.566019624421524350e+04
1.076619228959083557e+03 3.543871584161809005e+04
1.077619228959083557e+03 3.500131589882318804e+04
1.078619228959083557e+03 3.504496380333725392e+04
1.079619228959083557e+03 3.502571446739150269e+04
1.080619228959083557e+03 3.445764492220926331e+04
1.081619228959083557e+03 3.436237164956550259e+04
1.082619228959083557e+03 3.439824283282583929e+04
1.083619228959083557e+03 3.417745858640044753e+04
1.084619228959083557e+03 3.466990797899230529e+04
1.085619228959083557e+03 3.445840989312690363e+04
1.086619228959083557e+03 3.406445630565015745e+04
1.087619228959083557e+03 3.391850786290509859e+04
1.088619228959083557e+03 3.379136217997971107e+04
1.089619228959083557e+03 3.349712266579442075e+04
1.090619228959083557e+03 3.358869073566289444e+04
1.091619228959083557e+03 3.317946963238722674e+04
1.092619228959083557e+03 3.286114400124453823e+04
1.093619228959083557e+03 3.289264065511924855e+04
1.094619228959083557e+03 3.281941950991799968e+04
1.095619228959083557e+03 3.268976017836045139e+04
1.096619228959083557e+03 3.251797390087474923e+04
1.097619228959083557e+03 3.259445175998811828e+04
1.098619228959083557e+03 3.223535269735039037e+04
1.099619228959083557e+03 3.218852569058361405e+04
1.100619228959083557e+03 3.210932393641831732e+04
1.101619228959083557e+03 3.169094582845347759e+04
1.102619228959083557e+03 3.144160051186428609e+04
1.103619228959083557e+03 3.141248711068608827e+04
1.104619228959083557e+03 3.157626836176334109e+04
1.105619228959083557e+03 3.128282630521228202e+04
1.106619228959083557e+03 3.124590756905355374e+04
1.107619228959083557e+03 3.094290011748455072e+04
1.108619228959083557e+03 3.119256073382750765e+04
1.109619228959083557e+03 3.093960740908425578e+04
1.110619228959083557e+03 3.119026083659170399e+04
1.111619228959083557e+03 3.120686934133068644e+04
1.112619228959083557e+03 3.098542900838586502e+04
1.113619228959083557e+03 3.095652127628832386e+04
1.114619228959083557e+03 3.063084179437640341e+04
1.115619228959083557e+03 3.025732062057260191e+04
1.116619228959083557e+03 3.047470910464694680e+04
1.117619228959083557e+03 3.033143764505060244e+04
1.118619228959083557e+03 3.062675807369750328e+04
1.119619228959083557e+03 3.026313156519267068e+04
1.120619228959083557e+03 3.039109820362945538e+04
1.121619228959083557e+03 3.030582121824515707e+04
1.122619228959083557e+03 2.983467393003676261e+04
1.123619228959083557e+03 2.988890040910054086e+04
1.124619228959083557e+03 3.000664872159686638e+04
1.125619228959083557e+03 2.965657983324834640e+04
1.126619228959083557e+03 2.946142870093221791e+04
1.127619228959083557e+03 2.902344494941475568e+04
1.128619228959083557e+03 2.891097111049645173e+04
1.129619228959083557e+03 2.879792320542336529e+04
1.130619228959083557e+03 2.883668297664025158e+04
1.131619228959083557e+03 2.886004503829692112e+04
1.132619228959083557e+03 2.848872161430189954e+04
1.133619228959083557e+03 2.821670708663057303e+04
1.134619228959083557e+03 2.812514066956070747e+04
1.135619228959083557e+03 2.803868499186202826e+04
1.136619228959083557e+03 2.816218096002097445e+04
1.137619228959083557e+03 2.791067398780084477e+04
1.138619228959083557e+03 2.796198173350091020e+04
1.139619228959083557e+03 2.767741753662222254e+04
1.140619228959083557e+03 2.785374896933031050e+04
1.141619228959083557e+03 2.742985748851031167e+04
1.142619228959083557e+03 2.720134031906304517e+04
1.143619228959083557e+03 2.724099780869112510e+04
1.144619228959083557e+03 2.751888903982113698e+04
1.145619228959083557e+03 2.778277645852049318e+04
1.146619228959083557e+03 2.806376459265618178e+04
1.147619228959083557e+03 2.773958478605413256e+04
1.148619228959083557e+03 2.735470704470499550e+04
1.149619228959083557e+03 2.763152288436675735e+04
1.150619228959083557e+03 2.737804511189955156e+04
1.151619228959083557e+03 2.722385677391247737e+04
1.152619228959083557e+03 2.717691258241889591e+04
1.153619228959083557e+03 2.714469899127134340e+04
1.154619228959083557e+03 2.709675331002295934e+04
1.155619228959083557e+03 2.693987413388810091e+04
1.156619228959083557e+03 2.671890318643572755e+04
1.157619228959083557e+03 2.651971855839461932e+04
1.158619228959083557e+03 2.601056004811213643e+04
1.159619228959083557e+03 2.612609188964098576e+04
1.160619228959083557e+03 2.616412158318380534e+04
1.161619228959083557e+03 2.610418515350832604e+04
1.162619228959083557e+03 2.601307435357801660e+04
1.163619228959083557e+03 2.597279012159366175e+04
1.164619228959083557e+03 2.548744072704528662e+04
1.165619228959083557e+03 2.523177262745624103e+04
1.166619228959083557e+03 2.555804460227108211e+04
1.167619228959083557e+03 2.550309186075892649e+04
1.168619228959083557e+03 2.532514913013808473e+04
1.169619228959083557e+03 2.510287492208857293e+04
1.170619228959083557e+03 2.475342310433615785e+04
1.171619228959083557e+03 2.453607755389552040e+04
1.172619228959083557e+03 2.452972568946599495e+04
1.173619228959083557e+03 2.439448226036537017e+04
1.174619228959083557e+03 2.432480125702157966e+04
1.175619228959083557e+03 2.383702042892660756e+04
1.176619228959083557e+03 2.373745271123281054e+04
1.177619228959083557e+03 2.404159580595382795e+04
1.178619228959083557e+03 2.377599286892880627e+04
1.179619228959083557e+03 2.374436270544709259e+04
1.180619228959083557e+03 2.357195376356428460e+04
1.181619228959083557e+03 2.366422171538902694e+04
1.182619228959083557e+03 2.368532171622753958e+04
1.183619228959083557e+03 2.354475728549740961e+04
1.184619228959083557e+03 2.345983656299894938e+04
1.185619228959083557e+03 2.323121370667596057e+04
1.186619228959083557e+03 2.317119511967903236e+04
1.187619228959083557e+03 2.319102607024321333e+04
1.188619228959083557e+03 2.275492739891069141e+04
1.189619228959083557e+03 2.244281832538164963e+04
1.190619228959083557e+03 2.240343494131838816e+04
1.191619228959083557e+03 2.219831701031667762e+04
1.192619228959083557e+03 2.221133741036102947e+04
1.193619228959083557e+03 2.225889678580065811e+04
1.194619228959083557e+03 2.239045357303591300e+04
1.195619228959083557e+03 2.213326441517127751e+04
1.196619228959083557e+03 2.192269832139405116e+04
1.197619228959083557e+03 2.169879216569745404e+04
1.198619228959083557e+03 2.157446995288517428e+04
1.199619228959083557e+03 2.135191850230747878e+04
1.200619228959083557e+03 2.152645240377870505e+04
1.201619228959083557e+03 2.141605062184936833e+04
1.202619228959083557e+03 2.128896422631993482e+04
1.203619228959083557e+03 2.105569308722118876e+04
1.204619228959083557e+03 2.100231657149583771e+04
1.205619228959083557e+03 2.067221716972695867e+04
1.206619228959083557e+03 2.064685518167293048e+04
1.207619228959083557e+03 2.076835984146567716e+04
1.208619228959083557e+03 2.069946779325315219e+04
1.209619228959083557e+03 2.087372305933602911e+04
1.210619228959083557e+03 2.045266757132719795e+04
1.211619228959083557e+03 2.054762800105483984e+04
1.212619228959083557e+03 2.057453818439996394e+04
1.213619228959083557e+03 2.019220087652382063e+04
1.214619228959083557e+03 2.018485664254567382e+04
1.215619228959083557e+03 2.028052868593210587e+04
1.216619228959083557e+03 1.996917417832913270e+04
1.217619228959083557e+03 1.985228556149052747e+04
1.218619228959083557e+03 1.998225887913438783e+04
1.219619228959083557e+03 2.005624794588080840e+04
1.220619228959083557e+03 1.982678651133731182e+04
1.221619228959083557e+03 1.936811397136595042e+04
1.222619228959083557e+03 1.964486286709336491e+04
1.223619228959083557e+03 1.945044135499691038e+04
1.224619228959083557e+03 1.912010948626303070e+04
1.225619228959083557e+03 1.923868592447269839e+04
1.226619228959083557e+03 1.901524777258848917e+04
1.227619228959083557e+03 1.898199864161212099e+04
1.228619228959083557e+03 1.874292979518917855e+04
1.229619228959083557e+03 1.869414210155131514e+04
1.230619228959083557e+03 1.869584074344277178e+04
1.231619228959083557e+03 1.862879839304015331e+04
1.232619228959083557e+03 1.859199641862592762e+04
1.233619228959083557e+03 1.841565712441005962e+04
1.234619228959083557e+03 1.833069679996214836e+04
1.235619228959083557e+03 1.802497422137269677e+04
1.236619228959083557e+03 1.793708054924359021e+04
1.237619228959083557e+03 1.786388703764278762e+04
1.238619228959083557e+03 1.792162408334443899e+04
1.239619228959083557e+03 1.766992877313724603e+04
1.240619228959083557e+03 1.751624695271092060e+04
1.241619228959083557e+03 1.757906899083336612e+04
1.242619228959083557e+03 1.768267102133467415e+04
1.243619228959083557e+03 1.731155981426061771e+04
1.244619228959083557e+03 1.751304579761524292e+04
1.245619228959083557e+03 1.703946102460487236e+04
1.246619228959083557e+03 1.712055449344159570e+04
1.247619228959083557e+03 1.680301271462406294e+04
1.248619228959083557e+03 1.708735529859861708e+04
1.249619228959083557e+03 1.731319355352651837e+04
1.250619228959083557e+03 1.672223996884479857e+04
1.251619228959083557e+03 1.665094433590399422e+04
1.252619228959083557e+03 1.676914477640135010e+04
1.253619228959083557e+03 1.650833039481732339e+04
1.254619228959083557e+03 1.636914462919607831e+04
1.255619228959083557e+03 1.643671388416027912e+04
1.256619228959083557e+03 1.617388664354206048e+04
1.257619228959083557e+03 1.610705998894995173e+04
1.258619228959083557e+03 1.591817783051049264e+04
1.259619228959083557e+03 1.600914872019875838e+04
1.260619228959083557e+03 1.575462861316747694e+04
1.261619228959083557e+03 1.582862189203483831e+04
1.262619228959083557e+03 1.566966681200827770e+04
1.263619228959083557e+03 1.558552982630675979e+04
1.264619228959083557e+03 1.566609859772954769e+04
1.265619228959083557e+03 1.549630774569974710e+04
1.266619228959083557e+03 1.537766298373909012e+04
1.267619228959083557e+03 1.550265544272892294e+04
1.268619228959083557e+03 1.546245930099817269e+04
1.269619228959083557e+03 1.512382735614612466e+04
1.270619228959083557e+03 1.515808887845379468e+04
1.271619228959083557e+03 1.491547315599724061e+04
1.272619228959083557e+03 1.479366387442428277e+04
1.273619228959083557e+03 1.486114211738937774e+04
1.274619228959083557e+03 1.505004604730476785e+04
1.275619228959083557e+03 1.503788643857270290e+04
1.276619228959083557e+03 1.481091766659092355e+04
1.277619228959083557e+03 1.453029291336938695e+04
1.278619228959083557e+03 1.464402564726041783e+04
1.279619228959083557e+03 1.462674822305487396e+04
1.280619228959083557e+03 1.462371740497543215e+04
1.281619228959083557e+03 1.453673005904022284e+04
1.282619228959083557e+03 1.394763458802522109e+04
1.283619228959083557e+03 1.430713890402837569e+04
1.284619228959083557e+03 1.441149853772946699e+04
1.285619228959083557e+03 1.415008187874914438e+04
1.286619228959083557e+03 1.396023606697253126e+04
1.287619228959083557e+03 1.408696042693232084e+04
1.288619228959083557e+03 1.406955829282830382e+04
1.289619228959083557e+03 1.396427637047629833e+04
1.290619228959083557e+03 1.387563629858796776e+04
1.291619228959083557e+03 1.368442884813696946e+04
1.292619228959083557e+03 1.379123301106528197e+04
1.293619228959083557e+03 1.364647495320613598e+04
1.294619228959083557e+03 1.347379593620207561e+04
1.295619228959083557e+03 1.342442297296892139e+04
1.296619228959083557e+03 1.339473859322029239e+04
1.297619228959083557e+03 1.344966164118962843e+04
1.298619228959083557e+03 1.326870243848331484e+04
1.299619228959083557e+03 1.304356598104377736e+04
1.300619228959083557e+03 1.335415057796682231e+04
1.301619228959083557e+03 1.329701592798467755e+04
1.302619228959083557e+03 1.300760415100253522e+04
1.303619228959083557e+03 1.308222200700410031e+04
1.304619228959083557e+03 1.285889773424947998e+04
1.305619228959083557e+03 1.300640631454762661e+04
1.306619228959083557e+03 1.283012473878023775e+04
1.307619228959083557e+03 1.275519845136283402e+04
1.308619228959083557e+03 1.266318465692290738e+04
1.309619228959083557e+03 1.268030138699034433e+04
1.310619228959083557e+03 1.243220339112512011e+04
1.311619228959083557e+03 1.242382437384155492e+04
1.312619228959083557e+03 1.250749529548640930e+04
1.313619228959083557e+03 1.233979045792930629e+04
1.314619228959083557e+03 1.236026334839833362e+04
1.315619228959083557e+03 1.228039753067761012e+04
1.316619228959083557e+03 1.219783548038746085e+04
1.317619228959083557e+03 1.229804845942186876e+04
1.318619228959083557e+03 1.202959940037112392e+04
1.319619228959083557e+03 1.207300799287428708e+04
1.320619228959083557e+03 1.218244575624828940e+04
1.321619228959083557e+03 1.179270251208597620e+04
1.322619228959083557e+03 1.191455519499552975e+04
1.323619228959083557e+03 1.176613359625292287e+04
1.324619228959083557e+03 1.181486117236876817e+04
1.325619228959083557e+03 1.169649975170729522e+04
1.326619228959083557e+03 1.178598939003881424e+04
1.327619228959083557e+03 1.168826374529360510e+04
1.328619228959083557e+03 1.168668211204162071e+04
1.329619228959083557e+03 1.135421778463470218e+04
1.330619228959083557e+03 1.158310540830343234e+04
1.331619228959083557e+03 1.157155593847540877e+04
1.332619228959083557e+03 1.163151761106288541e+04
1.333619228959083557e+03 1.155655574934457400e+04
1.334619228959083557e+03 1.141162580695028191e+04
1.335619228959083557e+03 1.134943840436897153e+04
1.336619228959083557e+03 1.118492950357324298e+04
1.337619228959083557e+03 1.116954300863364188e+04
1.338619228959083557e+03 1.132867265829437019e+04
1.339619228959083557e+03 1.115002434663654276e+04
1.340619228959083557e+03 1.106456581800000095e+04
1.341619228959083557e+03 1.115074419261135881e+04
1.342619228959083557e+03 1.117609433063960751e+04
1.343619228959083557e+03 1.102801745966507224e+04
1.344619228959083557e+03 1.092674822584994945e+04
1.345619228959083557e+03 1.080411370583705502e+04
1.346619228959083557e+03 1.057139357104170631e+04
1.347619228959083557e+03 1.071444150220180745e+04
1.348619228959083557e+03 1.076655488754147700e+04
1.349619228959083557e+03 1.064412478629589350e+04
1.350619228959083557e+03 1.060739369961343618e+04
1.351619228959083557e+03 1.069760761405360790e+04
1.352619228959083557e+03 1.058656527948951771e+04
1.353619228959083557e+03 1.055689919512227243e+04
1.354619228959083557e+03 1.032980404739989353e+04
1.355619228959083557e+03 1.034811437850932089e+04
1.356619228959083557e+03 1.026758313605009607e+04
1.357619228959083557e+03 1.007133932589273900e+04
1.358619228959083557e+03 1.025737122658320186e+04
1.359619228959083557e+03 1.016568494714099688e+04
1.360619228959083557e+03 1.016144714351843140e+04
1.361619228959083557e+03 1.019679973838430669e+04
1.362619228959083557e+03 1.018357268633794592e+04
1.363619228959083557e+03 9.885262092495027900e+03
1.364619228959083557e+03 1.000635447872071745e+04
1.365619228959083557e+03 9.845770144531172264e+03
1.366619228959083557e+03 9.893195427132710392e+03
1.367619228959083557e+03 9.927563187870087859e+03
1.368619228959083557e+03 9.706539456141479604e+03
1.369619228959083557e+03 9.637531447428418687e+03
1.370619228959083557e+03 9.800426903722885982e+03
1.371619228959083557e+03 9.684809192131586315e+03
1.372619228959083557e+03 9.741958264505345142e+03
1.373619228959083557e+03 9.720806107342285031e+03
1.374619228959083557e+03 9.662545638763614988e+03
1.375619228959083557e+03 9.607319070258654392e+03
1.376619228959083557e+03 9.478461332058612243e+03
1.377619228959083557e+03 9.501353309463527694e+03
1.378619228959083557e+03 9.445891493863317010e+03
1.379619228959083557e+03 9.321798556083598669e+03
1.380619228959083557e+03 9.270882549744485004e+03
1.381619228959083557e+03 9.579197531795678515e+03
1.382619228959083557e+03 9.373349641443135624e+03
1.383619228959083557e+03 9.451821628183472058e+03
1.384619228959083557e+03 9.173245213265810889e+03
1.385619228959083557e+03 9.344955342759854830e+03
1.386619228959083557e+03 9.180322283619689188e+03
1.387619228959083557e+03 9.257121554301338620e+03
1.388619228959083557e+03 9.162717581062870522e+03
1.389619228959083557e+03 9.123379219457747240e+03
1.390619228959083557e+03 9.073428861180575041e+03
1.391619228959083557e+03 9.147713708073089947e+03
1.392619228959083557e+03 9.030453835769027137e+03
