#ttrig = 90918480.3784
# time 	 unbarycentered time 
18709.518144	19114.487793
18709.51851	19114.488159
18709.521196	19114.490845
18709.523271	19114.49292
18709.527421	19114.49707
18709.527665	19114.497314
18709.527665	19114.497314
18709.527787	19114.497437
18709.529984	19114.499634
18709.530717	19114.500366
18709.530961	19114.50061
18709.531083	19114.500732
18709.531937	19114.501587
18709.533768	19114.503418
18709.535965	19114.505615
18709.537064	19114.506714
18709.539505	19114.509155
18709.540482	19114.510132
18709.540848	19114.510498
18709.541214	19114.510864
18709.5439	19114.51355
18709.5439	19114.51355
18709.544144	19114.513794
18709.545608	19114.515259
18709.546341	19114.515991
18709.546463	19114.516113
18709.547683	19114.517334
18709.54805	19114.5177
18709.548416	19114.518066
18709.549392	19114.519043
18709.549759	19114.519409
18709.550003	19114.519653
18709.550125	19114.519775
18709.550735	19114.520386
18709.550735	19114.520386
18709.551345	19114.520996
18709.551345	19114.520996
18709.551712	19114.521362
18709.551834	19114.521484
18709.552688	19114.522339
18709.553054	19114.522705
18709.553054	19114.522705
18709.553176	19114.522827
18709.554275	19114.523926
18709.554397	19114.524048
18709.554641	19114.524292
18709.554885	19114.524536
18709.555007	19114.524658
18709.555251	19114.524902
18709.555251	19114.524902
18709.555373	19114.525024
18709.555495	19114.525146
18709.555862	19114.525513
18709.556594	19114.526245
18709.556838	19114.526489
18709.55696	19114.526611
18709.557082	19114.526733
18709.557082	19114.526733
18709.557204	19114.526855
18709.557204	19114.526855
18709.557326	19114.526978
18709.557326	19114.526978
18709.557326	19114.526978
18709.557448	19114.5271
18709.557693	19114.527344
18709.557815	19114.527466
18709.557937	19114.527588
18709.557937	19114.527588
18709.558059	19114.52771
18709.558059	19114.52771
18709.558547	19114.528198
18709.558669	19114.52832
18709.558791	19114.528442
18709.558913	19114.528564
18709.558913	19114.528564
18709.558913	19114.528564
18709.559035	19114.528687
18709.559035	19114.528687
18709.559157	19114.528809
18709.559157	19114.528809
18709.559157	19114.528809
18709.559279	19114.528931
18709.559524	19114.529175
18709.559646	19114.529297
18709.55989	19114.529541
18709.560012	19114.529663
18709.560256	19114.529907
18709.560256	19114.529907
18709.560622	19114.530273
18709.560866	19114.530518
18709.560988	19114.53064
18709.560988	19114.53064
18709.560988	19114.53064
18709.560988	19114.53064
18709.560988	19114.53064
18709.56111	19114.530762
18709.56111	19114.530762
18709.561232	19114.530884
18709.561354	19114.531006
18709.561477	19114.531128
18709.561599	19114.53125
18709.561721	19114.531372
18709.561843	19114.531494
18709.561965	19114.531616
18709.561965	19114.531616
18709.562087	19114.531738
18709.562087	19114.531738
18709.562209	19114.53186
18709.562331	19114.531982
18709.562819	19114.532471
18709.562941	19114.532593
18709.563063	19114.532715
18709.563063	19114.532715
18709.563185	19114.532837
18709.563308	19114.532959
18709.563308	19114.532959
18709.56343	19114.533081
18709.56343	19114.533081
18709.563918	19114.533569
18709.563918	19114.533569
18709.564162	19114.533813
18709.564162	19114.533813
18709.564284	19114.533936
18709.564406	19114.534058
18709.564528	19114.53418
18709.56465	19114.534302
18709.56465	19114.534302
18709.564894	19114.534546
18709.564894	19114.534546
18709.564894	19114.534546
18709.565016	19114.534668
18709.565016	19114.534668
18709.565383	19114.535034
18709.565505	19114.535156
18709.565749	19114.5354
18709.565749	19114.5354
18709.565871	19114.535522
18709.565871	19114.535522
18709.565871	19114.535522
18709.565993	19114.535645
18709.566115	19114.535767
18709.566359	19114.536011
18709.566359	19114.536011
18709.566481	19114.536133
18709.566603	19114.536255
18709.566725	19114.536377
18709.566725	19114.536377
18709.566847	19114.536499
18709.566847	19114.536499
18709.566969	19114.536621
18709.567091	19114.536743
18709.567091	19114.536743
18709.567091	19114.536743
18709.567091	19114.536743
18709.567336	19114.536987
18709.567458	19114.537109
18709.56758	19114.537231
18709.56758	19114.537231
18709.567702	19114.537354
18709.567702	19114.537354
18709.567702	19114.537354
18709.567702	19114.537354
18709.567824	19114.537476
18709.567824	19114.537476
18709.567946	19114.537598
18709.56819	19114.537842
18709.568312	19114.537964
18709.568312	19114.537964
18709.568434	19114.538086
18709.568434	19114.538086
18709.568434	19114.538086
18709.568556	19114.538208
18709.568556	19114.538208
18709.568556	19114.538208
18709.568922	19114.538574
18709.568922	19114.538574
18709.569167	19114.538818
18709.569167	19114.538818
18709.569289	19114.53894
18709.569411	19114.539063
18709.569411	19114.539063
18709.569533	19114.539185
18709.569533	19114.539185
18709.569533	19114.539185
18709.569533	19114.539185
18709.569777	19114.539429
18709.570021	19114.539673
18709.570143	19114.539795
18709.570143	19114.539795
18709.570143	19114.539795
18709.570265	19114.539917
18709.570387	19114.540039
18709.570387	19114.540039
18709.570387	19114.540039
18709.570387	19114.540039
18709.570387	19114.540039
18709.570509	19114.540161
18709.570631	19114.540283
18709.570753	19114.540405
18709.570753	19114.540405
18709.570875	19114.540527
18709.570875	19114.540527
18709.570997	19114.540649
18709.570997	19114.540649
18709.57112	19114.540771
18709.57112	19114.540771
18709.571242	19114.540894
18709.571242	19114.540894
18709.571364	19114.541016
18709.571364	19114.541016
18709.571486	19114.541138
18709.571486	19114.541138
18709.571608	19114.54126
18709.571608	19114.54126
18709.571608	19114.54126
18709.571608	19114.54126
18709.57173	19114.541382
18709.57173	19114.541382
18709.57173	19114.541382
18709.571852	19114.541504
18709.571852	19114.541504
18709.571974	19114.541626
18709.571974	19114.541626
18709.572096	19114.541748
18709.572096	19114.541748
18709.572218	19114.54187
18709.572218	19114.54187
18709.57234	19114.541992
18709.57234	19114.541992
18709.57234	19114.541992
18709.572462	19114.542114
18709.572462	19114.542114
18709.572462	19114.542114
18709.572462	19114.542114
18709.572584	19114.542236
18709.572584	19114.542236
18709.572584	19114.542236
18709.572584	19114.542236
18709.572584	19114.542236
18709.572584	19114.542236
18709.572584	19114.542236
18709.572706	19114.542358
18709.572706	19114.542358
18709.572828	19114.54248
18709.572828	19114.54248
18709.572828	19114.54248
18709.572828	19114.54248
18709.572828	19114.54248
18709.57295	19114.542603
18709.57295	19114.542603
18709.57295	19114.542603
18709.57295	19114.542603
18709.57295	19114.542603
18709.57295	19114.542603
18709.573073	19114.542725
18709.573073	19114.542725
18709.573073	19114.542725
18709.573073	19114.542725
18709.573073	19114.542725
18709.573195	19114.542847
18709.573195	19114.542847
18709.573195	19114.542847
18709.573195	19114.542847
18709.573195	19114.542847
18709.573195	19114.542847
18709.573195	19114.542847
18709.573317	19114.542969
18709.573317	19114.542969
18709.573317	19114.542969
18709.573317	19114.542969
18709.573439	19114.543091
18709.573439	19114.543091
18709.573439	19114.543091
18709.573439	19114.543091
18709.573439	19114.543091
18709.573561	19114.543213
18709.573561	19114.543213
18709.573561	19114.543213
18709.573561	19114.543213
18709.573561	19114.543213
18709.573683	19114.543335
18709.573683	19114.543335
18709.573683	19114.543335
18709.573683	19114.543335
18709.573683	19114.543335
18709.573683	19114.543335
18709.573805	19114.543457
18709.573805	19114.543457
18709.573805	19114.543457
18709.573927	19114.543579
18709.573927	19114.543579
18709.573927	19114.543579
18709.573927	19114.543579
18709.573927	19114.543579
18709.574049	19114.543701
18709.574049	19114.543701
18709.574049	19114.543701
18709.574049	19114.543701
18709.574049	19114.543701
18709.574049	19114.543701
18709.574049	19114.543701
18709.574171	19114.543823
18709.574171	19114.543823
18709.574171	19114.543823
18709.574293	19114.543945
18709.574293	19114.543945
18709.574293	19114.543945
18709.574293	19114.543945
18709.574293	19114.543945
18709.574415	19114.544067
18709.574415	19114.544067
18709.574537	19114.544189
18709.574537	19114.544189
18709.574537	19114.544189
18709.574659	19114.544312
18709.574659	19114.544312
18709.574659	19114.544312
18709.574659	19114.544312
18709.574659	19114.544312
18709.574781	19114.544434
18709.574781	19114.544434
18709.574903	19114.544556
18709.574903	19114.544556
18709.574903	19114.544556
18709.574903	19114.544556
18709.574903	19114.544556
18709.574903	19114.544556
18709.575026	19114.544678
18709.575026	19114.544678
18709.575026	19114.544678
18709.575148	19114.5448
18709.575148	19114.5448
18709.575148	19114.5448
18709.575148	19114.5448
18709.575148	19114.5448
18709.57527	19114.544922
18709.57527	19114.544922
18709.57527	19114.544922
18709.57527	19114.544922
18709.57527	19114.544922
18709.575392	19114.545044
18709.575392	19114.545044
18709.575514	19114.545166
18709.575514	19114.545166
18709.575514	19114.545166
18709.575514	19114.545166
18709.575514	19114.545166
18709.575636	19114.545288
18709.575636	19114.545288
18709.575636	19114.545288
18709.575758	19114.54541
18709.575758	19114.54541
18709.575758	19114.54541
18709.575758	19114.54541
18709.575758	19114.54541
18709.57588	19114.545532
18709.57588	19114.545532
18709.57588	19114.545532
18709.576002	19114.545654
18709.576002	19114.545654
18709.576002	19114.545654
18709.576002	19114.545654
18709.576002	19114.545654
18709.576124	19114.545776
18709.576124	19114.545776
18709.576124	19114.545776
18709.576124	19114.545776
18709.576246	19114.545898
18709.576246	19114.545898
18709.576246	19114.545898
18709.576246	19114.545898
18709.576246	19114.545898
18709.576368	19114.546021
18709.576368	19114.546021
18709.57649	19114.546143
18709.57649	19114.546143
18709.576734	19114.546387
18709.576734	19114.546387
18709.576856	19114.546509
18709.576979	19114.546631
18709.576979	19114.546631
18709.577101	19114.546753
18709.577101	19114.546753
18709.577101	19114.546753
18709.577101	19114.546753
18709.577345	19114.546997
18709.577467	19114.547119
18709.577589	19114.547241
18709.577589	19114.547241
18709.577711	19114.547363
18709.577711	19114.547363
18709.577833	19114.547485
18709.577833	19114.547485
18709.578077	19114.547729
18709.578077	19114.547729
18709.578199	19114.547852
18709.578199	19114.547852
18709.578321	19114.547974
18709.578321	19114.547974
18709.578321	19114.547974
18709.578443	19114.548096
18709.578443	19114.548096
18709.578443	19114.548096
18709.578565	19114.548218
18709.578932	19114.548584
18709.578932	19114.548584
18709.579054	19114.548706
18709.579054	19114.548706
18709.579176	19114.548828
18709.579298	19114.54895
18709.579298	19114.54895
18709.579298	19114.54895
18709.579298	19114.54895
18709.57942	19114.549072
18709.579542	19114.549194
18709.579786	19114.549438
18709.579786	19114.549438
18709.579908	19114.549561
18709.579908	19114.549561
18709.579908	19114.549561
18709.58003	19114.549683
18709.58003	19114.549683
18709.58003	19114.549683
18709.58003	19114.549683
18709.580152	19114.549805
18709.580152	19114.549805
18709.580274	19114.549927
18709.580274	19114.549927
18709.58064	19114.550293
18709.58064	19114.550293
18709.580762	19114.550415
18709.580762	19114.550415
18709.580762	19114.550415
18709.580885	19114.550537
18709.580885	19114.550537
18709.581007	19114.550659
18709.581007	19114.550659
18709.581007	19114.550659
18709.581129	19114.550781
18709.581251	19114.550903
18709.581251	19114.550903
18709.581373	19114.551025
18709.581373	19114.551025
18709.581495	19114.551147
18709.581495	19114.551147
18709.581617	19114.55127
18709.581617	19114.55127
18709.581617	19114.55127
18709.581983	19114.551636
18709.581983	19114.551636
18709.581983	19114.551636
18709.581983	19114.551636
18709.581983	19114.551636
18709.582105	19114.551758
18709.582105	19114.551758
18709.582227	19114.55188
18709.582349	19114.552002
18709.582349	19114.552002
18709.582349	19114.552002
18709.582349	19114.552002
18709.582471	19114.552124
18709.582471	19114.552124
18709.582715	19114.552368
18709.582715	19114.552368
18709.582715	19114.552368
18709.582838	19114.55249
18709.58296	19114.552612
18709.58296	19114.552612
18709.58296	19114.552612
18709.58296	19114.552612
18709.58296	19114.552612
18709.58296	19114.552612
18709.583082	19114.552734
18709.583082	19114.552734
18709.583204	19114.552856
18709.583326	19114.552979
18709.583326	19114.552979
18709.583326	19114.552979
18709.583326	19114.552979
18709.583448	19114.553101
18709.583448	19114.553101
18709.583448	19114.553101
18709.583448	19114.553101
18709.58357	19114.553223
18709.58357	19114.553223
18709.58357	19114.553223
18709.583692	19114.553345
18709.583814	19114.553467
18709.583814	19114.553467
18709.583814	19114.553467
18709.583814	19114.553467
18709.583814	19114.553467
18709.583936	19114.553589
18709.584058	19114.553711
18709.584058	19114.553711
18709.584058	19114.553711
18709.58418	19114.553833
18709.58418	19114.553833
18709.58418	19114.553833
18709.58418	19114.553833
18709.584302	19114.553955
18709.584302	19114.553955
18709.584302	19114.553955
18709.584424	19114.554077
18709.584424	19114.554077
18709.584424	19114.554077
18709.584546	19114.554199
18709.584546	19114.554199
18709.584668	19114.554321
18709.584668	19114.554321
18709.584668	19114.554321
18709.584668	19114.554321
18709.584668	19114.554321
18709.584668	19114.554321
18709.584668	19114.554321
18709.584791	19114.554443
18709.584791	19114.554443
18709.584791	19114.554443
18709.584913	19114.554565
18709.584913	19114.554565
18709.584913	19114.554565
18709.584913	19114.554565
18709.585035	19114.554688
18709.585035	19114.554688
18709.585157	19114.55481
18709.585279	19114.554932
18709.585279	19114.554932
18709.585279	19114.554932
18709.585401	19114.555054
18709.585401	19114.555054
18709.585401	19114.555054
18709.585401	19114.555054
18709.585401	19114.555054
18709.585401	19114.555054
18709.585523	19114.555176
18709.585523	19114.555176
18709.585523	19114.555176
18709.585645	19114.555298
18709.585645	19114.555298
18709.585645	19114.555298
18709.585767	19114.55542
18709.585767	19114.55542
18709.585767	19114.55542
18709.585767	19114.55542
18709.585767	19114.55542
18709.585889	19114.555542
18709.585889	19114.555542
18709.585889	19114.555542
18709.586011	19114.555664
18709.586011	19114.555664
18709.586011	19114.555664
18709.586133	19114.555786
18709.586133	19114.555786
18709.586133	19114.555786
18709.586133	19114.555786
18709.586133	19114.555786
18709.586133	19114.555786
18709.586133	19114.555786
18709.586255	19114.555908
18709.586255	19114.555908
18709.586255	19114.555908
18709.586255	19114.555908
18709.586255	19114.555908
18709.586255	19114.555908
18709.586255	19114.555908
18709.586255	19114.555908
18709.586377	19114.55603
18709.586377	19114.55603
18709.586377	19114.55603
18709.586377	19114.55603
18709.586499	19114.556152
18709.586499	19114.556152
18709.586622	19114.556274
18709.586622	19114.556274
18709.586622	19114.556274
18709.586622	19114.556274
18709.586622	19114.556274
18709.586744	19114.556396
18709.586744	19114.556396
18709.586744	19114.556396
18709.586744	19114.556396
18709.586744	19114.556396
18709.586744	19114.556396
18709.586744	19114.556396
18709.586744	19114.556396
18709.586744	19114.556396
18709.586866	19114.556519
18709.586866	19114.556519
18709.586866	19114.556519
18709.586866	19114.556519
18709.586866	19114.556519
18709.586866	19114.556519
18709.586866	19114.556519
18709.586988	19114.556641
18709.586988	19114.556641
18709.586988	19114.556641
18709.586988	19114.556641
18709.58711	19114.556763
18709.58711	19114.556763
18709.58711	19114.556763
18709.587232	19114.556885
18709.587232	19114.556885
18709.587232	19114.556885
18709.587232	19114.556885
18709.587232	19114.556885
18709.587232	19114.556885
18709.587354	19114.557007
18709.587354	19114.557007
18709.587354	19114.557007
18709.587354	19114.557007
18709.587354	19114.557007
18709.587354	19114.557007
18709.587476	19114.557129
18709.587476	19114.557129
18709.587476	19114.557129
18709.587476	19114.557129
18709.587476	19114.557129
18709.587476	19114.557129
18709.587476	19114.557129
18709.587476	19114.557129
18709.587598	19114.557251
18709.587598	19114.557251
18709.587598	19114.557251
18709.587598	19114.557251
18709.587598	19114.557251
18709.58772	19114.557373
18709.58772	19114.557373
18709.587842	19114.557495
18709.587842	19114.557495
18709.587842	19114.557495
18709.587842	19114.557495
18709.587842	19114.557495
18709.587964	19114.557617
18709.587964	19114.557617
18709.587964	19114.557617
18709.587964	19114.557617
18709.587964	19114.557617
18709.587964	19114.557617
18709.587964	19114.557617
18709.587964	19114.557617
18709.587964	19114.557617
18709.588086	19114.557739
18709.588086	19114.557739
18709.588086	19114.557739
18709.588086	19114.557739
18709.588086	19114.557739
18709.588208	19114.557861
18709.588208	19114.557861
18709.588208	19114.557861
18709.588208	19114.557861
18709.588208	19114.557861
18709.58833	19114.557983
18709.58833	19114.557983
18709.58833	19114.557983
18709.58833	19114.557983
18709.588452	19114.558105
18709.588452	19114.558105
18709.588452	19114.558105
18709.588452	19114.558105
18709.588452	19114.558105
18709.588452	19114.558105
18709.588452	19114.558105
18709.588452	19114.558105
18709.588452	19114.558105
18709.588575	19114.558228
18709.588575	19114.558228
18709.588575	19114.558228
18709.588575	19114.558228
18709.588575	19114.558228
18709.588575	19114.558228
18709.588697	19114.55835
18709.588697	19114.55835
18709.588697	19114.55835
18709.588697	19114.55835
18709.588697	19114.55835
18709.588697	19114.55835
18709.588697	19114.55835
18709.588697	19114.55835
18709.588697	19114.55835
18709.588697	19114.55835
18709.588819	19114.558472
18709.588819	19114.558472
18709.588819	19114.558472
18709.588819	19114.558472
18709.588819	19114.558472
18709.588819	19114.558472
18709.588941	19114.558594
18709.588941	19114.558594
18709.588941	19114.558594
18709.588941	19114.558594
18709.589063	19114.558716
18709.589063	19114.558716
18709.589063	19114.558716
18709.589063	19114.558716
18709.589063	19114.558716
18709.589063	19114.558716
18709.589063	19114.558716
18709.589063	19114.558716
18709.589063	19114.558716
18709.589185	19114.558838
18709.589185	19114.558838
18709.589185	19114.558838
18709.589185	19114.558838
18709.589185	19114.558838
18709.589185	19114.558838
18709.589185	19114.558838
18709.589307	19114.55896
18709.589307	19114.55896
18709.589307	19114.55896
18709.589307	19114.55896
18709.589307	19114.55896
18709.589307	19114.55896
18709.589307	19114.55896
18709.589307	19114.55896
18709.589429	19114.559082
18709.589429	19114.559082
18709.589429	19114.559082
18709.589429	19114.559082
18709.589429	19114.559082
18709.589429	19114.559082
18709.589429	19114.559082
18709.589429	19114.559082
18709.589551	19114.559204
18709.589551	19114.559204
18709.589551	19114.559204
18709.589551	19114.559204
18709.589551	19114.559204
18709.589551	19114.559204
18709.589551	19114.559204
18709.589551	19114.559204
18709.589551	19114.559204
18709.589673	19114.559326
18709.589673	19114.559326
18709.589673	19114.559326
18709.589673	19114.559326
18709.589673	19114.559326
18709.589673	19114.559326
18709.589673	19114.559326
18709.589795	19114.559448
18709.589795	19114.559448
18709.589795	19114.559448
18709.589795	19114.559448
18709.589795	19114.559448
18709.589795	19114.559448
18709.589917	19114.55957
18709.589917	19114.55957
18709.589917	19114.55957
18709.589917	19114.55957
18709.589917	19114.55957
18709.590039	19114.559692
18709.590039	19114.559692
18709.590039	19114.559692
18709.590039	19114.559692
18709.590161	19114.559814
18709.590161	19114.559814
18709.590161	19114.559814
18709.590161	19114.559814
18709.590283	19114.559937
18709.590283	19114.559937
18709.590283	19114.559937
18709.590283	19114.559937
18709.590283	19114.559937
18709.590283	19114.559937
18709.590405	19114.560059
18709.590405	19114.560059
18709.590405	19114.560059
18709.590405	19114.560059
18709.590405	19114.560059
18709.590405	19114.560059
18709.590528	19114.560181
18709.590528	19114.560181
18709.590528	19114.560181
18709.590528	19114.560181
18709.590528	19114.560181
18709.590528	19114.560181
18709.590528	19114.560181
18709.590528	19114.560181
18709.590528	19114.560181
18709.590528	19114.560181
18709.59065	19114.560303
18709.59065	19114.560303
18709.59065	19114.560303
18709.590772	19114.560425
18709.590772	19114.560425
18709.590772	19114.560425
18709.590772	19114.560425
18709.590772	19114.560425
18709.590772	19114.560425
18709.590772	19114.560425
18709.590772	19114.560425
18709.590894	19114.560547
18709.590894	19114.560547
18709.590894	19114.560547
18709.590894	19114.560547
18709.590894	19114.560547
18709.590894	19114.560547
18709.590894	19114.560547
18709.590894	19114.560547
18709.590894	19114.560547
18709.590894	19114.560547
18709.591016	19114.560669
18709.591016	19114.560669
18709.591016	19114.560669
18709.591016	19114.560669
18709.591016	19114.560669
18709.591016	19114.560669
18709.591016	19114.560669
18709.591138	19114.560791
18709.591138	19114.560791
18709.591138	19114.560791
18709.59126	19114.560913
18709.59126	19114.560913
18709.59126	19114.560913
18709.591382	19114.561035
18709.591382	19114.561035
18709.591382	19114.561035
18709.591382	19114.561035
18709.591382	19114.561035
18709.591382	19114.561035
18709.591382	19114.561035
18709.591504	19114.561157
18709.591504	19114.561157
18709.591504	19114.561157
18709.591626	19114.561279
18709.591626	19114.561279
18709.591626	19114.561279
18709.591626	19114.561279
18709.591626	19114.561279
18709.591748	19114.561401
18709.591748	19114.561401
18709.591748	19114.561401
18709.591748	19114.561401
18709.591748	19114.561401
18709.591748	19114.561401
18709.59187	19114.561523
18709.59187	19114.561523
18709.59187	19114.561523
18709.59187	19114.561523
18709.59187	19114.561523
18709.59187	19114.561523
18709.591992	19114.561646
18709.591992	19114.561646
18709.591992	19114.561646
18709.591992	19114.561646
18709.591992	19114.561646
18709.591992	19114.561646
18709.591992	19114.561646
18709.591992	19114.561646
18709.591992	19114.561646
18709.591992	19114.561646
18709.591992	19114.561646
18709.592114	19114.561768
18709.592114	19114.561768
18709.592114	19114.561768
18709.592114	19114.561768
18709.592114	19114.561768
18709.592114	19114.561768
18709.592114	19114.561768
18709.592114	19114.561768
18709.592236	19114.56189
18709.592236	19114.56189
18709.592236	19114.56189
18709.592236	19114.56189
18709.592236	19114.56189
18709.592236	19114.56189
18709.592358	19114.562012
18709.592358	19114.562012
18709.592358	19114.562012
18709.592358	19114.562012
18709.592358	19114.562012
18709.592481	19114.562134
18709.592481	19114.562134
18709.592481	19114.562134
18709.592481	19114.562134
18709.592481	19114.562134
18709.592481	19114.562134
18709.592481	19114.562134
18709.592481	19114.562134
18709.592603	19114.562256
18709.592603	19114.562256
18709.592603	19114.562256
18709.592603	19114.562256
18709.592603	19114.562256
18709.592603	19114.562256
18709.592603	19114.562256
18709.592603	19114.562256
18709.592603	19114.562256
18709.592603	19114.562256
18709.592603	19114.562256
18709.592725	19114.562378
18709.592725	19114.562378
18709.592725	19114.562378
18709.592725	19114.562378
18709.592725	19114.562378
18709.592847	19114.5625
18709.592847	19114.5625
18709.592847	19114.5625
18709.592847	19114.5625
18709.592847	19114.5625
18709.592847	19114.5625
18709.592969	19114.562622
18709.592969	19114.562622
18709.592969	19114.562622
18709.592969	19114.562622
18709.592969	19114.562622
18709.592969	19114.562622
18709.592969	19114.562622
18709.593091	19114.562744
18709.593091	19114.562744
18709.593091	19114.562744
18709.593091	19114.562744
18709.593091	19114.562744
18709.593091	19114.562744
18709.593091	19114.562744
18709.593091	19114.562744
18709.593091	19114.562744
18709.593213	19114.562866
18709.593213	19114.562866
18709.593213	19114.562866
18709.593213	19114.562866
18709.593213	19114.562866
18709.593213	19114.562866
18709.593213	19114.562866
18709.593335	19114.562988
18709.593335	19114.562988
18709.593457	19114.56311
18709.593457	19114.56311
18709.593457	19114.56311
18709.593579	19114.563232
18709.593579	19114.563232
18709.593579	19114.563232
18709.593579	19114.563232
18709.593579	19114.563232
18709.593701	19114.563354
18709.593701	19114.563354
18709.593701	19114.563354
18709.593701	19114.563354
18709.593701	19114.563354
18709.593701	19114.563354
18709.593701	19114.563354
18709.593701	19114.563354
18709.593823	19114.563477
18709.593823	19114.563477
18709.593823	19114.563477
18709.593945	19114.563599
18709.593945	19114.563599
18709.593945	19114.563599
18709.593945	19114.563599
18709.593945	19114.563599
18709.593945	19114.563599
18709.593945	19114.563599
18709.594067	19114.563721
18709.594067	19114.563721
18709.594067	19114.563721
18709.594067	19114.563721
18709.594067	19114.563721
18709.594067	19114.563721
18709.594067	19114.563721
18709.594067	19114.563721
18709.594189	19114.563843
18709.594189	19114.563843
18709.594189	19114.563843
18709.594311	19114.563965
18709.594311	19114.563965
18709.594311	19114.563965
18709.594311	19114.563965
18709.594311	19114.563965
18709.594434	19114.564087
18709.594434	19114.564087
18709.594434	19114.564087
18709.594434	19114.564087
18709.594434	19114.564087
18709.594556	19114.564209
18709.594556	19114.564209
18709.594556	19114.564209
18709.594678	19114.564331
18709.594678	19114.564331
18709.594678	19114.564331
18709.594678	19114.564331
18709.594678	19114.564331
18709.594678	19114.564331
18709.594678	19114.564331
18709.5948	19114.564453
18709.5948	19114.564453
18709.5948	19114.564453
18709.5948	19114.564453
18709.5948	19114.564453
18709.5948	19114.564453
18709.594922	19114.564575
18709.594922	19114.564575
18709.594922	19114.564575
18709.594922	19114.564575
18709.594922	19114.564575
18709.594922	19114.564575
18709.594922	19114.564575
18709.595044	19114.564697
18709.595044	19114.564697
18709.595044	19114.564697
18709.595044	19114.564697
18709.595044	19114.564697
18709.595166	19114.564819
18709.595166	19114.564819
18709.595166	19114.564819
18709.595166	19114.564819
18709.595166	19114.564819
18709.595166	19114.564819
18709.595166	19114.564819
18709.595166	19114.564819
18709.595288	19114.564941
18709.595288	19114.564941
18709.595288	19114.564941
18709.595288	19114.564941
18709.595288	19114.564941
18709.595288	19114.564941
18709.595288	19114.564941
18709.595288	19114.564941
18709.595288	19114.564941
18709.59541	19114.565063
18709.59541	19114.565063
18709.59541	19114.565063
18709.595532	19114.565186
18709.595532	19114.565186
18709.595532	19114.565186
18709.595654	19114.565308
18709.595776	19114.56543
18709.595776	19114.56543
18709.595776	19114.56543
18709.595898	19114.565552
18709.595898	19114.565552
18709.595898	19114.565552
18709.595898	19114.565552
18709.595898	19114.565552
18709.595898	19114.565552
18709.595898	19114.565552
18709.595898	19114.565552
18709.595898	19114.565552
18709.59602	19114.565674
18709.59602	19114.565674
18709.59602	19114.565674
18709.59602	19114.565674
18709.59602	19114.565674
18709.596142	19114.565796
18709.596142	19114.565796
18709.596142	19114.565796
18709.596142	19114.565796
18709.596142	19114.565796
18709.596142	19114.565796
18709.596142	19114.565796
18709.596142	19114.565796
18709.596264	19114.565918
18709.596387	19114.56604
18709.596387	19114.56604
18709.596387	19114.56604
18709.596387	19114.56604
18709.596509	19114.566162
18709.596509	19114.566162
18709.596509	19114.566162
18709.596509	19114.566162
18709.596631	19114.566284
18709.596631	19114.566284
18709.596631	19114.566284
18709.596631	19114.566284
18709.596753	19114.566406
18709.596753	19114.566406
18709.596753	19114.566406
18709.596753	19114.566406
18709.596875	19114.566528
18709.596875	19114.566528
18709.596875	19114.566528
18709.596875	19114.566528
18709.596997	19114.56665
18709.596997	19114.56665
18709.596997	19114.56665
18709.597119	19114.566772
18709.597119	19114.566772
18709.597119	19114.566772
18709.597241	19114.566895
18709.597241	19114.566895
18709.597241	19114.566895
18709.597485	19114.567139
18709.597485	19114.567139
18709.597485	19114.567139
18709.597485	19114.567139
18709.597485	19114.567139
18709.597485	19114.567139
18709.597485	19114.567139
18709.597607	19114.567261
18709.597729	19114.567383
18709.597851	19114.567505
18709.597851	19114.567505
18709.597851	19114.567505
18709.597973	19114.567627
18709.597973	19114.567627
18709.597973	19114.567627
18709.597973	19114.567627
18709.598095	19114.567749
18709.598095	19114.567749
18709.59834	19114.567993
18709.59834	19114.567993
18709.59834	19114.567993
18709.598462	19114.568115
18709.598462	19114.568115
18709.598462	19114.568115
18709.598584	19114.568237
18709.598584	19114.568237
18709.598706	19114.568359
18709.598706	19114.568359
18709.598706	19114.568359
18709.598828	19114.568481
18709.598828	19114.568481
18709.598828	19114.568481
18709.598828	19114.568481
18709.59895	19114.568604
18709.59895	19114.568604
18709.599072	19114.568726
18709.599072	19114.568726
18709.599072	19114.568726
18709.599072	19114.568726
18709.599438	19114.569092
18709.59956	19114.569214
18709.599682	19114.569336
18709.599682	19114.569336
18709.599804	19114.569458
18709.599926	19114.56958
18709.599926	19114.56958
18709.599926	19114.56958
18709.599926	19114.56958
18709.600048	19114.569702
18709.60017	19114.569824
18709.600293	19114.569946
18709.600293	19114.569946
18709.600415	19114.570068
18709.600415	19114.570068
18709.600537	19114.57019
18709.600537	19114.57019
18709.600537	19114.57019
18709.600537	19114.57019
18709.600537	19114.57019
18709.600659	19114.570313
18709.600659	19114.570313
18709.600659	19114.570313
18709.600659	19114.570313
18709.600659	19114.570313
18709.600659	19114.570313
18709.600781	19114.570435
18709.600903	19114.570557
18709.601025	19114.570679
18709.601147	19114.570801
18709.601147	19114.570801
18709.601147	19114.570801
18709.601269	19114.570923
18709.601269	19114.570923
18709.601269	19114.570923
18709.601391	19114.571045
18709.601513	19114.571167
18709.601513	19114.571167
18709.601513	19114.571167
18709.601513	19114.571167
18709.601635	19114.571289
18709.601635	19114.571289
18709.601635	19114.571289
18709.601635	19114.571289
18709.601757	19114.571411
18709.601879	19114.571533
18709.601879	19114.571533
18709.602001	19114.571655
18709.602001	19114.571655
18709.602001	19114.571655
18709.602123	19114.571777
18709.602246	19114.571899
18709.602246	19114.571899
18709.602368	19114.572021
18709.602368	19114.572021
18709.60249	19114.572144
18709.60249	19114.572144
18709.602612	19114.572266
18709.602612	19114.572266
18709.602856	19114.57251
18709.602856	19114.57251
18709.602978	19114.572632
18709.6031	19114.572754
18709.6031	19114.572754
18709.6031	19114.572754
18709.6031	19114.572754
18709.603222	19114.572876
18709.603344	19114.572998
18709.603344	19114.572998
18709.603344	19114.572998
18709.603344	19114.572998
18709.603466	19114.57312
18709.603588	19114.573242
18709.603588	19114.573242
18709.603588	19114.573242
18709.60371	19114.573364
18709.60371	19114.573364
18709.603832	19114.573486
18709.603832	19114.573486
18709.603832	19114.573486
18709.603954	19114.573608
18709.604076	19114.57373
18709.604076	19114.57373
18709.604321	19114.573975
18709.604321	19114.573975
18709.604321	19114.573975
18709.604443	19114.574097
18709.604565	19114.574219
18709.604565	19114.574219
18709.604565	19114.574219
18709.604687	19114.574341
18709.604809	19114.574463
18709.605053	19114.574707
18709.605053	19114.574707
18709.605175	19114.574829
18709.605297	19114.574951
18709.605297	19114.574951
18709.605297	19114.574951
18709.605419	19114.575073
18709.605541	19114.575195
18709.605663	19114.575317
18709.605663	19114.575317
18709.605663	19114.575317
18709.605785	19114.575439
18709.605907	19114.575562
18709.605907	19114.575562
18709.605907	19114.575562
18709.605907	19114.575562
18709.606029	19114.575684
18709.606029	19114.575684
18709.606152	19114.575806
18709.606274	19114.575928
18709.606274	19114.575928
18709.606274	19114.575928
18709.606274	19114.575928
18709.606396	19114.57605
18709.606518	19114.576172
18709.606518	19114.576172
18709.60664	19114.576294
18709.606762	19114.576416
18709.606762	19114.576416
18709.606884	19114.576538
18709.607128	19114.576782
18709.607372	19114.577026
18709.607372	19114.577026
18709.607616	19114.577271
18709.607616	19114.577271
18709.607738	19114.577393
18709.60786	19114.577515
18709.607982	19114.577637
18709.608227	19114.577881
18709.608349	19114.578003
18709.608349	19114.578003
18709.608471	19114.578125
18709.608593	19114.578247
18709.608593	19114.578247
18709.608715	19114.578369
18709.608715	19114.578369
18709.608715	19114.578369
18709.608837	19114.578491
18709.608837	19114.578491
18709.608837	19114.578491
18709.608837	19114.578491
18709.608837	19114.578491
18709.608959	19114.578613
18709.608959	19114.578613
18709.609081	19114.578735
18709.609325	19114.578979
18709.609447	19114.579102
18709.609569	19114.579224
18709.609691	19114.579346
18709.609813	19114.579468
18709.609813	19114.579468
18709.609935	19114.57959
18709.61018	19114.579834
18709.610302	19114.579956
18709.610546	19114.5802
18709.610546	19114.5802
18709.610546	19114.5802
18709.610668	19114.580322
18709.610668	19114.580322
18709.610668	19114.580322
18709.610668	19114.580322
18709.610912	19114.580566
18709.610912	19114.580566
18709.611156	19114.580811
18709.611156	19114.580811
18709.611278	19114.580933
18709.611644	19114.581299
18709.611766	19114.581421
18709.612011	19114.581665
18709.612011	19114.581665
18709.612011	19114.581665
18709.612255	19114.581909
18709.612255	19114.581909
18709.612255	19114.581909
18709.612499	19114.582153
18709.612499	19114.582153
18709.612621	19114.582275
18709.612743	19114.582397
18709.612865	19114.58252
18709.613109	19114.582764
18709.613231	19114.582886
18709.613231	19114.582886
18709.613353	19114.583008
18709.613597	19114.583252
18709.613842	19114.583496
18709.613842	19114.583496
18709.614086	19114.58374
18709.61433	19114.583984
18709.614452	19114.584106
18709.614818	19114.584473
18709.615306	19114.584961
18709.61555	19114.585205
18709.615672	19114.585327
18709.615795	19114.585449
18709.616039	19114.585693
18709.616283	19114.585938
18709.616283	19114.585938
18709.616893	19114.586548
18709.617259	19114.586914
18709.61787	19114.587524
18709.618114	19114.587769
18709.618236	19114.587891
18709.618358	19114.588013
18709.618968	19114.588623
18709.618968	19114.588623
18709.619456	19114.589111
18709.619578	19114.589233
18709.620677	19114.590332
18709.620677	19114.590332
18709.620921	19114.590576
18709.621531	19114.591187
18709.621654	19114.591309
18709.621898	19114.591553
18709.622508	19114.592163
18709.62263	19114.592285
18709.623973	19114.593628
18709.624827	19114.594482
18709.625315	19114.594971
18709.625437	19114.595093
18709.626048	19114.595703
18709.626414	19114.596069
18709.626536	19114.596191
18709.62739	19114.597046
18709.627513	19114.597168
18709.627757	19114.597412
18709.627757	19114.597412
18709.628001	19114.597656
18709.628611	19114.598267
18709.631174	19114.60083
18709.631174	19114.60083
18709.631174	19114.60083
18709.631296	19114.600952
18709.631419	19114.601074
18709.632029	19114.601685
18709.632395	19114.602051
18709.632761	19114.602417
18709.633127	19114.602783
18709.635203	19114.604858
18709.635935	19114.605591
18709.636301	19114.605957
18709.636423	19114.606079
18709.636545	19114.606201
18709.636545	19114.606201
18709.636789	19114.606445
18709.637156	19114.606812
18709.637278	19114.606934
18709.637522	19114.607178
18709.63801	19114.607666
18709.638132	19114.607788
18709.638132	19114.607788
18709.638254	19114.60791
18709.638254	19114.60791
18709.638498	19114.608154
18709.638864	19114.608521
18709.638864	19114.608521
18709.638864	19114.608521
18709.638986	19114.608643
18709.639231	19114.608887
18709.639231	19114.608887
18709.639353	19114.609009
18709.639841	19114.609497
18709.639841	19114.609497
18709.639963	19114.609619
18709.640451	19114.610107
18709.640695	19114.610352
18709.640939	19114.610596
18709.641062	19114.610718
18709.641062	19114.610718
18709.64155	19114.611206
18709.641672	19114.611328
18709.642038	19114.611694
18709.643869	19114.613525
18709.643991	19114.613647
18709.644235	19114.613892
18709.644235	19114.613892
18709.644235	19114.613892
18709.644968	19114.614624
18709.645334	19114.61499
18709.645944	19114.615601
18709.646554	19114.616211
18709.646554	19114.616211
18709.646798	19114.616455
18709.646921	19114.616577
18709.647043	19114.616699
18709.647287	19114.616943
18709.647531	19114.617188
18709.647653	19114.61731
18709.647775	19114.617432
18709.648629	19114.618286
18709.648751	19114.618408
18709.649606	19114.619263
18709.650216	19114.619873
18709.650582	19114.620239
18709.653634	19114.623291
18709.653756	19114.623413
18709.654244	19114.623901
18709.655221	19114.624878
18709.655831	19114.625488
18709.656075	19114.625732
18709.656686	19114.626343
18709.656808	19114.626465
18709.657784	19114.627441
18709.658272	19114.62793
18709.658272	19114.62793
18709.659249	19114.628906
18709.660225	19114.629883
18709.66047	19114.630127
18709.660836	19114.630493
18709.660836	19114.630493
18709.66108	19114.630737
18709.661446	19114.631104
18709.661568	19114.631226
18709.66169	19114.631348
18709.6623	19114.631958
18709.663155	19114.632813
18709.66462	19114.634277
18709.66462	19114.634277
18709.666817	19114.636475
18709.667183	19114.636841
18709.667915	19114.637573
18709.668159	19114.637817
18709.668526	19114.638184
18709.668526	19114.638184
18709.669014	19114.638672
18709.669014	19114.638672
18709.669136	19114.638794
18709.669136	19114.638794
18709.669136	19114.638794
18709.66938	19114.639038
18709.670723	19114.640381
18709.670723	19114.640381
18709.671211	19114.640869
18709.671943	19114.641602
18709.672188	19114.641846
18709.672676	19114.642334
18709.674507	19114.644165
18709.674751	19114.644409
18709.675971	19114.64563
18709.676338	19114.645996
18709.676826	19114.646484
18709.67707	19114.646729
18709.677924	19114.647583
18709.678535	19114.648193
18709.680366	19114.650024
18709.680488	19114.650146
18709.680976	19114.650635
18709.682441	19114.6521
18709.682685	19114.652344
18709.682929	19114.652588
18709.683295	19114.652954
18709.68476	19114.654419
18709.685126	19114.654785
18709.685981	19114.65564
18709.687201	19114.65686
18709.687323	19114.656982
18709.687934	19114.657593
18709.689276	19114.658936
18709.691107	19114.660767
18709.694281	19114.66394
18709.69721	19114.66687
18709.698553	19114.668213
18709.699041	19114.668701
18709.700018	19114.669678
18709.70014	19114.6698
18709.700262	19114.669922
18709.703069	19114.672729
18709.703191	19114.672852
18709.705511	19114.675171
18709.707098	19114.676758
18709.707342	19114.677002
18709.70783	19114.67749
18709.708562	19114.678223
18709.708562	19114.678223
18709.708684	19114.678345
18709.709417	19114.679077
18709.710515	19114.680176
18709.710637	19114.680298
18709.713079	19114.682739
18709.714543	19114.684204
18709.714787	19114.684448
18709.715886	19114.685547
18709.716374	19114.686035
18709.716496	19114.686157
18709.716863	19114.686523
18709.717229	19114.68689
18709.719182	19114.688843
18709.720402	19114.690063
18709.721379	19114.69104
18709.722111	19114.691772
18709.722477	19114.692139
18709.722477	19114.692139
18709.722844	19114.692505
18709.72321	19114.692871
18709.723698	19114.693359
18709.723942	19114.693604
18709.72443	19114.694092
18709.724797	19114.694458
18709.725041	19114.694702
18709.725285	19114.694946
18709.726017	19114.695679
18709.726139	19114.695801
18709.72797	19114.697632
18709.728581	19114.698242
18709.729435	19114.699097
18709.729923	19114.699585
18709.7309	19114.700562
18709.731144	19114.700806
18709.735416	19114.705078
18709.735782	19114.705444
18709.735904	19114.705566
18709.736271	19114.705933
18709.736759	19114.706421
18709.737125	19114.706787
18709.737125	19114.706787
18709.737369	19114.707031
18709.737735	19114.707397
18709.738346	19114.708008
18709.738712	19114.708374
18709.739688	19114.709351
18709.739688	19114.709351
18709.740299	19114.709961
18709.740665	19114.710327
18709.741153	19114.710815
18709.741153	19114.710815
18709.741641	19114.711304
18709.741885	19114.711548
18709.742252	19114.711914
18709.74274	19114.712402
18709.742862	19114.712524
18709.742984	19114.712646
18709.742984	19114.712646
18709.743228	19114.712891
18709.743228	19114.712891
18709.74335	19114.713013
18709.743838	19114.713501
18709.744205	19114.713867
18709.744449	19114.714111
18709.744571	19114.714233
18709.744815	19114.714478
18709.744815	19114.714478
18709.744937	19114.7146
18709.745181	19114.714844
18709.745425	19114.715088
18709.745425	19114.715088
18709.745425	19114.715088
18709.745425	19114.715088
18709.745791	19114.715454
18709.745791	19114.715454
18709.746036	19114.715698
18709.74628	19114.715942
18709.746524	19114.716187
18709.746524	19114.716187
18709.746768	19114.716431
18709.747012	19114.716675
18709.747134	19114.716797
18709.747256	19114.716919
18709.747378	19114.717041
18709.7475	19114.717163
18709.747866	19114.717529
18709.748111	19114.717773
18709.748233	19114.717896
18709.748599	19114.718262
18709.748843	19114.718506
18709.749087	19114.71875
18709.749209	19114.718872
18709.749331	19114.718994
18709.749575	19114.719238
18709.749697	19114.71936
18709.749819	19114.719482
18709.749942	19114.719604
18709.750064	19114.719727
18709.750796	19114.720459
18709.751284	19114.720947
18709.751406	19114.721069
18709.752139	19114.721802
18709.752383	19114.722046
18709.752505	19114.722168
18709.752871	19114.722534
18709.753115	19114.722778
18709.753237	19114.7229
18709.753848	19114.723511
18709.754214	19114.723877
18709.754458	19114.724121
18709.75458	19114.724243
18709.754702	19114.724365
18709.755678	19114.725342
18709.756167	19114.72583
18709.756411	19114.726074
18709.756533	19114.726196
18709.756655	19114.726318
18709.756777	19114.72644
18709.757387	19114.727051
18709.757998	19114.727661
18709.75873	19114.728394
18709.75873	19114.728394
18709.758852	19114.728516
18709.759951	19114.729614
18709.760073	19114.729736
18709.760073	19114.729736
18709.760561	19114.730225
18709.761538	19114.731201
18709.761904	19114.731567
18709.762026	19114.731689
18709.762514	19114.732178
18709.762514	19114.732178
18709.763124	19114.732788
18709.764711	19114.734375
18709.765932	19114.735596
18709.766664	19114.736328
18709.766664	19114.736328
18709.766786	19114.73645
18709.766786	19114.73645
18709.766786	19114.73645
18709.766908	19114.736572
18709.76703	19114.736694
18709.767152	19114.736816
18709.767641	19114.737305
18709.767763	19114.737427
18709.768129	19114.737793
18709.768983	19114.738647
18709.76935	19114.739014
18709.769594	19114.739258
18709.76996	19114.739624
18709.770814	19114.740479
18709.770936	19114.740601
18709.771058	19114.740723
18709.771547	19114.741211
18709.773011	19114.742676
18709.775697	19114.745361
18709.776917	19114.746582
18709.778138	19114.747803
18709.778992	19114.748657
18709.780213	19114.749878
18709.780335	19114.75
18709.780579	19114.750244
18709.784729	19114.754395
18709.788635	19114.758301
18709.789124	19114.758789
18709.791077	19114.760742
