#ttrig = 90890757.3784
# time 	 unbarycentered time 
15859.90777	16263.152466
15859.908381	16263.153076
15859.908747	16263.153442
15859.908869	16263.153564
15859.908869	16263.153564
15859.909479	16263.154175
15859.909601	16263.154297
15859.910456	16263.155151
15859.910578	16263.155273
15859.911188	16263.155884
15859.913141	16263.157837
15859.913263	16263.157959
15859.914118	16263.158813
15859.914362	16263.159058
15859.914484	16263.15918
15859.914606	16263.159302
15859.914728	16263.159424
15859.914728	16263.159424
15859.914728	16263.159424
15859.914972	16263.159668
15859.915094	16263.15979
15859.915216	16263.159912
15859.915583	16263.160278
15859.915705	16263.1604
15859.916071	16263.160767
15859.916193	16263.160889
15859.916315	16263.161011
15859.916437	16263.161133
15859.916681	16263.161377
15859.916803	16263.161499
15859.916803	16263.161499
15859.916925	16263.161621
15859.916925	16263.161621
15859.916925	16263.161621
15859.917047	16263.161743
15859.917292	16263.161987
15859.917292	16263.161987
15859.917536	16263.162231
15859.917536	16263.162231
15859.917536	16263.162231
15859.917658	16263.162354
15859.917658	16263.162354
15859.917658	16263.162354
15859.917902	16263.162598
15859.917902	16263.162598
15859.917902	16263.162598
15859.918024	16263.16272
15859.918146	16263.162842
15859.918146	16263.162842
15859.918146	16263.162842
15859.918268	16263.162964
15859.91839	16263.163086
15859.91839	16263.163086
15859.91839	16263.163086
15859.91839	16263.163086
15859.918512	16263.163208
15859.918512	16263.163208
15859.918634	16263.16333
15859.918634	16263.16333
15859.918756	16263.163452
15859.918756	16263.163452
15859.918878	16263.163574
15859.918878	16263.163574
15859.919	16263.163696
15859.919123	16263.163818
15859.919245	16263.16394
15859.919245	16263.16394
15859.919245	16263.16394
15859.919367	16263.164063
15859.919489	16263.164185
15859.919489	16263.164185
15859.919611	16263.164307
15859.919611	16263.164307
15859.919611	16263.164307
15859.919733	16263.164429
15859.919733	16263.164429
15859.919733	16263.164429
15859.919733	16263.164429
15859.919855	16263.164551
15859.919855	16263.164551
15859.919855	16263.164551
15859.919977	16263.164673
15859.919977	16263.164673
15859.919977	16263.164673
15859.919977	16263.164673
15859.920099	16263.164795
15859.920099	16263.164795
15859.920099	16263.164795
15859.920099	16263.164795
15859.920221	16263.164917
15859.920221	16263.164917
15859.920343	16263.165039
15859.920343	16263.165039
15859.920343	16263.165039
15859.920465	16263.165161
15859.920465	16263.165161
15859.920465	16263.165161
15859.920587	16263.165283
15859.920709	16263.165405
15859.920709	16263.165405
15859.920709	16263.165405
15859.920831	16263.165527
15859.920831	16263.165527
15859.920831	16263.165527
15859.920954	16263.165649
15859.920954	16263.165649
15859.920954	16263.165649
15859.920954	16263.165649
15859.921076	16263.165771
15859.921076	16263.165771
15859.921076	16263.165771
15859.921076	16263.165771
15859.921198	16263.165894
15859.921198	16263.165894
15859.921198	16263.165894
15859.92132	16263.166016
15859.921442	16263.166138
15859.921442	16263.166138
15859.921564	16263.16626
15859.921564	16263.16626
15859.921564	16263.16626
15859.921564	16263.16626
15859.921564	16263.16626
15859.921564	16263.16626
15859.921686	16263.166382
15859.921686	16263.166382
15859.921686	16263.166382
15859.921686	16263.166382
15859.921686	16263.166382
15859.921686	16263.166382
15859.921808	16263.166504
15859.921808	16263.166504
15859.921808	16263.166504
15859.921808	16263.166504
15859.92193	16263.166626
15859.92193	16263.166626
15859.92193	16263.166626
15859.92193	16263.166626
15859.92193	16263.166626
15859.922052	16263.166748
15859.922052	16263.166748
15859.922052	16263.166748
15859.922052	16263.166748
15859.922174	16263.16687
15859.922174	16263.16687
15859.922174	16263.16687
15859.922296	16263.166992
15859.922296	16263.166992
15859.922296	16263.166992
15859.922296	16263.166992
15859.922296	16263.166992
15859.922296	16263.166992
15859.922296	16263.166992
15859.922296	16263.166992
15859.922418	16263.167114
15859.922418	16263.167114
15859.922418	16263.167114
15859.922418	16263.167114
15859.922418	16263.167114
15859.92254	16263.167236
15859.92254	16263.167236
15859.92254	16263.167236
15859.92254	16263.167236
15859.92254	16263.167236
15859.92254	16263.167236
15859.922662	16263.167358
15859.922662	16263.167358
15859.922662	16263.167358
15859.922662	16263.167358
15859.922662	16263.167358
15859.922662	16263.167358
15859.922785	16263.16748
15859.922785	16263.16748
15859.922785	16263.16748
15859.922785	16263.16748
15859.922907	16263.167603
15859.922907	16263.167603
15859.922907	16263.167603
15859.923029	16263.167725
15859.923029	16263.167725
15859.923029	16263.167725
15859.923029	16263.167725
15859.923029	16263.167725
15859.923151	16263.167847
15859.923151	16263.167847
15859.923273	16263.167969
15859.923273	16263.167969
15859.923273	16263.167969
15859.923273	16263.167969
15859.923273	16263.167969
15859.923273	16263.167969
15859.923273	16263.167969
15859.923395	16263.168091
15859.923395	16263.168091
15859.923395	16263.168091
15859.923517	16263.168213
15859.923517	16263.168213
15859.923517	16263.168213
15859.923517	16263.168213
15859.923639	16263.168335
15859.923639	16263.168335
15859.923639	16263.168335
15859.923639	16263.168335
15859.923639	16263.168335
15859.923761	16263.168457
15859.923761	16263.168457
15859.923761	16263.168457
15859.923761	16263.168457
15859.923761	16263.168457
15859.923761	16263.168457
15859.923883	16263.168579
15859.923883	16263.168579
15859.923883	16263.168579
15859.923883	16263.168579
15859.923883	16263.168579
15859.923883	16263.168579
15859.923883	16263.168579
15859.924005	16263.168701
15859.924005	16263.168701
15859.924005	16263.168701
15859.924005	16263.168701
15859.924005	16263.168701
15859.924127	16263.168823
15859.924127	16263.168823
15859.924127	16263.168823
15859.924127	16263.168823
15859.924127	16263.168823
15859.924127	16263.168823
15859.924127	16263.168823
15859.924249	16263.168945
15859.924249	16263.168945
15859.924371	16263.169067
15859.924371	16263.169067
15859.924371	16263.169067
15859.924371	16263.169067
15859.924493	16263.169189
15859.924493	16263.169189
15859.924493	16263.169189
15859.924493	16263.169189
15859.924493	16263.169189
15859.924616	16263.169312
15859.924616	16263.169312
15859.924616	16263.169312
15859.924616	16263.169312
15859.924738	16263.169434
15859.924738	16263.169434
15859.924738	16263.169434
15859.924738	16263.169434
15859.924738	16263.169434
15859.924738	16263.169434
15859.92486	16263.169556
15859.92486	16263.169556
15859.92486	16263.169556
15859.92486	16263.169556
15859.92486	16263.169556
15859.92486	16263.169556
15859.92486	16263.169556
15859.92486	16263.169556
15859.924982	16263.169678
15859.924982	16263.169678
15859.924982	16263.169678
15859.924982	16263.169678
15859.924982	16263.169678
15859.924982	16263.169678
15859.924982	16263.169678
15859.925104	16263.1698
15859.925104	16263.1698
15859.925104	16263.1698
15859.925104	16263.1698
15859.925104	16263.1698
15859.925104	16263.1698
15859.925104	16263.1698
15859.925104	16263.1698
15859.925104	16263.1698
15859.925226	16263.169922
15859.925226	16263.169922
15859.925226	16263.169922
15859.925348	16263.170044
15859.925348	16263.170044
15859.925348	16263.170044
15859.925348	16263.170044
15859.925348	16263.170044
15859.925348	16263.170044
15859.925348	16263.170044
15859.92547	16263.170166
15859.92547	16263.170166
15859.92547	16263.170166
15859.92547	16263.170166
15859.92547	16263.170166
15859.925592	16263.170288
15859.925592	16263.170288
15859.925592	16263.170288
15859.925592	16263.170288
15859.925592	16263.170288
15859.925714	16263.17041
15859.925714	16263.17041
15859.925714	16263.17041
15859.925714	16263.17041
15859.925714	16263.17041
15859.925714	16263.17041
15859.925836	16263.170532
15859.925836	16263.170532
15859.925836	16263.170532
15859.925836	16263.170532
15859.925836	16263.170532
15859.925958	16263.170654
15859.925958	16263.170654
15859.925958	16263.170654
15859.925958	16263.170654
15859.925958	16263.170654
15859.925958	16263.170654
15859.925958	16263.170654
15859.92608	16263.170776
15859.92608	16263.170776
15859.92608	16263.170776
15859.92608	16263.170776
15859.926202	16263.170898
15859.926202	16263.170898
15859.926202	16263.170898
15859.926202	16263.170898
15859.926202	16263.170898
15859.926202	16263.170898
15859.926202	16263.170898
15859.926324	16263.171021
15859.926324	16263.171021
15859.926324	16263.171021
15859.926324	16263.171021
15859.926324	16263.171021
15859.926447	16263.171143
15859.926447	16263.171143
15859.926447	16263.171143
15859.926447	16263.171143
15859.926447	16263.171143
15859.926447	16263.171143
15859.926447	16263.171143
15859.926569	16263.171265
15859.926569	16263.171265
15859.926569	16263.171265
15859.926691	16263.171387
15859.926691	16263.171387
15859.926691	16263.171387
15859.926813	16263.171509
15859.926813	16263.171509
15859.926813	16263.171509
15859.926813	16263.171509
15859.926813	16263.171509
15859.926935	16263.171631
15859.926935	16263.171631
15859.926935	16263.171631
15859.926935	16263.171631
15859.926935	16263.171631
15859.926935	16263.171631
15859.926935	16263.171631
15859.927057	16263.171753
15859.927057	16263.171753
15859.927057	16263.171753
15859.927057	16263.171753
15859.927057	16263.171753
15859.927057	16263.171753
15859.927179	16263.171875
15859.927179	16263.171875
15859.927179	16263.171875
15859.927179	16263.171875
15859.927179	16263.171875
15859.927179	16263.171875
15859.927179	16263.171875
15859.927179	16263.171875
15859.927301	16263.171997
15859.927301	16263.171997
15859.927301	16263.171997
15859.927423	16263.172119
15859.927423	16263.172119
15859.927423	16263.172119
15859.927423	16263.172119
15859.927423	16263.172119
15859.927423	16263.172119
15859.927545	16263.172241
15859.927545	16263.172241
15859.927545	16263.172241
15859.927545	16263.172241
15859.927545	16263.172241
15859.927545	16263.172241
15859.927545	16263.172241
15859.927667	16263.172363
15859.927667	16263.172363
15859.927667	16263.172363
15859.927667	16263.172363
15859.927667	16263.172363
15859.927667	16263.172363
15859.927667	16263.172363
15859.927789	16263.172485
15859.927789	16263.172485
15859.927789	16263.172485
15859.927789	16263.172485
15859.927789	16263.172485
15859.927789	16263.172485
15859.927789	16263.172485
15859.927789	16263.172485
15859.927911	16263.172607
15859.927911	16263.172607
15859.927911	16263.172607
15859.927911	16263.172607
15859.927911	16263.172607
15859.928033	16263.172729
15859.928033	16263.172729
15859.928155	16263.172852
15859.928155	16263.172852
15859.928155	16263.172852
15859.928278	16263.172974
15859.928278	16263.172974
15859.928278	16263.172974
15859.928278	16263.172974
15859.9284	16263.173096
15859.9284	16263.173096
15859.9284	16263.173096
15859.9284	16263.173096
15859.928522	16263.173218
15859.928522	16263.173218
15859.928522	16263.173218
15859.928522	16263.173218
15859.928522	16263.173218
15859.928522	16263.173218
15859.928522	16263.173218
15859.928522	16263.173218
15859.928644	16263.17334
15859.928644	16263.17334
15859.928644	16263.17334
15859.928644	16263.17334
15859.928766	16263.173462
15859.928766	16263.173462
15859.928766	16263.173462
15859.928766	16263.173462
15859.928888	16263.173584
15859.928888	16263.173584
15859.928888	16263.173584
15859.928888	16263.173584
15859.928888	16263.173584
15859.928888	16263.173584
15859.928888	16263.173584
15859.92901	16263.173706
15859.92901	16263.173706
15859.92901	16263.173706
15859.92901	16263.173706
15859.92901	16263.173706
15859.92901	16263.173706
15859.92901	16263.173706
15859.92901	16263.173706
15859.92901	16263.173706
15859.929132	16263.173828
15859.929132	16263.173828
15859.929132	16263.173828
15859.929132	16263.173828
15859.929254	16263.17395
15859.929254	16263.17395
15859.929254	16263.17395
15859.929376	16263.174072
15859.929376	16263.174072
15859.929376	16263.174072
15859.929376	16263.174072
15859.929376	16263.174072
15859.929376	16263.174072
15859.929498	16263.174194
15859.929498	16263.174194
15859.929498	16263.174194
15859.929498	16263.174194
15859.929498	16263.174194
15859.929498	16263.174194
15859.929498	16263.174194
15859.929498	16263.174194
15859.929498	16263.174194
15859.92962	16263.174316
15859.92962	16263.174316
15859.92962	16263.174316
15859.92962	16263.174316
15859.92962	16263.174316
15859.92962	16263.174316
15859.92962	16263.174316
15859.929742	16263.174438
15859.929742	16263.174438
15859.929742	16263.174438
15859.929742	16263.174438
15859.929742	16263.174438
15859.929742	16263.174438
15859.929864	16263.174561
15859.929864	16263.174561
15859.929864	16263.174561
15859.929986	16263.174683
15859.929986	16263.174683
15859.929986	16263.174683
15859.929986	16263.174683
15859.930109	16263.174805
15859.930109	16263.174805
15859.930109	16263.174805
15859.930109	16263.174805
15859.930109	16263.174805
15859.930109	16263.174805
15859.930109	16263.174805
15859.930231	16263.174927
15859.930231	16263.174927
15859.930353	16263.175049
15859.930353	16263.175049
15859.930353	16263.175049
15859.930353	16263.175049
15859.930353	16263.175049
15859.930353	16263.175049
15859.930353	16263.175049
15859.930475	16263.175171
15859.930475	16263.175171
15859.930475	16263.175171
15859.930475	16263.175171
15859.930475	16263.175171
15859.930597	16263.175293
15859.930597	16263.175293
15859.930597	16263.175293
15859.930597	16263.175293
15859.930597	16263.175293
15859.930597	16263.175293
15859.930597	16263.175293
15859.930719	16263.175415
15859.930719	16263.175415
15859.930719	16263.175415
15859.930719	16263.175415
15859.930719	16263.175415
15859.930719	16263.175415
15859.930719	16263.175415
15859.930719	16263.175415
15859.930841	16263.175537
15859.930841	16263.175537
15859.930841	16263.175537
15859.930841	16263.175537
15859.930841	16263.175537
15859.930841	16263.175537
15859.930841	16263.175537
15859.930841	16263.175537
15859.930841	16263.175537
15859.930963	16263.175659
15859.930963	16263.175659
15859.931085	16263.175781
15859.931085	16263.175781
15859.931085	16263.175781
15859.931085	16263.175781
15859.931085	16263.175781
15859.931085	16263.175781
15859.931085	16263.175781
15859.931207	16263.175903
15859.931207	16263.175903
15859.931207	16263.175903
15859.931207	16263.175903
15859.931207	16263.175903
15859.931207	16263.175903
15859.931207	16263.175903
15859.931329	16263.176025
15859.931329	16263.176025
15859.931329	16263.176025
15859.931329	16263.176025
15859.931329	16263.176025
15859.931329	16263.176025
15859.931329	16263.176025
15859.931329	16263.176025
15859.931451	16263.176147
15859.931451	16263.176147
15859.931451	16263.176147
15859.931451	16263.176147
15859.931451	16263.176147
15859.931451	16263.176147
15859.931451	16263.176147
15859.931451	16263.176147
15859.931451	16263.176147
15859.931573	16263.17627
15859.931573	16263.17627
15859.931573	16263.17627
15859.931573	16263.17627
15859.931573	16263.17627
15859.931573	16263.17627
15859.931573	16263.17627
15859.931573	16263.17627
15859.931695	16263.176392
15859.931695	16263.176392
15859.931695	16263.176392
15859.931695	16263.176392
15859.931817	16263.176514
15859.931817	16263.176514
15859.931817	16263.176514
15859.931817	16263.176514
15859.931817	16263.176514
15859.931817	16263.176514
15859.93194	16263.176636
15859.93194	16263.176636
15859.93194	16263.176636
15859.93194	16263.176636
15859.93194	16263.176636
15859.93194	16263.176636
15859.93194	16263.176636
15859.93194	16263.176636
15859.93194	16263.176636
15859.932062	16263.176758
15859.932062	16263.176758
15859.932062	16263.176758
15859.932062	16263.176758
15859.932062	16263.176758
15859.932062	16263.176758
15859.932062	16263.176758
15859.932062	16263.176758
15859.932062	16263.176758
15859.932184	16263.17688
15859.932184	16263.17688
15859.932184	16263.17688
15859.932184	16263.17688
15859.932184	16263.17688
15859.932184	16263.17688
15859.932184	16263.17688
15859.932184	16263.17688
15859.932184	16263.17688
15859.932184	16263.17688
15859.932184	16263.17688
15859.932306	16263.177002
15859.932306	16263.177002
15859.932306	16263.177002
15859.932306	16263.177002
15859.932306	16263.177002
15859.932306	16263.177002
15859.932306	16263.177002
15859.932306	16263.177002
15859.932306	16263.177002
15859.932306	16263.177002
15859.932306	16263.177002
15859.932428	16263.177124
15859.932428	16263.177124
15859.932428	16263.177124
15859.932428	16263.177124
15859.932428	16263.177124
15859.932428	16263.177124
15859.932428	16263.177124
15859.932428	16263.177124
15859.932428	16263.177124
15859.932428	16263.177124
15859.93255	16263.177246
15859.93255	16263.177246
15859.93255	16263.177246
15859.93255	16263.177246
15859.93255	16263.177246
15859.93255	16263.177246
15859.93255	16263.177246
15859.93255	16263.177246
15859.93255	16263.177246
15859.932672	16263.177368
15859.932672	16263.177368
15859.932672	16263.177368
15859.932672	16263.177368
15859.932672	16263.177368
15859.932672	16263.177368
15859.932672	16263.177368
15859.932672	16263.177368
15859.932672	16263.177368
15859.932672	16263.177368
15859.932672	16263.177368
15859.932672	16263.177368
15859.932672	16263.177368
15859.932672	16263.177368
15859.932672	16263.177368
15859.932672	16263.177368
15859.932794	16263.17749
15859.932794	16263.17749
15859.932794	16263.17749
15859.932794	16263.17749
15859.932794	16263.17749
15859.932794	16263.17749
15859.932794	16263.17749
15859.932794	16263.17749
15859.932794	16263.17749
15859.932916	16263.177612
15859.932916	16263.177612
15859.932916	16263.177612
15859.932916	16263.177612
15859.932916	16263.177612
15859.932916	16263.177612
15859.932916	16263.177612
15859.932916	16263.177612
15859.932916	16263.177612
15859.932916	16263.177612
15859.932916	16263.177612
15859.932916	16263.177612
15859.933038	16263.177734
15859.933038	16263.177734
15859.933038	16263.177734
15859.933038	16263.177734
15859.933038	16263.177734
15859.933038	16263.177734
15859.933038	16263.177734
15859.933038	16263.177734
15859.93316	16263.177856
15859.93316	16263.177856
15859.93316	16263.177856
15859.93316	16263.177856
15859.93316	16263.177856
15859.93316	16263.177856
15859.93316	16263.177856
15859.93316	16263.177856
15859.93316	16263.177856
15859.93316	16263.177856
15859.93316	16263.177856
15859.93316	16263.177856
15859.933282	16263.177979
15859.933282	16263.177979
15859.933282	16263.177979
15859.933282	16263.177979
15859.933282	16263.177979
15859.933282	16263.177979
15859.933282	16263.177979
15859.933282	16263.177979
15859.933282	16263.177979
15859.933282	16263.177979
15859.933282	16263.177979
15859.933282	16263.177979
15859.933282	16263.177979
15859.933282	16263.177979
15859.933404	16263.178101
15859.933404	16263.178101
15859.933404	16263.178101
15859.933404	16263.178101
15859.933404	16263.178101
15859.933404	16263.178101
15859.933404	16263.178101
15859.933404	16263.178101
15859.933404	16263.178101
15859.933404	16263.178101
15859.933404	16263.178101
15859.933404	16263.178101
15859.933404	16263.178101
15859.933526	16263.178223
15859.933526	16263.178223
15859.933526	16263.178223
15859.933526	16263.178223
15859.933526	16263.178223
15859.933526	16263.178223
15859.933526	16263.178223
15859.933526	16263.178223
15859.933526	16263.178223
15859.933526	16263.178223
15859.933526	16263.178223
15859.933648	16263.178345
15859.933648	16263.178345
15859.933648	16263.178345
15859.933648	16263.178345
15859.933648	16263.178345
15859.933648	16263.178345
15859.933648	16263.178345
15859.933648	16263.178345
15859.933648	16263.178345
15859.933648	16263.178345
15859.933648	16263.178345
15859.933648	16263.178345
15859.933648	16263.178345
15859.933648	16263.178345
15859.933648	16263.178345
15859.93377	16263.178467
15859.93377	16263.178467
15859.93377	16263.178467
15859.93377	16263.178467
15859.93377	16263.178467
15859.93377	16263.178467
15859.93377	16263.178467
15859.93377	16263.178467
15859.93377	16263.178467
15859.93377	16263.178467
15859.93377	16263.178467
15859.93377	16263.178467
15859.93377	16263.178467
15859.933893	16263.178589
15859.933893	16263.178589
15859.933893	16263.178589
15859.933893	16263.178589
15859.933893	16263.178589
15859.933893	16263.178589
15859.933893	16263.178589
15859.933893	16263.178589
15859.933893	16263.178589
15859.933893	16263.178589
15859.933893	16263.178589
15859.933893	16263.178589
15859.933893	16263.178589
15859.933893	16263.178589
15859.934015	16263.178711
15859.934015	16263.178711
15859.934015	16263.178711
15859.934015	16263.178711
15859.934015	16263.178711
15859.934015	16263.178711
15859.934015	16263.178711
15859.934015	16263.178711
15859.934015	16263.178711
15859.934015	16263.178711
15859.934015	16263.178711
15859.934015	16263.178711
15859.934015	16263.178711
15859.934015	16263.178711
15859.934015	16263.178711
15859.934015	16263.178711
15859.934137	16263.178833
15859.934137	16263.178833
15859.934137	16263.178833
15859.934137	16263.178833
15859.934137	16263.178833
15859.934137	16263.178833
15859.934137	16263.178833
15859.934137	16263.178833
15859.934137	16263.178833
15859.934137	16263.178833
15859.934137	16263.178833
15859.934137	16263.178833
15859.934137	16263.178833
15859.934137	16263.178833
15859.934137	16263.178833
15859.934259	16263.178955
15859.934259	16263.178955
15859.934259	16263.178955
15859.934259	16263.178955
15859.934259	16263.178955
15859.934259	16263.178955
15859.934259	16263.178955
15859.934259	16263.178955
15859.934259	16263.178955
15859.934259	16263.178955
15859.934259	16263.178955
15859.934259	16263.178955
15859.934381	16263.179077
15859.934381	16263.179077
15859.934381	16263.179077
15859.934381	16263.179077
15859.934381	16263.179077
15859.934381	16263.179077
15859.934381	16263.179077
15859.934381	16263.179077
15859.934381	16263.179077
15859.934381	16263.179077
15859.934381	16263.179077
15859.934381	16263.179077
15859.934381	16263.179077
15859.934381	16263.179077
15859.934381	16263.179077
15859.934503	16263.179199
15859.934503	16263.179199
15859.934503	16263.179199
15859.934503	16263.179199
15859.934503	16263.179199
15859.934503	16263.179199
15859.934503	16263.179199
15859.934503	16263.179199
15859.934503	16263.179199
15859.934503	16263.179199
15859.934503	16263.179199
15859.934503	16263.179199
15859.934503	16263.179199
15859.934625	16263.179321
15859.934625	16263.179321
15859.934625	16263.179321
15859.934625	16263.179321
15859.934625	16263.179321
15859.934625	16263.179321
15859.934625	16263.179321
15859.934625	16263.179321
15859.934625	16263.179321
15859.934625	16263.179321
15859.934625	16263.179321
15859.934625	16263.179321
15859.934625	16263.179321
15859.934747	16263.179443
15859.934747	16263.179443
15859.934747	16263.179443
15859.934747	16263.179443
15859.934747	16263.179443
15859.934747	16263.179443
15859.934747	16263.179443
15859.934747	16263.179443
15859.934747	16263.179443
15859.934747	16263.179443
15859.934747	16263.179443
15859.934747	16263.179443
15859.934747	16263.179443
15859.934747	16263.179443
15859.934747	16263.179443
15859.934747	16263.179443
15859.934747	16263.179443
15859.934747	16263.179443
15859.934869	16263.179565
15859.934869	16263.179565
15859.934869	16263.179565
15859.934869	16263.179565
15859.934869	16263.179565
15859.934869	16263.179565
15859.934869	16263.179565
15859.934869	16263.179565
15859.934869	16263.179565
15859.934869	16263.179565
15859.934869	16263.179565
15859.934991	16263.179688
15859.934991	16263.179688
15859.934991	16263.179688
15859.934991	16263.179688
15859.934991	16263.179688
15859.934991	16263.179688
15859.934991	16263.179688
15859.934991	16263.179688
15859.934991	16263.179688
15859.934991	16263.179688
15859.934991	16263.179688
15859.934991	16263.179688
15859.934991	16263.179688
15859.934991	16263.179688
15859.934991	16263.179688
15859.935113	16263.17981
15859.935113	16263.17981
15859.935113	16263.17981
15859.935113	16263.17981
15859.935113	16263.17981
15859.935113	16263.17981
15859.935113	16263.17981
15859.935113	16263.17981
15859.935113	16263.17981
15859.935113	16263.17981
15859.935113	16263.17981
15859.935113	16263.17981
15859.935113	16263.17981
15859.935113	16263.17981
15859.935235	16263.179932
15859.935235	16263.179932
15859.935235	16263.179932
15859.935235	16263.179932
15859.935235	16263.179932
15859.935235	16263.179932
15859.935235	16263.179932
15859.935235	16263.179932
15859.935235	16263.179932
15859.935235	16263.179932
15859.935235	16263.179932
15859.935235	16263.179932
15859.935235	16263.179932
15859.935235	16263.179932
15859.935357	16263.180054
15859.935357	16263.180054
15859.935357	16263.180054
15859.935357	16263.180054
15859.935357	16263.180054
15859.935357	16263.180054
15859.935357	16263.180054
15859.935357	16263.180054
15859.935357	16263.180054
15859.935357	16263.180054
15859.935357	16263.180054
15859.935357	16263.180054
15859.935357	16263.180054
15859.935357	16263.180054
15859.935357	16263.180054
15859.935479	16263.180176
15859.935479	16263.180176
15859.935479	16263.180176
15859.935479	16263.180176
15859.935479	16263.180176
15859.935479	16263.180176
15859.935479	16263.180176
15859.935479	16263.180176
15859.935479	16263.180176
15859.935479	16263.180176
15859.935479	16263.180176
15859.935479	16263.180176
15859.935479	16263.180176
15859.935479	16263.180176
15859.935479	16263.180176
15859.935479	16263.180176
15859.935479	16263.180176
15859.935601	16263.180298
15859.935601	16263.180298
15859.935601	16263.180298
15859.935601	16263.180298
15859.935601	16263.180298
15859.935601	16263.180298
15859.935601	16263.180298
15859.935601	16263.180298
15859.935601	16263.180298
15859.935601	16263.180298
15859.935601	16263.180298
15859.935601	16263.180298
15859.935601	16263.180298
15859.935724	16263.18042
15859.935724	16263.18042
15859.935724	16263.18042
15859.935724	16263.18042
15859.935724	16263.18042
15859.935724	16263.18042
15859.935724	16263.18042
15859.935724	16263.18042
15859.935724	16263.18042
15859.935724	16263.18042
15859.935846	16263.180542
15859.935846	16263.180542
15859.935846	16263.180542
15859.935846	16263.180542
15859.935846	16263.180542
15859.935846	16263.180542
15859.935846	16263.180542
15859.935846	16263.180542
15859.935846	16263.180542
15859.935846	16263.180542
15859.935846	16263.180542
15859.935846	16263.180542
15859.935968	16263.180664
15859.935968	16263.180664
15859.935968	16263.180664
15859.935968	16263.180664
15859.935968	16263.180664
15859.935968	16263.180664
15859.935968	16263.180664
15859.935968	16263.180664
15859.935968	16263.180664
15859.935968	16263.180664
15859.935968	16263.180664
15859.935968	16263.180664
15859.935968	16263.180664
15859.935968	16263.180664
15859.935968	16263.180664
15859.935968	16263.180664
15859.935968	16263.180664
15859.93609	16263.180786
15859.93609	16263.180786
15859.93609	16263.180786
15859.93609	16263.180786
15859.93609	16263.180786
15859.93609	16263.180786
15859.93609	16263.180786
15859.93609	16263.180786
15859.93609	16263.180786
15859.93609	16263.180786
15859.93609	16263.180786
15859.93609	16263.180786
15859.93609	16263.180786
15859.93609	16263.180786
15859.936212	16263.180908
15859.936212	16263.180908
15859.936212	16263.180908
15859.936212	16263.180908
15859.936212	16263.180908
15859.936212	16263.180908
15859.936212	16263.180908
15859.936212	16263.180908
15859.936212	16263.180908
15859.936212	16263.180908
15859.936212	16263.180908
15859.936212	16263.180908
15859.936212	16263.180908
15859.936334	16263.18103
15859.936334	16263.18103
15859.936334	16263.18103
15859.936334	16263.18103
15859.936334	16263.18103
15859.936334	16263.18103
15859.936334	16263.18103
15859.936334	16263.18103
15859.936334	16263.18103
15859.936334	16263.18103
15859.936334	16263.18103
15859.936334	16263.18103
15859.936334	16263.18103
15859.936334	16263.18103
15859.936334	16263.18103
15859.936334	16263.18103
15859.936456	16263.181152
15859.936456	16263.181152
15859.936456	16263.181152
15859.936456	16263.181152
15859.936456	16263.181152
15859.936456	16263.181152
15859.936456	16263.181152
15859.936456	16263.181152
15859.936456	16263.181152
15859.936456	16263.181152
15859.936456	16263.181152
15859.936456	16263.181152
15859.936456	16263.181152
15859.936456	16263.181152
15859.936456	16263.181152
15859.936578	16263.181274
15859.936578	16263.181274
15859.936578	16263.181274
15859.936578	16263.181274
15859.936578	16263.181274
15859.936578	16263.181274
15859.936578	16263.181274
15859.936578	16263.181274
15859.936578	16263.181274
15859.936578	16263.181274
15859.936578	16263.181274
15859.9367	16263.181396
15859.9367	16263.181396
15859.9367	16263.181396
15859.9367	16263.181396
15859.9367	16263.181396
15859.9367	16263.181396
15859.9367	16263.181396
15859.9367	16263.181396
15859.9367	16263.181396
15859.9367	16263.181396
15859.9367	16263.181396
15859.9367	16263.181396
15859.9367	16263.181396
15859.9367	16263.181396
15859.9367	16263.181396
15859.9367	16263.181396
15859.9367	16263.181396
15859.9367	16263.181396
15859.9367	16263.181396
15859.936822	16263.181519
15859.936822	16263.181519
15859.936822	16263.181519
15859.936822	16263.181519
15859.936822	16263.181519
15859.936822	16263.181519
15859.936822	16263.181519
15859.936822	16263.181519
15859.936822	16263.181519
15859.936822	16263.181519
15859.936822	16263.181519
15859.936822	16263.181519
15859.936944	16263.181641
15859.936944	16263.181641
15859.936944	16263.181641
15859.936944	16263.181641
15859.936944	16263.181641
15859.936944	16263.181641
15859.936944	16263.181641
15859.936944	16263.181641
15859.936944	16263.181641
15859.936944	16263.181641
15859.936944	16263.181641
15859.936944	16263.181641
15859.936944	16263.181641
15859.936944	16263.181641
15859.936944	16263.181641
15859.936944	16263.181641
15859.936944	16263.181641
15859.937066	16263.181763
15859.937066	16263.181763
15859.937066	16263.181763
15859.937066	16263.181763
15859.937066	16263.181763
15859.937066	16263.181763
15859.937066	16263.181763
15859.937066	16263.181763
15859.937066	16263.181763
15859.937066	16263.181763
15859.937066	16263.181763
15859.937066	16263.181763
15859.937066	16263.181763
15859.937066	16263.181763
15859.937066	16263.181763
15859.937188	16263.181885
15859.937188	16263.181885
15859.937188	16263.181885
15859.937188	16263.181885
15859.937188	16263.181885
15859.937188	16263.181885
15859.937188	16263.181885
15859.937188	16263.181885
15859.937188	16263.181885
15859.937188	16263.181885
15859.937188	16263.181885
15859.937188	16263.181885
15859.93731	16263.182007
15859.93731	16263.182007
15859.93731	16263.182007
15859.93731	16263.182007
15859.93731	16263.182007
15859.93731	16263.182007
15859.93731	16263.182007
15859.93731	16263.182007
15859.93731	16263.182007
15859.93731	16263.182007
15859.93731	16263.182007
15859.93731	16263.182007
15859.93731	16263.182007
15859.937432	16263.182129
15859.937432	16263.182129
15859.937432	16263.182129
15859.937432	16263.182129
15859.937432	16263.182129
15859.937432	16263.182129
15859.937432	16263.182129
15859.937432	16263.182129
15859.937432	16263.182129
15859.937432	16263.182129
15859.937432	16263.182129
15859.937432	16263.182129
15859.937555	16263.182251
15859.937555	16263.182251
15859.937555	16263.182251
15859.937555	16263.182251
15859.937555	16263.182251
15859.937555	16263.182251
15859.937555	16263.182251
15859.937555	16263.182251
15859.937555	16263.182251
15859.937677	16263.182373
15859.937677	16263.182373
15859.937677	16263.182373
15859.937677	16263.182373
15859.937677	16263.182373
15859.937677	16263.182373
15859.937677	16263.182373
15859.937677	16263.182373
15859.937677	16263.182373
15859.937677	16263.182373
15859.937677	16263.182373
15859.937677	16263.182373
15859.937677	16263.182373
15859.937677	16263.182373
15859.937677	16263.182373
15859.937677	16263.182373
15859.937677	16263.182373
15859.937677	16263.182373
15859.937799	16263.182495
15859.937799	16263.182495
15859.937799	16263.182495
15859.937799	16263.182495
15859.937799	16263.182495
15859.937799	16263.182495
15859.937799	16263.182495
15859.937799	16263.182495
15859.937799	16263.182495
15859.937799	16263.182495
15859.937799	16263.182495
15859.937921	16263.182617
15859.937921	16263.182617
15859.937921	16263.182617
15859.937921	16263.182617
15859.937921	16263.182617
15859.937921	16263.182617
15859.937921	16263.182617
15859.937921	16263.182617
15859.937921	16263.182617
15859.937921	16263.182617
15859.937921	16263.182617
15859.938043	16263.182739
15859.938043	16263.182739
15859.938043	16263.182739
15859.938043	16263.182739
15859.938043	16263.182739
15859.938043	16263.182739
15859.938043	16263.182739
15859.938043	16263.182739
15859.938043	16263.182739
15859.938165	16263.182861
15859.938165	16263.182861
15859.938165	16263.182861
15859.938165	16263.182861
15859.938165	16263.182861
15859.938165	16263.182861
15859.938165	16263.182861
15859.938165	16263.182861
15859.938165	16263.182861
15859.938165	16263.182861
15859.938165	16263.182861
15859.938165	16263.182861
15859.938165	16263.182861
15859.938165	16263.182861
15859.938165	16263.182861
15859.938287	16263.182983
15859.938287	16263.182983
15859.938287	16263.182983
15859.938287	16263.182983
15859.938287	16263.182983
15859.938287	16263.182983
15859.938287	16263.182983
15859.938287	16263.182983
15859.938287	16263.182983
15859.938287	16263.182983
15859.938287	16263.182983
15859.938287	16263.182983
15859.938287	16263.182983
15859.938287	16263.182983
15859.938287	16263.182983
15859.938287	16263.182983
15859.938409	16263.183105
15859.938409	16263.183105
15859.938409	16263.183105
15859.938409	16263.183105
15859.938409	16263.183105
15859.938409	16263.183105
15859.938409	16263.183105
15859.938409	16263.183105
15859.938531	16263.183228
15859.938531	16263.183228
15859.938531	16263.183228
15859.938531	16263.183228
15859.938531	16263.183228
15859.938531	16263.183228
15859.938531	16263.183228
15859.938531	16263.183228
15859.938531	16263.183228
15859.938531	16263.183228
15859.938531	16263.183228
15859.938531	16263.183228
15859.938531	16263.183228
15859.938531	16263.183228
15859.938653	16263.18335
15859.938653	16263.18335
15859.938653	16263.18335
15859.938653	16263.18335
15859.938653	16263.18335
15859.938653	16263.18335
15859.938653	16263.18335
15859.938653	16263.18335
15859.938653	16263.18335
15859.938653	16263.18335
15859.938653	16263.18335
15859.938653	16263.18335
15859.938653	16263.18335
15859.938653	16263.18335
15859.938653	16263.18335
15859.938775	16263.183472
15859.938775	16263.183472
15859.938775	16263.183472
15859.938775	16263.183472
15859.938775	16263.183472
15859.938775	16263.183472
15859.938775	16263.183472
15859.938775	16263.183472
15859.938775	16263.183472
15859.938775	16263.183472
15859.938775	16263.183472
15859.938775	16263.183472
15859.938775	16263.183472
15859.938897	16263.183594
15859.938897	16263.183594
15859.938897	16263.183594
15859.938897	16263.183594
15859.938897	16263.183594
15859.938897	16263.183594
15859.938897	16263.183594
15859.938897	16263.183594
15859.938897	16263.183594
15859.938897	16263.183594
15859.938897	16263.183594
15859.938897	16263.183594
15859.938897	16263.183594
15859.938897	16263.183594
15859.939019	16263.183716
15859.939019	16263.183716
15859.939019	16263.183716
15859.939019	16263.183716
15859.939019	16263.183716
15859.939019	16263.183716
15859.939019	16263.183716
15859.939019	16263.183716
15859.939019	16263.183716
15859.939019	16263.183716
15859.939019	16263.183716
15859.939019	16263.183716
15859.939019	16263.183716
15859.939019	16263.183716
15859.939141	16263.183838
15859.939141	16263.183838
15859.939141	16263.183838
15859.939141	16263.183838
15859.939141	16263.183838
15859.939141	16263.183838
15859.939141	16263.183838
15859.939141	16263.183838
15859.939141	16263.183838
15859.939141	16263.183838
15859.939141	16263.183838
15859.939263	16263.18396
15859.939263	16263.18396
15859.939263	16263.18396
15859.939263	16263.18396
15859.939263	16263.18396
15859.939263	16263.18396
15859.939263	16263.18396
15859.939263	16263.18396
15859.939263	16263.18396
15859.939263	16263.18396
15859.939263	16263.18396
15859.939263	16263.18396
15859.939263	16263.18396
15859.939263	16263.18396
15859.939263	16263.18396
15859.939263	16263.18396
15859.939386	16263.184082
15859.939386	16263.184082
15859.939386	16263.184082
15859.939386	16263.184082
15859.939386	16263.184082
15859.939386	16263.184082
15859.939386	16263.184082
15859.939386	16263.184082
15859.939386	16263.184082
15859.939386	16263.184082
15859.939386	16263.184082
15859.939386	16263.184082
15859.939386	16263.184082
15859.939386	16263.184082
15859.939386	16263.184082
15859.939508	16263.184204
15859.939508	16263.184204
15859.939508	16263.184204
15859.939508	16263.184204
15859.939508	16263.184204
15859.939508	16263.184204
15859.939508	16263.184204
15859.939508	16263.184204
15859.939508	16263.184204
15859.939508	16263.184204
15859.939508	16263.184204
15859.93963	16263.184326
15859.93963	16263.184326
15859.93963	16263.184326
15859.93963	16263.184326
15859.93963	16263.184326
15859.93963	16263.184326
15859.93963	16263.184326
15859.93963	16263.184326
15859.93963	16263.184326
15859.93963	16263.184326
15859.93963	16263.184326
15859.93963	16263.184326
15859.93963	16263.184326
15859.93963	16263.184326
15859.93963	16263.184326
15859.93963	16263.184326
15859.93963	16263.184326
15859.939752	16263.184448
15859.939752	16263.184448
15859.939752	16263.184448
15859.939752	16263.184448
15859.939752	16263.184448
15859.939752	16263.184448
15859.939752	16263.184448
15859.939752	16263.184448
15859.939752	16263.184448
15859.939752	16263.184448
15859.939752	16263.184448
15859.939752	16263.184448
15859.939752	16263.184448
15859.939752	16263.184448
15859.939752	16263.184448
15859.939752	16263.184448
15859.939752	16263.184448
15859.939874	16263.18457
15859.939874	16263.18457
15859.939874	16263.18457
15859.939874	16263.18457
15859.939874	16263.18457
15859.939874	16263.18457
15859.939874	16263.18457
15859.939874	16263.18457
15859.939874	16263.18457
15859.939874	16263.18457
15859.939874	16263.18457
15859.939874	16263.18457
15859.939874	16263.18457
15859.939874	16263.18457
15859.939996	16263.184692
15859.939996	16263.184692
15859.939996	16263.184692
15859.939996	16263.184692
15859.939996	16263.184692
15859.939996	16263.184692
15859.939996	16263.184692
15859.939996	16263.184692
15859.939996	16263.184692
15859.939996	16263.184692
15859.939996	16263.184692
15859.939996	16263.184692
15859.939996	16263.184692
15859.939996	16263.184692
15859.939996	16263.184692
15859.939996	16263.184692
15859.939996	16263.184692
15859.939996	16263.184692
15859.940118	16263.184814
15859.940118	16263.184814
15859.940118	16263.184814
15859.940118	16263.184814
15859.940118	16263.184814
15859.940118	16263.184814
15859.940118	16263.184814
15859.940118	16263.184814
15859.940118	16263.184814
15859.940118	16263.184814
15859.94024	16263.184937
15859.94024	16263.184937
15859.94024	16263.184937
15859.94024	16263.184937
15859.94024	16263.184937
15859.94024	16263.184937
15859.94024	16263.184937
15859.94024	16263.184937
15859.94024	16263.184937
15859.94024	16263.184937
15859.940362	16263.185059
15859.940362	16263.185059
15859.940362	16263.185059
15859.940362	16263.185059
15859.940362	16263.185059
15859.940362	16263.185059
15859.940362	16263.185059
15859.940362	16263.185059
15859.940362	16263.185059
15859.940362	16263.185059
15859.940362	16263.185059
15859.940362	16263.185059
15859.940362	16263.185059
15859.940362	16263.185059
15859.940362	16263.185059
15859.940362	16263.185059
15859.940484	16263.185181
15859.940484	16263.185181
15859.940484	16263.185181
15859.940484	16263.185181
15859.940484	16263.185181
15859.940484	16263.185181
15859.940484	16263.185181
15859.940484	16263.185181
15859.940606	16263.185303
15859.940606	16263.185303
15859.940606	16263.185303
15859.940606	16263.185303
15859.940606	16263.185303
15859.940606	16263.185303
15859.940606	16263.185303
15859.940606	16263.185303
15859.940728	16263.185425
15859.940728	16263.185425
15859.940728	16263.185425
15859.940728	16263.185425
15859.940728	16263.185425
15859.940728	16263.185425
15859.940728	16263.185425
15859.940728	16263.185425
15859.940728	16263.185425
15859.940728	16263.185425
15859.940728	16263.185425
15859.940728	16263.185425
15859.94085	16263.185547
15859.94085	16263.185547
15859.94085	16263.185547
15859.94085	16263.185547
15859.94085	16263.185547
15859.94085	16263.185547
15859.94085	16263.185547
15859.94085	16263.185547
15859.94085	16263.185547
15859.94085	16263.185547
15859.94085	16263.185547
15859.940972	16263.185669
15859.940972	16263.185669
15859.940972	16263.185669
15859.940972	16263.185669
15859.940972	16263.185669
15859.940972	16263.185669
15859.940972	16263.185669
15859.940972	16263.185669
15859.940972	16263.185669
15859.940972	16263.185669
15859.940972	16263.185669
15859.941094	16263.185791
15859.941094	16263.185791
15859.941094	16263.185791
15859.941094	16263.185791
15859.941094	16263.185791
15859.941094	16263.185791
15859.941094	16263.185791
15859.941217	16263.185913
15859.941217	16263.185913
15859.941217	16263.185913
15859.941217	16263.185913
15859.941217	16263.185913
15859.941217	16263.185913
15859.941217	16263.185913
15859.941217	16263.185913
15859.941217	16263.185913
15859.941217	16263.185913
15859.941217	16263.185913
15859.941217	16263.185913
15859.941339	16263.186035
15859.941339	16263.186035
15859.941339	16263.186035
15859.941339	16263.186035
15859.941339	16263.186035
15859.941339	16263.186035
15859.941339	16263.186035
15859.941339	16263.186035
15859.941339	16263.186035
15859.941339	16263.186035
15859.941339	16263.186035
15859.941339	16263.186035
15859.941339	16263.186035
15859.941339	16263.186035
15859.941461	16263.186157
15859.941461	16263.186157
15859.941461	16263.186157
15859.941461	16263.186157
15859.941461	16263.186157
15859.941461	16263.186157
15859.941461	16263.186157
15859.941461	16263.186157
15859.941583	16263.186279
15859.941583	16263.186279
15859.941583	16263.186279
15859.941583	16263.186279
15859.941583	16263.186279
15859.941583	16263.186279
15859.941705	16263.186401
15859.941705	16263.186401
15859.941705	16263.186401
15859.941705	16263.186401
15859.941705	16263.186401
15859.941705	16263.186401
15859.941705	16263.186401
15859.941827	16263.186523
15859.941827	16263.186523
15859.941827	16263.186523
15859.941827	16263.186523
15859.941827	16263.186523
15859.941827	16263.186523
15859.941827	16263.186523
15859.941827	16263.186523
15859.941827	16263.186523
15859.941827	16263.186523
15859.941827	16263.186523
15859.941827	16263.186523
15859.941827	16263.186523
15859.941827	16263.186523
15859.941827	16263.186523
15859.941949	16263.186646
15859.941949	16263.186646
15859.941949	16263.186646
15859.941949	16263.186646
15859.941949	16263.186646
15859.941949	16263.186646
15859.941949	16263.186646
15859.941949	16263.186646
15859.941949	16263.186646
15859.941949	16263.186646
15859.941949	16263.186646
15859.941949	16263.186646
15859.941949	16263.186646
15859.941949	16263.186646
15859.942071	16263.186768
15859.942071	16263.186768
15859.942071	16263.186768
15859.942071	16263.186768
15859.942071	16263.186768
15859.942071	16263.186768
15859.942071	16263.186768
15859.942071	16263.186768
15859.942193	16263.18689
15859.942193	16263.18689
15859.942193	16263.18689
15859.942193	16263.18689
15859.942193	16263.18689
15859.942193	16263.18689
15859.942193	16263.18689
15859.942193	16263.18689
15859.942193	16263.18689
15859.942193	16263.18689
15859.942315	16263.187012
15859.942315	16263.187012
15859.942315	16263.187012
15859.942315	16263.187012
15859.942315	16263.187012
15859.942315	16263.187012
15859.942315	16263.187012
15859.942315	16263.187012
15859.942315	16263.187012
15859.942315	16263.187012
15859.942315	16263.187012
15859.942315	16263.187012
15859.942315	16263.187012
15859.942437	16263.187134
15859.942437	16263.187134
15859.942437	16263.187134
15859.942437	16263.187134
15859.942437	16263.187134
15859.942437	16263.187134
15859.942437	16263.187134
15859.942437	16263.187134
15859.942437	16263.187134
15859.942437	16263.187134
15859.942437	16263.187134
15859.942437	16263.187134
15859.942437	16263.187134
15859.942437	16263.187134
15859.942437	16263.187134
15859.942437	16263.187134
15859.942437	16263.187134
15859.942437	16263.187134
15859.942559	16263.187256
15859.942559	16263.187256
15859.942559	16263.187256
15859.942559	16263.187256
15859.942559	16263.187256
15859.942559	16263.187256
15859.942559	16263.187256
15859.942559	16263.187256
15859.942559	16263.187256
15859.942559	16263.187256
15859.942559	16263.187256
15859.942681	16263.187378
15859.942681	16263.187378
15859.942681	16263.187378
15859.942681	16263.187378
15859.942681	16263.187378
15859.942681	16263.187378
15859.942681	16263.187378
15859.942681	16263.187378
15859.942681	16263.187378
15859.942681	16263.187378
15859.942803	16263.1875
15859.942803	16263.1875
15859.942803	16263.1875
15859.942803	16263.1875
15859.942803	16263.1875
15859.942803	16263.1875
15859.942803	16263.1875
15859.942803	16263.1875
15859.942803	16263.1875
15859.942803	16263.1875
15859.942803	16263.1875
15859.942803	16263.1875
15859.942803	16263.1875
15859.942803	16263.1875
15859.942925	16263.187622
15859.942925	16263.187622
15859.942925	16263.187622
15859.942925	16263.187622
15859.942925	16263.187622
15859.942925	16263.187622
15859.942925	16263.187622
15859.942925	16263.187622
15859.942925	16263.187622
15859.942925	16263.187622
15859.943048	16263.187744
15859.943048	16263.187744
15859.943048	16263.187744
15859.943048	16263.187744
15859.943048	16263.187744
15859.943048	16263.187744
15859.943048	16263.187744
15859.943048	16263.187744
15859.943048	16263.187744
15859.943048	16263.187744
15859.943048	16263.187744
15859.943048	16263.187744
15859.94317	16263.187866
15859.94317	16263.187866
15859.94317	16263.187866
15859.94317	16263.187866
15859.94317	16263.187866
15859.94317	16263.187866
15859.94317	16263.187866
15859.94317	16263.187866
15859.94317	16263.187866
15859.94317	16263.187866
15859.94317	16263.187866
15859.94317	16263.187866
15859.943292	16263.187988
15859.943292	16263.187988
15859.943292	16263.187988
15859.943292	16263.187988
15859.943292	16263.187988
15859.943292	16263.187988
15859.943292	16263.187988
15859.943292	16263.187988
15859.943292	16263.187988
15859.943292	16263.187988
15859.943292	16263.187988
15859.943292	16263.187988
15859.943292	16263.187988
15859.943292	16263.187988
15859.943414	16263.18811
15859.943414	16263.18811
15859.943414	16263.18811
15859.943414	16263.18811
15859.943414	16263.18811
15859.943414	16263.18811
15859.943414	16263.18811
15859.943414	16263.18811
15859.943414	16263.18811
15859.943414	16263.18811
15859.943414	16263.18811
15859.943414	16263.18811
15859.943536	16263.188232
15859.943536	16263.188232
15859.943536	16263.188232
15859.943536	16263.188232
15859.943536	16263.188232
15859.943536	16263.188232
15859.943536	16263.188232
15859.943536	16263.188232
15859.943536	16263.188232
15859.943536	16263.188232
15859.943536	16263.188232
15859.943536	16263.188232
15859.943536	16263.188232
15859.943536	16263.188232
15859.943658	16263.188354
15859.943658	16263.188354
15859.943658	16263.188354
15859.943658	16263.188354
15859.943658	16263.188354
15859.943658	16263.188354
15859.943658	16263.188354
15859.943658	16263.188354
15859.943658	16263.188354
15859.943658	16263.188354
15859.943658	16263.188354
15859.943658	16263.188354
15859.943658	16263.188354
15859.943658	16263.188354
15859.943658	16263.188354
15859.943658	16263.188354
15859.943658	16263.188354
15859.943658	16263.188354
15859.943658	16263.188354
15859.94378	16263.188477
15859.94378	16263.188477
15859.94378	16263.188477
15859.94378	16263.188477
15859.94378	16263.188477
15859.94378	16263.188477
15859.94378	16263.188477
15859.94378	16263.188477
15859.94378	16263.188477
15859.943902	16263.188599
15859.943902	16263.188599
15859.943902	16263.188599
15859.943902	16263.188599
15859.943902	16263.188599
15859.943902	16263.188599
15859.943902	16263.188599
15859.943902	16263.188599
15859.943902	16263.188599
15859.943902	16263.188599
15859.943902	16263.188599
15859.943902	16263.188599
15859.943902	16263.188599
15859.943902	16263.188599
15859.944024	16263.188721
15859.944024	16263.188721
15859.944024	16263.188721
15859.944024	16263.188721
15859.944024	16263.188721
15859.944024	16263.188721
15859.944024	16263.188721
15859.944024	16263.188721
15859.944024	16263.188721
15859.944024	16263.188721
15859.944024	16263.188721
15859.944024	16263.188721
15859.944024	16263.188721
15859.944024	16263.188721
15859.944024	16263.188721
15859.944024	16263.188721
15859.944024	16263.188721
15859.944024	16263.188721
15859.944146	16263.188843
15859.944146	16263.188843
15859.944146	16263.188843
15859.944146	16263.188843
15859.944146	16263.188843
15859.944146	16263.188843
15859.944146	16263.188843
15859.944146	16263.188843
15859.944146	16263.188843
15859.944146	16263.188843
15859.944146	16263.188843
15859.944268	16263.188965
15859.944268	16263.188965
15859.944268	16263.188965
15859.944268	16263.188965
15859.944268	16263.188965
15859.944268	16263.188965
15859.944268	16263.188965
15859.944268	16263.188965
15859.944268	16263.188965
15859.944268	16263.188965
15859.944268	16263.188965
15859.944268	16263.188965
15859.944268	16263.188965
15859.944268	16263.188965
15859.94439	16263.189087
15859.94439	16263.189087
15859.94439	16263.189087
15859.94439	16263.189087
15859.94439	16263.189087
15859.94439	16263.189087
15859.94439	16263.189087
15859.94439	16263.189087
15859.94439	16263.189087
15859.94439	16263.189087
15859.94439	16263.189087
15859.944512	16263.189209
15859.944512	16263.189209
15859.944512	16263.189209
15859.944512	16263.189209
15859.944512	16263.189209
15859.944512	16263.189209
15859.944512	16263.189209
15859.944512	16263.189209
15859.944512	16263.189209
15859.944512	16263.189209
15859.944512	16263.189209
15859.944512	16263.189209
15859.944512	16263.189209
15859.944512	16263.189209
15859.944634	16263.189331
15859.944634	16263.189331
15859.944634	16263.189331
15859.944634	16263.189331
15859.944634	16263.189331
15859.944634	16263.189331
15859.944634	16263.189331
15859.944634	16263.189331
15859.944634	16263.189331
15859.944634	16263.189331
15859.944634	16263.189331
15859.944756	16263.189453
15859.944756	16263.189453
15859.944756	16263.189453
15859.944756	16263.189453
15859.944756	16263.189453
15859.944756	16263.189453
15859.944756	16263.189453
15859.944756	16263.189453
15859.944756	16263.189453
15859.944756	16263.189453
15859.944756	16263.189453
15859.944756	16263.189453
15859.944879	16263.189575
15859.944879	16263.189575
15859.944879	16263.189575
15859.944879	16263.189575
15859.944879	16263.189575
15859.945001	16263.189697
15859.945001	16263.189697
15859.945001	16263.189697
15859.945001	16263.189697
15859.945001	16263.189697
15859.945001	16263.189697
15859.945001	16263.189697
15859.945001	16263.189697
15859.945001	16263.189697
15859.945001	16263.189697
15859.945001	16263.189697
15859.945001	16263.189697
15859.945001	16263.189697
15859.945001	16263.189697
15859.945123	16263.189819
15859.945123	16263.189819
15859.945123	16263.189819
15859.945123	16263.189819
15859.945123	16263.189819
15859.945123	16263.189819
15859.945123	16263.189819
15859.945123	16263.189819
15859.945123	16263.189819
15859.945123	16263.189819
15859.945123	16263.189819
15859.945123	16263.189819
15859.945123	16263.189819
15859.945123	16263.189819
15859.945245	16263.189941
15859.945245	16263.189941
15859.945245	16263.189941
15859.945245	16263.189941
15859.945245	16263.189941
15859.945245	16263.189941
15859.945245	16263.189941
15859.945245	16263.189941
15859.945245	16263.189941
15859.945245	16263.189941
15859.945245	16263.189941
15859.945245	16263.189941
15859.945245	16263.189941
15859.945367	16263.190063
15859.945367	16263.190063
15859.945367	16263.190063
15859.945367	16263.190063
15859.945367	16263.190063
15859.945367	16263.190063
15859.945367	16263.190063
15859.945367	16263.190063
15859.945367	16263.190063
15859.945367	16263.190063
15859.945489	16263.190186
15859.945489	16263.190186
15859.945489	16263.190186
15859.945489	16263.190186
15859.945489	16263.190186
15859.945489	16263.190186
15859.945489	16263.190186
15859.945489	16263.190186
15859.945489	16263.190186
15859.945489	16263.190186
15859.945489	16263.190186
15859.945489	16263.190186
15859.945611	16263.190308
15859.945611	16263.190308
15859.945611	16263.190308
15859.945611	16263.190308
15859.945611	16263.190308
15859.945611	16263.190308
15859.945611	16263.190308
15859.945611	16263.190308
15859.945611	16263.190308
15859.945611	16263.190308
15859.945611	16263.190308
15859.945733	16263.19043
15859.945733	16263.19043
15859.945733	16263.19043
15859.945733	16263.19043
15859.945733	16263.19043
15859.945733	16263.19043
15859.945733	16263.19043
15859.945733	16263.19043
15859.945733	16263.19043
15859.945733	16263.19043
15859.945733	16263.19043
15859.945733	16263.19043
15859.945855	16263.190552
15859.945855	16263.190552
15859.945855	16263.190552
15859.945855	16263.190552
15859.945855	16263.190552
15859.945855	16263.190552
15859.945855	16263.190552
15859.945855	16263.190552
15859.945977	16263.190674
15859.945977	16263.190674
15859.945977	16263.190674
15859.945977	16263.190674
15859.945977	16263.190674
15859.945977	16263.190674
15859.945977	16263.190674
15859.945977	16263.190674
15859.946099	16263.190796
15859.946099	16263.190796
15859.946099	16263.190796
15859.946099	16263.190796
15859.946099	16263.190796
15859.946099	16263.190796
15859.946099	16263.190796
15859.946099	16263.190796
15859.946099	16263.190796
15859.946099	16263.190796
15859.946099	16263.190796
15859.946099	16263.190796
15859.946099	16263.190796
15859.946221	16263.190918
15859.946221	16263.190918
15859.946221	16263.190918
15859.946221	16263.190918
15859.946221	16263.190918
15859.946221	16263.190918
15859.946221	16263.190918
15859.946221	16263.190918
15859.946221	16263.190918
15859.946221	16263.190918
15859.946221	16263.190918
15859.946343	16263.19104
15859.946343	16263.19104
15859.946343	16263.19104
15859.946343	16263.19104
15859.946343	16263.19104
15859.946343	16263.19104
15859.946343	16263.19104
15859.946343	16263.19104
15859.946343	16263.19104
15859.946343	16263.19104
15859.946343	16263.19104
15859.946343	16263.19104
15859.946465	16263.191162
15859.946465	16263.191162
15859.946465	16263.191162
15859.946465	16263.191162
15859.946465	16263.191162
15859.946465	16263.191162
15859.946465	16263.191162
15859.946587	16263.191284
15859.946587	16263.191284
15859.946587	16263.191284
15859.946587	16263.191284
15859.946587	16263.191284
15859.946587	16263.191284
15859.946587	16263.191284
15859.94671	16263.191406
15859.94671	16263.191406
15859.94671	16263.191406
15859.94671	16263.191406
15859.94671	16263.191406
15859.94671	16263.191406
15859.94671	16263.191406
15859.94671	16263.191406
15859.94671	16263.191406
15859.94671	16263.191406
15859.946832	16263.191528
15859.946832	16263.191528
15859.946954	16263.19165
15859.946954	16263.19165
15859.946954	16263.19165
15859.946954	16263.19165
15859.946954	16263.19165
15859.946954	16263.19165
15859.946954	16263.19165
15859.946954	16263.19165
15859.947076	16263.191772
15859.947076	16263.191772
15859.947076	16263.191772
15859.947198	16263.191895
15859.947198	16263.191895
15859.947198	16263.191895
15859.947198	16263.191895
15859.947198	16263.191895
15859.947198	16263.191895
15859.947198	16263.191895
15859.947198	16263.191895
15859.947198	16263.191895
15859.94732	16263.192017
15859.94732	16263.192017
15859.94732	16263.192017
15859.94732	16263.192017
15859.94732	16263.192017
15859.94732	16263.192017
15859.94732	16263.192017
15859.94732	16263.192017
15859.947442	16263.192139
15859.947442	16263.192139
15859.947442	16263.192139
15859.947442	16263.192139
15859.947442	16263.192139
15859.947442	16263.192139
15859.947564	16263.192261
15859.947564	16263.192261
15859.947564	16263.192261
15859.947564	16263.192261
15859.947564	16263.192261
15859.947564	16263.192261
15859.947564	16263.192261
15859.947564	16263.192261
15859.947564	16263.192261
15859.947686	16263.192383
15859.947686	16263.192383
15859.947686	16263.192383
15859.947686	16263.192383
15859.947686	16263.192383
15859.947686	16263.192383
15859.947686	16263.192383
15859.947808	16263.192505
15859.947808	16263.192505
15859.947808	16263.192505
15859.947808	16263.192505
15859.94793	16263.192627
15859.94793	16263.192627
15859.94793	16263.192627
15859.94793	16263.192627
15859.94793	16263.192627
15859.94793	16263.192627
15859.948052	16263.192749
15859.948052	16263.192749
15859.948052	16263.192749
15859.948052	16263.192749
15859.948052	16263.192749
15859.948174	16263.192871
15859.948174	16263.192871
15859.948296	16263.192993
15859.948296	16263.192993
15859.948296	16263.192993
15859.948296	16263.192993
15859.948296	16263.192993
15859.948296	16263.192993
15859.948418	16263.193115
15859.948418	16263.193115
15859.948418	16263.193115
15859.948418	16263.193115
15859.948418	16263.193115
15859.948418	16263.193115
15859.948541	16263.193237
15859.948541	16263.193237
15859.948663	16263.193359
15859.948663	16263.193359
15859.948663	16263.193359
15859.948663	16263.193359
15859.948663	16263.193359
15859.948785	16263.193481
15859.948785	16263.193481
15859.948785	16263.193481
15859.948785	16263.193481
15859.948785	16263.193481
15859.948785	16263.193481
15859.948785	16263.193481
15859.948785	16263.193481
15859.948907	16263.193604
15859.948907	16263.193604
15859.948907	16263.193604
15859.948907	16263.193604
15859.948907	16263.193604
15859.948907	16263.193604
15859.949029	16263.193726
15859.949029	16263.193726
15859.949029	16263.193726
15859.949029	16263.193726
15859.949029	16263.193726
15859.949029	16263.193726
15859.949151	16263.193848
15859.949151	16263.193848
15859.949151	16263.193848
15859.949151	16263.193848
15859.949151	16263.193848
15859.949151	16263.193848
15859.949151	16263.193848
15859.949273	16263.19397
15859.949273	16263.19397
15859.949273	16263.19397
15859.949273	16263.19397
15859.949395	16263.194092
15859.949517	16263.194214
15859.949517	16263.194214
15859.949517	16263.194214
15859.949517	16263.194214
15859.949517	16263.194214
15859.949517	16263.194214
15859.949517	16263.194214
15859.949639	16263.194336
15859.949639	16263.194336
15859.949639	16263.194336
15859.949639	16263.194336
15859.949761	16263.194458
15859.949761	16263.194458
15859.949761	16263.194458
15859.949761	16263.194458
15859.949761	16263.194458
15859.949761	16263.194458
15859.949761	16263.194458
15859.949761	16263.194458
15859.949883	16263.19458
15859.949883	16263.19458
15859.950005	16263.194702
15859.950005	16263.194702
15859.950005	16263.194702
15859.950005	16263.194702
15859.950127	16263.194824
15859.950249	16263.194946
15859.950249	16263.194946
15859.950249	16263.194946
15859.950249	16263.194946
15859.950249	16263.194946
15859.950372	16263.195068
15859.950372	16263.195068
15859.950372	16263.195068
15859.950372	16263.195068
15859.950372	16263.195068
15859.950494	16263.19519
15859.950494	16263.19519
15859.950494	16263.19519
15859.950494	16263.19519
15859.950616	16263.195313
15859.950616	16263.195313
15859.950616	16263.195313
15859.950616	16263.195313
15859.950738	16263.195435
15859.950738	16263.195435
15859.950738	16263.195435
15859.95086	16263.195557
15859.95086	16263.195557
15859.95086	16263.195557
15859.950982	16263.195679
15859.950982	16263.195679
15859.950982	16263.195679
15859.950982	16263.195679
15859.950982	16263.195679
15859.950982	16263.195679
15859.950982	16263.195679
15859.951104	16263.195801
15859.951104	16263.195801
15859.951226	16263.195923
15859.951226	16263.195923
15859.951226	16263.195923
15859.951348	16263.196045
15859.951348	16263.196045
15859.951348	16263.196045
15859.95147	16263.196167
15859.95147	16263.196167
15859.95147	16263.196167
15859.95147	16263.196167
15859.95147	16263.196167
15859.95147	16263.196167
15859.95147	16263.196167
15859.95147	16263.196167
15859.951592	16263.196289
15859.951592	16263.196289
15859.951714	16263.196411
15859.951714	16263.196411
15859.951714	16263.196411
15859.951714	16263.196411
15859.951714	16263.196411
15859.951714	16263.196411
15859.951714	16263.196411
15859.951714	16263.196411
15859.951836	16263.196533
15859.951836	16263.196533
15859.951836	16263.196533
15859.951836	16263.196533
15859.951836	16263.196533
15859.951958	16263.196655
15859.951958	16263.196655
15859.951958	16263.196655
15859.951958	16263.196655
15859.951958	16263.196655
15859.95208	16263.196777
15859.95208	16263.196777
15859.95208	16263.196777
15859.95208	16263.196777
15859.95208	16263.196777
15859.952202	16263.196899
15859.952202	16263.196899
15859.952202	16263.196899
15859.952325	16263.197021
15859.952325	16263.197021
15859.952325	16263.197021
15859.952447	16263.197144
15859.952447	16263.197144
15859.952447	16263.197144
15859.952447	16263.197144
15859.952447	16263.197144
15859.952447	16263.197144
15859.952447	16263.197144
15859.952569	16263.197266
15859.952569	16263.197266
15859.952691	16263.197388
15859.952691	16263.197388
15859.952691	16263.197388
15859.952691	16263.197388
15859.952935	16263.197632
15859.952935	16263.197632
15859.952935	16263.197632
15859.952935	16263.197632
15859.952935	16263.197632
15859.953057	16263.197754
15859.953057	16263.197754
15859.953057	16263.197754
15859.953301	16263.197998
15859.953301	16263.197998
15859.953301	16263.197998
15859.953301	16263.197998
15859.953423	16263.19812
15859.953423	16263.19812
15859.953545	16263.198242
15859.953545	16263.198242
15859.953545	16263.198242
15859.953545	16263.198242
15859.953545	16263.198242
15859.953667	16263.198364
15859.953667	16263.198364
15859.953789	16263.198486
15859.953789	16263.198486
15859.953789	16263.198486
15859.953911	16263.198608
15859.953911	16263.198608
15859.953911	16263.198608
15859.953911	16263.198608
15859.953911	16263.198608
15859.953911	16263.198608
15859.954033	16263.19873
15859.954033	16263.19873
15859.954033	16263.19873
15859.954033	16263.19873
15859.954033	16263.19873
15859.954156	16263.198853
15859.954156	16263.198853
15859.954156	16263.198853
15859.954156	16263.198853
15859.954156	16263.198853
15859.954156	16263.198853
15859.954278	16263.198975
15859.954278	16263.198975
15859.954278	16263.198975
15859.954278	16263.198975
15859.9544	16263.199097
15859.9544	16263.199097
15859.954522	16263.199219
15859.954522	16263.199219
15859.954644	16263.199341
15859.954644	16263.199341
15859.954644	16263.199341
15859.954766	16263.199463
15859.954766	16263.199463
15859.954888	16263.199585
15859.954888	16263.199585
15859.954888	16263.199585
15859.954888	16263.199585
15859.954888	16263.199585
15859.95501	16263.199707
15859.95501	16263.199707
15859.95501	16263.199707
15859.95501	16263.199707
15859.955132	16263.199829
15859.955132	16263.199829
15859.955254	16263.199951
15859.955254	16263.199951
15859.955254	16263.199951
15859.955254	16263.199951
15859.955254	16263.199951
15859.955376	16263.200073
15859.955376	16263.200073
15859.955376	16263.200073
15859.955376	16263.200073
15859.955376	16263.200073
15859.955498	16263.200195
15859.955498	16263.200195
15859.955498	16263.200195
15859.955498	16263.200195
15859.955498	16263.200195
15859.955498	16263.200195
15859.955498	16263.200195
15859.955498	16263.200195
15859.95562	16263.200317
15859.955742	16263.200439
15859.955864	16263.200562
15859.955864	16263.200562
15859.955864	16263.200562
15859.955864	16263.200562
15859.955987	16263.200684
15859.955987	16263.200684
15859.955987	16263.200684
15859.956109	16263.200806
15859.956231	16263.200928
15859.956231	16263.200928
15859.956353	16263.20105
15859.956353	16263.20105
15859.956353	16263.20105
15859.956475	16263.201172
15859.956475	16263.201172
15859.956597	16263.201294
15859.956597	16263.201294
15859.956597	16263.201294
15859.956597	16263.201294
15859.956719	16263.201416
15859.956719	16263.201416
15859.956841	16263.201538
15859.956963	16263.20166
15859.956963	16263.20166
15859.957085	16263.201782
15859.957085	16263.201782
15859.957207	16263.201904
15859.957329	16263.202026
15859.957329	16263.202026
15859.957329	16263.202026
15859.957329	16263.202026
15859.957451	16263.202148
15859.957573	16263.202271
15859.957573	16263.202271
15859.957573	16263.202271
15859.957573	16263.202271
15859.957695	16263.202393
15859.957695	16263.202393
15859.957695	16263.202393
15859.957695	16263.202393
15859.957695	16263.202393
15859.957695	16263.202393
15859.957695	16263.202393
15859.957818	16263.202515
15859.957818	16263.202515
15859.957818	16263.202515
15859.95794	16263.202637
15859.95794	16263.202637
15859.95794	16263.202637
15859.958062	16263.202759
15859.958062	16263.202759
15859.958062	16263.202759
15859.958062	16263.202759
15859.958062	16263.202759
15859.958184	16263.202881
15859.958184	16263.202881
15859.958428	16263.203125
15859.958428	16263.203125
15859.958428	16263.203125
15859.95855	16263.203247
15859.95855	16263.203247
15859.95855	16263.203247
15859.958672	16263.203369
15859.958794	16263.203491
15859.958916	16263.203613
15859.958916	16263.203613
15859.958916	16263.203613
15859.959038	16263.203735
15859.959038	16263.203735
15859.95916	16263.203857
15859.95916	16263.203857
15859.959282	16263.203979
15859.959282	16263.203979
15859.959282	16263.203979
15859.959282	16263.203979
15859.959282	16263.203979
15859.959404	16263.204102
15859.959404	16263.204102
15859.959526	16263.204224
15859.959526	16263.204224
15859.959526	16263.204224
15859.959771	16263.204468
15859.959771	16263.204468
15859.959771	16263.204468
15859.959771	16263.204468
15859.959893	16263.20459
15859.960015	16263.204712
15859.960137	16263.204834
15859.960503	16263.2052
15859.960625	16263.205322
15859.960747	16263.205444
15859.960747	16263.205444
15859.960869	16263.205566
15859.961113	16263.205811
15859.961235	16263.205933
15859.961235	16263.205933
15859.96148	16263.206177
15859.96148	16263.206177
15859.96148	16263.206177
15859.96148	16263.206177
15859.961846	16263.206543
15859.96209	16263.206787
15859.962212	16263.206909
15859.962212	16263.206909
15859.962212	16263.206909
15859.962212	16263.206909
15859.962212	16263.206909
15859.962334	16263.207031
15859.962334	16263.207031
15859.962456	16263.207153
15859.962456	16263.207153
15859.9627	16263.207397
15859.9627	16263.207397
15859.962822	16263.20752
15859.962822	16263.20752
15859.962822	16263.20752
15859.962944	16263.207642
15859.963066	16263.207764
15859.963066	16263.207764
15859.963311	16263.208008
15859.963311	16263.208008
15859.963311	16263.208008
15859.963555	16263.208252
15859.963677	16263.208374
15859.963921	16263.208618
15859.964043	16263.20874
15859.964287	16263.208984
15859.964409	16263.209106
15859.964531	16263.209229
15859.964653	16263.209351
15859.964775	16263.209473
15859.964897	16263.209595
15859.964897	16263.209595
15859.965142	16263.209839
15859.965142	16263.209839
15859.965142	16263.209839
15859.965264	16263.209961
15859.965264	16263.209961
15859.965264	16263.209961
15859.965386	16263.210083
15859.965508	16263.210205
15859.965508	16263.210205
15859.96563	16263.210327
15859.965996	16263.210693
15859.965996	16263.210693
15859.966118	16263.210815
15859.96624	16263.210938
15859.966484	16263.211182
15859.966606	16263.211304
15859.966728	16263.211426
15859.96685	16263.211548
15859.967217	16263.211914
15859.967339	16263.212036
15859.967339	16263.212036
15859.967705	16263.212402
15859.967827	16263.212524
15859.967827	16263.212524
15859.968071	16263.212769
15859.968437	16263.213135
15859.968437	16263.213135
15859.968559	16263.213257
15859.968804	16263.213501
15859.968804	16263.213501
15859.96917	16263.213867
15859.96978	16263.214478
15859.970146	16263.214844
15859.970268	16263.214966
15859.970268	16263.214966
15859.970268	16263.214966
15859.970757	16263.215454
15859.970879	16263.215576
15859.971123	16263.21582
15859.971245	16263.215942
15859.971489	16263.216187
15859.971611	16263.216309
15859.971733	16263.216431
15859.971855	16263.216553
15859.971977	16263.216675
15859.972221	16263.216919
15859.972221	16263.216919
15859.972343	16263.217041
15859.972343	16263.217041
15859.972832	16263.217529
15859.97332	16263.218018
15859.97332	16263.218018
15859.973442	16263.21814
15859.973564	16263.218262
15859.974296	16263.218994
15859.975029	16263.219727
15859.975639	16263.220337
15859.976372	16263.221069
15859.976738	16263.221436
15859.976738	16263.221436
15859.97686	16263.221558
15859.976982	16263.22168
15859.977592	16263.22229
15859.977714	16263.222412
15859.978447	16263.223145
15859.979301	16263.223999
15859.979301	16263.223999
15859.979545	16263.224243
15859.979545	16263.224243
15859.979545	16263.224243
15859.979545	16263.224243
15859.979912	16263.224609
15859.98101	16263.225708
15859.981376	16263.226074
15859.982841	16263.227539
15859.982963	16263.227661
15859.983451	16263.228149
15859.983574	16263.228271
15859.984184	16263.228882
15859.984184	16263.228882
15859.985038	16263.229736
15859.98516	16263.229858
15859.98516	16263.229858
15859.985282	16263.22998
15859.985282	16263.22998
15859.986015	16263.230713
15859.986747	16263.231445
15859.986869	16263.231567
15859.987358	16263.232056
15859.98748	16263.232178
15859.987602	16263.2323
15859.987724	16263.232422
15859.988944	16263.233643
15859.988944	16263.233643
15859.989311	16263.234009
15859.990287	16263.234985
15859.990653	16263.235352
15859.99102	16263.235718
15859.991752	16263.23645
15859.992362	16263.237061
