#ttrig = 90890757.3784
# time 	 unbarycentered time 
11384.433754	11787.395996
11384.436318	11787.39856
11384.437782	11787.400024
11384.43998	11787.402222
11384.442177	11787.404419
11384.454017	11787.41626
11384.454261	11787.416504
11384.461463	11787.423706
11384.462195	11787.424438
11384.462806	11787.425049
11384.473059	11787.435303
11384.474768	11787.437012
11384.474768	11787.437012
11384.475134	11787.437378
11384.475256	11787.4375
11384.475867	11787.43811
11384.476233	11787.438477
11384.477087	11787.439331
11384.477087	11787.439331
11384.477331	11787.439575
11384.478064	11787.440308
11384.478552	11787.440796
11384.478796	11787.44104
11384.478796	11787.44104
11384.479162	11787.441406
11384.479284	11787.441528
11384.479284	11787.441528
11384.479284	11787.441528
11384.479773	11787.442017
11384.480139	11787.442383
11384.480139	11787.442383
11384.480261	11787.442505
11384.480871	11787.443115
11384.480993	11787.443237
11384.481115	11787.443359
11384.481359	11787.443604
11384.481726	11787.44397
11384.482092	11787.444336
11384.48258	11787.444824
11384.482824	11787.445068
11384.482946	11787.44519
11384.482946	11787.44519
11384.483068	11787.445313
11384.483801	11787.446045
11384.484045	11787.446289
11384.484777	11787.447021
11384.484899	11787.447144
11384.484899	11787.447144
11384.485021	11787.447266
11384.485388	11787.447632
11384.485876	11787.44812
11384.486486	11787.44873
11384.486486	11787.44873
11384.486852	11787.449097
11384.486852	11787.449097
11384.486974	11787.449219
11384.487707	11787.449951
11384.487707	11787.449951
11384.487951	11787.450195
11384.488805	11787.45105
11384.488927	11787.451172
11384.489172	11787.451416
11384.489294	11787.451538
11384.489416	11787.45166
11384.490392	11787.452637
11384.491003	11787.453247
11384.491491	11787.453735
11384.492833	11787.455078
11384.4932	11787.455444
11384.493688	11787.455933
11384.494542	11787.456787
11384.495519	11787.457764
11384.495763	11787.458008
11384.497716	11787.459961
11384.498448	11787.460693
11384.49857	11787.460815
11384.498693	11787.460938
11384.501256	11787.463501
11384.502965	11787.46521
11384.503209	11787.465454
11384.504552	11787.466797
11384.504674	11787.466919
11384.506505	11787.46875
11384.514439	11787.476685
11384.514805	11787.477051
11384.514927	11787.477173
11384.51627	11787.478516
11384.517735	11787.47998
11384.520298	11787.482544
11384.524814	11787.487061
11384.526157	11787.488403
11384.526645	11787.488892
11384.530795	11787.493042
11384.53519	11787.497437
11384.537753	11787.5
11384.538241	11787.500488
11384.539096	11787.501343
11384.54349	11787.505737
11384.546664	11787.508911
11384.547762	11787.51001
11384.548129	11787.510376
11384.550082	11787.512329
11384.550082	11787.512329
11384.551791	11787.514038
11384.552157	11787.514404
11384.552157	11787.514404
11384.552889	11787.515137
11384.553011	11787.515259
11384.556429	11787.518677
11384.558992	11787.52124
11384.560335	11787.522583
11384.560335	11787.522583
11384.56302	11787.525269
11384.567171	11787.529419
11384.567171	11787.529419
11384.575959	11787.538208
11384.577302	11787.539551
11384.583527	11787.545776
11384.586091	11787.54834
11384.587067	11787.549316
11384.590119	11787.552368
11384.590363	11787.552612
11384.591583	11787.553833
11384.591706	11787.553955
11384.592194	11787.554443
11384.592438	11787.554688
11384.592438	11787.554688
11384.592804	11787.555054
11384.593048	11787.555298
11384.59317	11787.55542
11384.593414	11787.555664
11384.593659	11787.555908
11384.595245	11787.557495
11384.597076	11787.559326
11384.597931	11787.560181
11384.598175	11787.560425
11384.600494	11787.562744
11384.601349	11787.563599
11384.601593	11787.563843
11384.605621	11787.567871
11384.605987	11787.568237
11384.60855	11787.570801
11384.612701	11787.574951
11384.612945	11787.575195
11384.613067	11787.575317
11384.617339	11787.57959
11384.617705	11787.579956
11384.617949	11787.5802
11384.619048	11787.581299
11384.620147	11787.582397
11384.623808	11787.58606
11384.62393	11787.586182
11384.624907	11787.587158
11384.625395	11787.587646
11384.626006	11787.588257
11384.626616	11787.588867
11384.626982	11787.589233
11384.628203	11787.590454
11384.628569	11787.59082
11384.629423	11787.591675
11384.630156	11787.592407
11384.6304	11787.592651
11384.631254	11787.593506
11384.631254	11787.593506
11384.631376	11787.593628
11384.631743	11787.593994
11384.633207	11787.595459
11384.633329	11787.595581
11384.633818	11787.596069
11384.63455	11787.596802
11384.636381	11787.598633
11384.637113	11787.599365
11384.6387	11787.600952
11384.639921	11787.602173
11384.641264	11787.603516
11384.64224	11787.604492
11384.642362	11787.604614
11384.642728	11787.60498
11384.644559	11787.606812
11384.644681	11787.606934
11384.644926	11787.607178
11384.645292	11787.607544
11384.645292	11787.607544
11384.645658	11787.60791
11384.64578	11787.608032
11384.645902	11787.608154
11384.646512	11787.608765
11384.647123	11787.609375
11384.647245	11787.609497
11384.647489	11787.609741
11384.648221	11787.610474
11384.648587	11787.61084
11384.648832	11787.611084
11384.649808	11787.612061
11384.650418	11787.612671
11384.650907	11787.613159
11384.650907	11787.613159
11384.651029	11787.613281
11384.651029	11787.613281
11384.651273	11787.613525
11384.652005	11787.614258
11384.652249	11787.614502
11384.652616	11787.614868
11384.654324	11787.616577
11384.654935	11787.617188
11384.655301	11787.617554
11384.656155	11787.618408
11384.6564	11787.618652
11384.6564	11787.618652
11384.656522	11787.618774
11384.657132	11787.619385
11384.65762	11787.619873
11384.65762	11787.619873
11384.658719	11787.620972
11384.658963	11787.621216
11384.659085	11787.621338
11384.660306	11787.622559
11384.660672	11787.622925
11384.660794	11787.623047
11384.661038	11787.623291
11384.661892	11787.624146
11384.661892	11787.624146
11384.662259	11787.624512
11384.662869	11787.625122
11384.663113	11787.625366
11384.663113	11787.625366
11384.664212	11787.626465
11384.664456	11787.626709
11384.664578	11787.626831
11384.664578	11787.626831
11384.665066	11787.627319
11384.665799	11787.628052
11384.665799	11787.628052
11384.665921	11787.628174
11384.666653	11787.628906
11384.667019	11787.629272
11384.667141	11787.629395
11384.66763	11787.629883
11384.668118	11787.630371
11384.66824	11787.630493
11384.66885	11787.631104
11384.669338	11787.631592
11384.670071	11787.632324
11384.670193	11787.632446
11384.670559	11787.632813
11384.671291	11787.633545
11384.671291	11787.633545
11384.67178	11787.634033
11384.672146	11787.634399
11384.672756	11787.63501
11384.673	11787.635254
11384.673611	11787.635864
11384.673855	11787.636108
11384.673977	11787.63623
11384.673977	11787.63623
11384.674099	11787.636353
11384.674099	11787.636353
11384.674099	11787.636353
11384.674099	11787.636353
11384.674587	11787.636841
11384.674953	11787.637207
11384.675197	11787.637451
11384.67532	11787.637573
11384.67532	11787.637573
11384.675442	11787.637695
11384.675564	11787.637817
11384.676174	11787.638428
11384.676296	11787.63855
11384.677028	11787.639282
11384.677639	11787.639893
11384.678493	11787.640747
11384.678615	11787.640869
11384.678615	11787.640869
11384.678737	11787.640991
11384.678737	11787.640991
11384.68008	11787.642334
11384.68008	11787.642334
11384.68069	11787.642944
11384.680812	11787.643066
11384.680935	11787.643188
11384.681179	11787.643433
11384.681789	11787.644043
11384.682399	11787.644653
11384.68301	11787.645264
11384.683742	11787.645996
11384.683986	11787.64624
11384.683986	11787.64624
11384.684963	11787.647217
11384.685085	11787.647339
11384.685085	11787.647339
11384.686061	11787.648315
11384.686794	11787.649048
11384.687648	11787.649902
11384.688258	11787.650513
11384.688625	11787.650879
11384.688747	11787.651001
11384.688869	11787.651123
11384.688869	11787.651123
11384.688991	11787.651245
11384.690333	11787.652588
11384.6907	11787.652954
11384.690822	11787.653076
11384.690822	11787.653076
11384.690822	11787.653076
11384.691676	11787.653931
11384.691676	11787.653931
11384.692409	11787.654663
11384.692409	11787.654663
11384.692775	11787.655029
11384.693385	11787.65564
11384.693507	11787.655762
11384.69424	11787.656494
11384.694362	11787.656616
11384.694606	11787.65686
11384.694728	11787.656982
11384.695216	11787.657471
11384.69546	11787.657715
11384.695948	11787.658203
11384.695948	11787.658203
11384.69607	11787.658325
11384.69607	11787.658325
11384.696193	11787.658447
11384.696803	11787.659058
11384.697901	11787.660156
11384.698268	11787.660522
11384.699	11787.661255
11384.699122	11787.661377
11384.699366	11787.661621
11384.69961	11787.661865
11384.69961	11787.661865
11384.699732	11787.661987
11384.699732	11787.661987
11384.700587	11787.662842
11384.701197	11787.663452
11384.701685	11787.66394
11384.701807	11787.664063
11384.70193	11787.664185
11384.702418	11787.664673
11384.70254	11787.664795
11384.70254	11787.664795
11384.70254	11787.664795
11384.702662	11787.664917
11384.702784	11787.665039
11384.70315	11787.665405
11384.703394	11787.665649
11384.703394	11787.665649
11384.703516	11787.665771
11384.703638	11787.665894
11384.704005	11787.66626
11384.704371	11787.666626
11384.704615	11787.66687
11384.704737	11787.666992
11384.705103	11787.667358
11384.705225	11787.66748
11384.705347	11787.667603
11384.705836	11787.668091
11384.705836	11787.668091
11384.705958	11787.668213
11384.70608	11787.668335
11384.706202	11787.668457
11384.706446	11787.668701
11384.70669	11787.668945
11384.706812	11787.669067
11384.706934	11787.669189
11384.707056	11787.669312
11384.707056	11787.669312
11384.7073	11787.669556
11384.707545	11787.6698
11384.707545	11787.6698
11384.707545	11787.6698
11384.707789	11787.670044
11384.707789	11787.670044
11384.707789	11787.670044
11384.708033	11787.670288
11384.708155	11787.67041
11384.708155	11787.67041
11384.708643	11787.670898
11384.709253	11787.671509
11384.709375	11787.671631
11384.709498	11787.671753
11384.710718	11787.672974
11384.710718	11787.672974
11384.710718	11787.672974
11384.711084	11787.67334
11384.711206	11787.673462
11384.711451	11787.673706
11384.711573	11787.673828
11384.712427	11787.674683
11384.712549	11787.674805
11384.712671	11787.674927
11384.713037	11787.675293
11384.713037	11787.675293
11384.71377	11787.676025
11384.71438	11787.676636
11384.714502	11787.676758
11384.714746	11787.677002
11384.715967	11787.678223
11384.716211	11787.678467
11384.716699	11787.678955
11384.716699	11787.678955
11384.716943	11787.679199
11384.717066	11787.679321
11384.717188	11787.679443
11384.717188	11787.679443
11384.717432	11787.679688
11384.717554	11787.67981
11384.717554	11787.67981
11384.717676	11787.679932
11384.717798	11787.680054
11384.717798	11787.680054
11384.718164	11787.68042
11384.718408	11787.680664
11384.718774	11787.68103
11384.718896	11787.681152
11384.719141	11787.681396
11384.719263	11787.681519
11384.719507	11787.681763
11384.719751	11787.682007
11384.719873	11787.682129
11384.719995	11787.682251
11384.720117	11787.682373
11384.720117	11787.682373
11384.720117	11787.682373
11384.720727	11787.682983
11384.721338	11787.683594
11384.72146	11787.683716
11384.721826	11787.684082
11384.721826	11787.684082
11384.722314	11787.68457
11384.722314	11787.68457
11384.722436	11787.684692
11384.723047	11787.685303
11384.723291	11787.685547
11384.725244	11787.6875
11384.725732	11787.687988
11384.727197	11787.689453
11384.727319	11787.689575
11384.727807	11787.690063
11384.728051	11787.690308
11384.72854	11787.690796
11384.728662	11787.690918
11384.729394	11787.69165
11384.731347	11787.693604
11384.731713	11787.69397
11384.731957	11787.694214
11384.732201	11787.694458
11384.732446	11787.694702
11384.732568	11787.694824
11384.73269	11787.694946
11384.732812	11787.695068
11384.733056	11787.695313
11384.733422	11787.695679
11384.734277	11787.696533
11384.734277	11787.696533
11384.734521	11787.696777
11384.735375	11787.697632
11384.735619	11787.697876
11384.735741	11787.697998
11384.737206	11787.699463
11384.737206	11787.699463
11384.73745	11787.699707
11384.73745	11787.699707
11384.737816	11787.700073
11384.738793	11787.70105
11384.739525	11787.701782
11384.739525	11787.701782
11384.742089	11787.704346
11384.745507	11787.707764
11384.748924	11787.711182
11384.750389	11787.712646
11384.753685	11787.715942
11384.754905	11787.717163
11384.75576	11787.718018
11384.756126	11787.718384
11384.758934	11787.721191
11384.758934	11787.721191
11384.760642	11787.7229
11384.761985	11787.724243
11384.762229	11787.724487
11384.762473	11787.724731
11384.763938	11787.726196
11384.764182	11787.72644
11384.764549	11787.726807
11384.768577	11787.730835
11384.768943	11787.731201
11384.771628	11787.733887
11384.773093	11787.735352
11384.773825	11787.736084
11384.774192	11787.73645
11384.776511	11787.73877
11384.776511	11787.73877
11384.776511	11787.73877
11384.777243	11787.739502
11384.777365	11787.739624
11384.777365	11787.739624
11384.777976	11787.740234
11384.77944	11787.741699
11384.780295	11787.742554
11384.780295	11787.742554
11384.780783	11787.743042
11384.780783	11787.743042
11384.781149	11787.743408
11384.781638	11787.743896
11384.785788	11787.748047
11384.786154	11787.748413
11384.791281	11787.75354
11384.792257	11787.754517
11384.792379	11787.754639
11384.794576	11787.756836
11384.795919	11787.758179
11384.797872	11787.760132
11384.800313	11787.762573
11384.802022	11787.764282
11384.802266	11787.764526
11384.806172	11787.768433
11384.807027	11787.769287
11384.807149	11787.769409
11384.807393	11787.769653
11384.807637	11787.769897
11384.80837	11787.77063
11384.814595	11787.776855
11384.814717	11787.776978
11384.817524	11787.779785
11384.817891	11787.780151
11384.820698	11787.782959
11384.822163	11787.784424
11384.824116	11787.786377
11384.824116	11787.786377
11384.828632	11787.790894
11384.835956	11787.798218
11384.84267	11787.804932
11384.845599	11787.807861
11384.84621	11787.808472
11384.85927	11787.821533
11384.85927	11787.821533
11384.860003	11787.822266
11384.860369	11787.822632
11384.861223	11787.823486
11384.863054	11787.825317
11384.865129	11787.827393
11384.871355	11787.833618
