#ttrig = 90918480.3784
# time 	 unbarycentered time 
17056.213597	17461.112183
17056.21372	17461.112305
17056.215795	17461.11438
17056.215795	17461.11438
17056.216649	17461.115234
17056.217992	17461.116577
17056.222875	17461.12146
17056.222997	17461.121582
17056.223363	17461.121948
17056.223851	17461.122437
17056.224705	17461.123291
17056.226048	17461.124634
17056.227025	17461.12561
17056.227879	17461.126465
17056.228245	17461.126831
17056.228612	17461.127197
17056.230198	17461.128784
17056.23264	17461.131226
17056.23386	17461.132446
17056.234837	17461.133423
17056.235325	17461.133911
17056.235447	17461.134033
17056.235691	17461.134277
17056.235814	17461.134399
17056.235814	17461.134399
17056.239231	17461.137817
17056.240818	17461.139404
17056.241062	17461.139648
17056.241184	17461.139771
17056.241307	17461.139893
17056.241429	17461.140015
17056.241429	17461.140015
17056.241673	17461.140259
17056.241673	17461.140259
17056.242039	17461.140625
17056.242161	17461.140747
17056.242405	17461.140991
17056.242405	17461.140991
17056.242405	17461.140991
17056.242527	17461.141113
17056.242527	17461.141113
17056.242649	17461.141235
17056.242649	17461.141235
17056.242771	17461.141357
17056.242893	17461.141479
17056.243015	17461.141602
17056.243015	17461.141602
17056.243015	17461.141602
17056.243138	17461.141724
17056.243138	17461.141724
17056.24326	17461.141846
17056.24326	17461.141846
17056.24326	17461.141846
17056.24326	17461.141846
17056.24326	17461.141846
17056.243382	17461.141968
17056.243382	17461.141968
17056.243748	17461.142334
17056.243748	17461.142334
17056.243748	17461.142334
17056.244114	17461.1427
17056.244114	17461.1427
17056.244114	17461.1427
17056.244114	17461.1427
17056.244236	17461.142822
17056.244236	17461.142822
17056.24448	17461.143066
17056.24448	17461.143066
17056.24448	17461.143066
17056.244602	17461.143188
17056.244602	17461.143188
17056.244724	17461.143311
17056.244846	17461.143433
17056.244969	17461.143555
17056.245091	17461.143677
17056.245091	17461.143677
17056.245091	17461.143677
17056.245091	17461.143677
17056.245213	17461.143799
17056.245213	17461.143799
17056.245213	17461.143799
17056.245335	17461.143921
17056.245457	17461.144043
17056.245579	17461.144165
17056.245579	17461.144165
17056.245579	17461.144165
17056.245701	17461.144287
17056.245701	17461.144287
17056.245823	17461.144409
17056.245823	17461.144409
17056.245823	17461.144409
17056.245945	17461.144531
17056.245945	17461.144531
17056.246067	17461.144653
17056.246067	17461.144653
17056.246067	17461.144653
17056.246067	17461.144653
17056.246189	17461.144775
17056.246189	17461.144775
17056.246189	17461.144775
17056.246189	17461.144775
17056.246311	17461.144897
17056.246311	17461.144897
17056.246311	17461.144897
17056.246433	17461.14502
17056.246433	17461.14502
17056.246433	17461.14502
17056.246433	17461.14502
17056.246555	17461.145142
17056.246555	17461.145142
17056.246555	17461.145142
17056.246677	17461.145264
17056.246677	17461.145264
17056.246922	17461.145508
17056.247044	17461.14563
17056.247044	17461.14563
17056.247044	17461.14563
17056.247044	17461.14563
17056.247044	17461.14563
17056.247166	17461.145752
17056.247288	17461.145874
17056.247654	17461.14624
17056.247654	17461.14624
17056.247654	17461.14624
17056.247776	17461.146362
17056.247776	17461.146362
17056.247898	17461.146484
17056.247898	17461.146484
17056.24802	17461.146606
17056.24802	17461.146606
17056.24802	17461.146606
17056.248142	17461.146729
17056.248264	17461.146851
17056.248508	17461.147095
17056.248508	17461.147095
17056.248508	17461.147095
17056.248508	17461.147095
17056.248631	17461.147217
17056.248631	17461.147217
17056.248753	17461.147339
17056.248753	17461.147339
17056.248875	17461.147461
17056.248875	17461.147461
17056.248875	17461.147461
17056.248875	17461.147461
17056.248997	17461.147583
17056.248997	17461.147583
17056.248997	17461.147583
17056.248997	17461.147583
17056.248997	17461.147583
17056.249119	17461.147705
17056.249119	17461.147705
17056.249241	17461.147827
17056.249241	17461.147827
17056.249241	17461.147827
17056.249241	17461.147827
17056.249241	17461.147827
17056.249363	17461.147949
17056.249363	17461.147949
17056.249363	17461.147949
17056.249363	17461.147949
17056.249485	17461.148071
17056.249607	17461.148193
17056.249607	17461.148193
17056.249607	17461.148193
17056.249729	17461.148315
17056.249729	17461.148315
17056.249729	17461.148315
17056.249729	17461.148315
17056.249851	17461.148438
17056.250095	17461.148682
17056.250095	17461.148682
17056.250095	17461.148682
17056.250217	17461.148804
17056.250217	17461.148804
17056.250461	17461.149048
17056.250461	17461.149048
17056.250461	17461.149048
17056.250584	17461.14917
17056.250584	17461.14917
17056.250706	17461.149292
17056.250828	17461.149414
17056.250828	17461.149414
17056.250828	17461.149414
17056.25095	17461.149536
17056.25095	17461.149536
17056.251072	17461.149658
17056.251072	17461.149658
17056.251072	17461.149658
17056.251072	17461.149658
17056.251072	17461.149658
17056.251194	17461.14978
17056.251316	17461.149902
17056.251316	17461.149902
17056.251316	17461.149902
17056.251316	17461.149902
17056.251438	17461.150024
17056.251438	17461.150024
17056.251438	17461.150024
17056.25156	17461.150146
17056.25156	17461.150146
17056.251682	17461.150269
17056.251682	17461.150269
17056.251804	17461.150391
17056.251926	17461.150513
17056.251926	17461.150513
17056.251926	17461.150513
17056.251926	17461.150513
17056.252048	17461.150635
17056.252048	17461.150635
17056.252048	17461.150635
17056.25217	17461.150757
17056.25217	17461.150757
17056.25217	17461.150757
17056.25217	17461.150757
17056.252292	17461.150879
17056.252292	17461.150879
17056.252415	17461.151001
17056.252415	17461.151001
17056.252415	17461.151001
17056.252537	17461.151123
17056.252659	17461.151245
17056.252659	17461.151245
17056.252659	17461.151245
17056.252781	17461.151367
17056.252781	17461.151367
17056.252781	17461.151367
17056.252781	17461.151367
17056.252781	17461.151367
17056.252903	17461.151489
17056.252903	17461.151489
17056.252903	17461.151489
17056.252903	17461.151489
17056.252903	17461.151489
17056.253025	17461.151611
17056.253025	17461.151611
17056.253025	17461.151611
17056.253025	17461.151611
17056.253147	17461.151733
17056.253147	17461.151733
17056.253147	17461.151733
17056.253147	17461.151733
17056.253147	17461.151733
17056.253147	17461.151733
17056.253147	17461.151733
17056.253269	17461.151855
17056.253269	17461.151855
17056.253269	17461.151855
17056.253269	17461.151855
17056.253269	17461.151855
17056.253269	17461.151855
17056.253391	17461.151978
17056.253391	17461.151978
17056.253391	17461.151978
17056.253391	17461.151978
17056.253513	17461.1521
17056.253513	17461.1521
17056.253513	17461.1521
17056.253513	17461.1521
17056.253513	17461.1521
17056.253635	17461.152222
17056.253635	17461.152222
17056.253635	17461.152222
17056.253635	17461.152222
17056.253757	17461.152344
17056.253757	17461.152344
17056.253757	17461.152344
17056.253757	17461.152344
17056.253757	17461.152344
17056.253757	17461.152344
17056.253757	17461.152344
17056.253757	17461.152344
17056.253757	17461.152344
17056.253757	17461.152344
17056.253879	17461.152466
17056.253879	17461.152466
17056.253879	17461.152466
17056.253879	17461.152466
17056.253879	17461.152466
17056.253879	17461.152466
17056.253879	17461.152466
17056.253879	17461.152466
17056.254001	17461.152588
17056.254001	17461.152588
17056.254001	17461.152588
17056.254001	17461.152588
17056.254001	17461.152588
17056.254001	17461.152588
17056.254001	17461.152588
17056.254001	17461.152588
17056.254123	17461.15271
17056.254123	17461.15271
17056.254123	17461.15271
17056.254123	17461.15271
17056.254123	17461.15271
17056.254123	17461.15271
17056.254246	17461.152832
17056.254246	17461.152832
17056.254246	17461.152832
17056.254246	17461.152832
17056.254246	17461.152832
17056.254246	17461.152832
17056.254246	17461.152832
17056.254368	17461.152954
17056.254368	17461.152954
17056.254368	17461.152954
17056.254368	17461.152954
17056.254368	17461.152954
17056.25449	17461.153076
17056.25449	17461.153076
17056.25449	17461.153076
17056.25449	17461.153076
17056.25449	17461.153076
17056.25449	17461.153076
17056.25449	17461.153076
17056.25449	17461.153076
17056.25449	17461.153076
17056.254612	17461.153198
17056.254612	17461.153198
17056.254612	17461.153198
17056.254612	17461.153198
17056.254612	17461.153198
17056.254612	17461.153198
17056.254612	17461.153198
17056.254612	17461.153198
17056.254612	17461.153198
17056.254612	17461.153198
17056.254612	17461.153198
17056.254612	17461.153198
17056.254612	17461.153198
17056.254734	17461.15332
17056.254734	17461.15332
17056.254734	17461.15332
17056.254734	17461.15332
17056.254734	17461.15332
17056.254734	17461.15332
17056.254734	17461.15332
17056.254734	17461.15332
17056.254734	17461.15332
17056.254734	17461.15332
17056.254734	17461.15332
17056.254734	17461.15332
17056.254734	17461.15332
17056.254856	17461.153442
17056.254856	17461.153442
17056.254856	17461.153442
17056.254856	17461.153442
17056.254856	17461.153442
17056.254856	17461.153442
17056.254856	17461.153442
17056.254856	17461.153442
17056.254856	17461.153442
17056.254856	17461.153442
17056.254856	17461.153442
17056.254856	17461.153442
17056.254856	17461.153442
17056.254978	17461.153564
17056.254978	17461.153564
17056.254978	17461.153564
17056.254978	17461.153564
17056.254978	17461.153564
17056.254978	17461.153564
17056.254978	17461.153564
17056.254978	17461.153564
17056.254978	17461.153564
17056.254978	17461.153564
17056.254978	17461.153564
17056.254978	17461.153564
17056.254978	17461.153564
17056.254978	17461.153564
17056.254978	17461.153564
17056.254978	17461.153564
17056.2551	17461.153687
17056.2551	17461.153687
17056.2551	17461.153687
17056.2551	17461.153687
17056.2551	17461.153687
17056.2551	17461.153687
17056.2551	17461.153687
17056.2551	17461.153687
17056.2551	17461.153687
17056.2551	17461.153687
17056.2551	17461.153687
17056.2551	17461.153687
17056.2551	17461.153687
17056.2551	17461.153687
17056.2551	17461.153687
17056.2551	17461.153687
17056.255222	17461.153809
17056.255222	17461.153809
17056.255222	17461.153809
17056.255222	17461.153809
17056.255222	17461.153809
17056.255222	17461.153809
17056.255222	17461.153809
17056.255222	17461.153809
17056.255222	17461.153809
17056.255222	17461.153809
17056.255222	17461.153809
17056.255222	17461.153809
17056.255222	17461.153809
17056.255222	17461.153809
17056.255222	17461.153809
17056.255344	17461.153931
17056.255344	17461.153931
17056.255344	17461.153931
17056.255344	17461.153931
17056.255344	17461.153931
17056.255344	17461.153931
17056.255344	17461.153931
17056.255344	17461.153931
17056.255344	17461.153931
17056.255344	17461.153931
17056.255344	17461.153931
17056.255344	17461.153931
17056.255466	17461.154053
17056.255466	17461.154053
17056.255466	17461.154053
17056.255466	17461.154053
17056.255466	17461.154053
17056.255466	17461.154053
17056.255466	17461.154053
17056.255466	17461.154053
17056.255466	17461.154053
17056.255466	17461.154053
17056.255466	17461.154053
17056.255466	17461.154053
17056.255466	17461.154053
17056.255466	17461.154053
17056.255588	17461.154175
17056.255588	17461.154175
17056.255588	17461.154175
17056.255588	17461.154175
17056.255588	17461.154175
17056.255588	17461.154175
17056.255588	17461.154175
17056.255588	17461.154175
17056.255588	17461.154175
17056.255588	17461.154175
17056.255588	17461.154175
17056.255588	17461.154175
17056.255588	17461.154175
17056.255588	17461.154175
17056.255588	17461.154175
17056.255588	17461.154175
17056.255588	17461.154175
17056.255588	17461.154175
17056.255588	17461.154175
17056.25571	17461.154297
17056.25571	17461.154297
17056.25571	17461.154297
17056.25571	17461.154297
17056.25571	17461.154297
17056.25571	17461.154297
17056.25571	17461.154297
17056.25571	17461.154297
17056.25571	17461.154297
17056.25571	17461.154297
17056.25571	17461.154297
17056.25571	17461.154297
17056.25571	17461.154297
17056.25571	17461.154297
17056.25571	17461.154297
17056.25571	17461.154297
17056.25571	17461.154297
17056.25571	17461.154297
17056.25571	17461.154297
17056.25571	17461.154297
17056.25571	17461.154297
17056.25571	17461.154297
17056.255832	17461.154419
17056.255832	17461.154419
17056.255832	17461.154419
17056.255832	17461.154419
17056.255832	17461.154419
17056.255832	17461.154419
17056.255832	17461.154419
17056.255832	17461.154419
17056.255832	17461.154419
17056.255832	17461.154419
17056.255832	17461.154419
17056.255832	17461.154419
17056.255832	17461.154419
17056.255832	17461.154419
17056.255832	17461.154419
17056.255832	17461.154419
17056.255832	17461.154419
17056.255832	17461.154419
17056.255832	17461.154419
17056.255832	17461.154419
17056.255832	17461.154419
17056.255832	17461.154419
17056.255832	17461.154419
17056.255954	17461.154541
17056.255954	17461.154541
17056.255954	17461.154541
17056.255954	17461.154541
17056.255954	17461.154541
17056.255954	17461.154541
17056.255954	17461.154541
17056.255954	17461.154541
17056.255954	17461.154541
17056.255954	17461.154541
17056.255954	17461.154541
17056.255954	17461.154541
17056.255954	17461.154541
17056.255954	17461.154541
17056.255954	17461.154541
17056.255954	17461.154541
17056.255954	17461.154541
17056.256077	17461.154663
17056.256077	17461.154663
17056.256077	17461.154663
17056.256077	17461.154663
17056.256077	17461.154663
17056.256077	17461.154663
17056.256077	17461.154663
17056.256077	17461.154663
17056.256077	17461.154663
17056.256077	17461.154663
17056.256077	17461.154663
17056.256199	17461.154785
17056.256199	17461.154785
17056.256199	17461.154785
17056.256199	17461.154785
17056.256199	17461.154785
17056.256199	17461.154785
17056.256199	17461.154785
17056.256199	17461.154785
17056.256199	17461.154785
17056.256199	17461.154785
17056.256199	17461.154785
17056.256199	17461.154785
17056.256199	17461.154785
17056.256199	17461.154785
17056.256199	17461.154785
17056.256199	17461.154785
17056.256321	17461.154907
17056.256321	17461.154907
17056.256321	17461.154907
17056.256321	17461.154907
17056.256321	17461.154907
17056.256321	17461.154907
17056.256321	17461.154907
17056.256321	17461.154907
17056.256321	17461.154907
17056.256321	17461.154907
17056.256321	17461.154907
17056.256321	17461.154907
17056.256321	17461.154907
17056.256321	17461.154907
17056.256321	17461.154907
17056.256443	17461.155029
17056.256443	17461.155029
17056.256443	17461.155029
17056.256443	17461.155029
17056.256443	17461.155029
17056.256443	17461.155029
17056.256443	17461.155029
17056.256443	17461.155029
17056.256443	17461.155029
17056.256443	17461.155029
17056.256443	17461.155029
17056.256443	17461.155029
17056.256443	17461.155029
17056.256443	17461.155029
17056.256443	17461.155029
17056.256443	17461.155029
17056.256443	17461.155029
17056.256565	17461.155151
17056.256565	17461.155151
17056.256565	17461.155151
17056.256565	17461.155151
17056.256565	17461.155151
17056.256565	17461.155151
17056.256565	17461.155151
17056.256565	17461.155151
17056.256565	17461.155151
17056.256565	17461.155151
17056.256565	17461.155151
17056.256565	17461.155151
17056.256565	17461.155151
17056.256565	17461.155151
17056.256565	17461.155151
17056.256565	17461.155151
17056.256565	17461.155151
17056.256565	17461.155151
17056.256565	17461.155151
17056.256687	17461.155273
17056.256687	17461.155273
17056.256687	17461.155273
17056.256687	17461.155273
17056.256687	17461.155273
17056.256687	17461.155273
17056.256687	17461.155273
17056.256687	17461.155273
17056.256687	17461.155273
17056.256687	17461.155273
17056.256687	17461.155273
17056.256687	17461.155273
17056.256687	17461.155273
17056.256687	17461.155273
17056.256687	17461.155273
17056.256687	17461.155273
17056.256687	17461.155273
17056.256687	17461.155273
17056.256687	17461.155273
17056.256687	17461.155273
17056.256809	17461.155396
17056.256809	17461.155396
17056.256809	17461.155396
17056.256809	17461.155396
17056.256809	17461.155396
17056.256809	17461.155396
17056.256809	17461.155396
17056.256809	17461.155396
17056.256809	17461.155396
17056.256809	17461.155396
17056.256809	17461.155396
17056.256809	17461.155396
17056.256809	17461.155396
17056.256809	17461.155396
17056.256809	17461.155396
17056.256809	17461.155396
17056.256931	17461.155518
17056.256931	17461.155518
17056.256931	17461.155518
17056.256931	17461.155518
17056.256931	17461.155518
17056.256931	17461.155518
17056.256931	17461.155518
17056.256931	17461.155518
17056.256931	17461.155518
17056.256931	17461.155518
17056.256931	17461.155518
17056.256931	17461.155518
17056.256931	17461.155518
17056.256931	17461.155518
17056.256931	17461.155518
17056.256931	17461.155518
17056.256931	17461.155518
17056.257053	17461.15564
17056.257053	17461.15564
17056.257053	17461.15564
17056.257053	17461.15564
17056.257053	17461.15564
17056.257053	17461.15564
17056.257053	17461.15564
17056.257053	17461.15564
17056.257053	17461.15564
17056.257053	17461.15564
17056.257053	17461.15564
17056.257053	17461.15564
17056.257053	17461.15564
17056.257053	17461.15564
17056.257053	17461.15564
17056.257053	17461.15564
17056.257175	17461.155762
17056.257175	17461.155762
17056.257175	17461.155762
17056.257175	17461.155762
17056.257175	17461.155762
17056.257175	17461.155762
17056.257175	17461.155762
17056.257175	17461.155762
17056.257175	17461.155762
17056.257175	17461.155762
17056.257175	17461.155762
17056.257175	17461.155762
17056.257175	17461.155762
17056.257175	17461.155762
17056.257175	17461.155762
17056.257175	17461.155762
17056.257297	17461.155884
17056.257297	17461.155884
17056.257297	17461.155884
17056.257297	17461.155884
17056.257297	17461.155884
17056.257297	17461.155884
17056.257297	17461.155884
17056.257297	17461.155884
17056.257297	17461.155884
17056.257297	17461.155884
17056.257297	17461.155884
17056.257297	17461.155884
17056.257297	17461.155884
17056.257297	17461.155884
17056.257297	17461.155884
17056.257297	17461.155884
17056.257419	17461.156006
17056.257419	17461.156006
17056.257419	17461.156006
17056.257419	17461.156006
17056.257419	17461.156006
17056.257419	17461.156006
17056.257419	17461.156006
17056.257419	17461.156006
17056.257419	17461.156006
17056.257419	17461.156006
17056.257419	17461.156006
17056.257419	17461.156006
17056.257419	17461.156006
17056.257419	17461.156006
17056.257419	17461.156006
17056.257419	17461.156006
17056.257419	17461.156006
17056.257419	17461.156006
17056.257541	17461.156128
17056.257541	17461.156128
17056.257541	17461.156128
17056.257541	17461.156128
17056.257541	17461.156128
17056.257541	17461.156128
17056.257541	17461.156128
17056.257541	17461.156128
17056.257541	17461.156128
17056.257541	17461.156128
17056.257541	17461.156128
17056.257541	17461.156128
17056.257541	17461.156128
17056.257541	17461.156128
17056.257541	17461.156128
17056.257663	17461.15625
17056.257663	17461.15625
17056.257663	17461.15625
17056.257663	17461.15625
17056.257663	17461.15625
17056.257663	17461.15625
17056.257663	17461.15625
17056.257663	17461.15625
17056.257663	17461.15625
17056.257663	17461.15625
17056.257663	17461.15625
17056.257663	17461.15625
17056.257663	17461.15625
17056.257663	17461.15625
17056.257663	17461.15625
17056.257663	17461.15625
17056.257663	17461.15625
17056.257785	17461.156372
17056.257785	17461.156372
17056.257785	17461.156372
17056.257785	17461.156372
17056.257785	17461.156372
17056.257785	17461.156372
17056.257785	17461.156372
17056.257785	17461.156372
17056.257785	17461.156372
17056.257785	17461.156372
17056.257785	17461.156372
17056.257785	17461.156372
17056.257785	17461.156372
17056.257785	17461.156372
17056.257785	17461.156372
17056.257785	17461.156372
17056.257785	17461.156372
17056.257785	17461.156372
17056.257908	17461.156494
17056.257908	17461.156494
17056.257908	17461.156494
17056.257908	17461.156494
17056.257908	17461.156494
17056.257908	17461.156494
17056.257908	17461.156494
17056.257908	17461.156494
17056.257908	17461.156494
17056.257908	17461.156494
17056.257908	17461.156494
17056.257908	17461.156494
17056.257908	17461.156494
17056.25803	17461.156616
17056.25803	17461.156616
17056.25803	17461.156616
17056.25803	17461.156616
17056.25803	17461.156616
17056.25803	17461.156616
17056.25803	17461.156616
17056.25803	17461.156616
17056.25803	17461.156616
17056.25803	17461.156616
17056.25803	17461.156616
17056.25803	17461.156616
17056.25803	17461.156616
17056.25803	17461.156616
17056.25803	17461.156616
17056.25803	17461.156616
17056.25803	17461.156616
17056.25803	17461.156616
17056.25803	17461.156616
17056.25803	17461.156616
17056.258152	17461.156738
17056.258152	17461.156738
17056.258152	17461.156738
17056.258152	17461.156738
17056.258152	17461.156738
17056.258152	17461.156738
17056.258152	17461.156738
17056.258152	17461.156738
17056.258152	17461.156738
17056.258152	17461.156738
17056.258152	17461.156738
17056.258152	17461.156738
17056.258152	17461.156738
17056.258152	17461.156738
17056.258152	17461.156738
17056.258152	17461.156738
17056.258152	17461.156738
17056.258152	17461.156738
17056.258274	17461.15686
17056.258274	17461.15686
17056.258274	17461.15686
17056.258274	17461.15686
17056.258274	17461.15686
17056.258274	17461.15686
17056.258274	17461.15686
17056.258274	17461.15686
17056.258274	17461.15686
17056.258274	17461.15686
17056.258274	17461.15686
17056.258274	17461.15686
17056.258274	17461.15686
17056.258274	17461.15686
17056.258274	17461.15686
17056.258274	17461.15686
17056.258274	17461.15686
17056.258274	17461.15686
17056.258396	17461.156982
17056.258396	17461.156982
17056.258396	17461.156982
17056.258396	17461.156982
17056.258396	17461.156982
17056.258396	17461.156982
17056.258396	17461.156982
17056.258396	17461.156982
17056.258396	17461.156982
17056.258396	17461.156982
17056.258396	17461.156982
17056.258396	17461.156982
17056.258396	17461.156982
17056.258396	17461.156982
17056.258396	17461.156982
17056.258396	17461.156982
17056.258396	17461.156982
17056.258396	17461.156982
17056.258518	17461.157104
17056.258518	17461.157104
17056.258518	17461.157104
17056.258518	17461.157104
17056.258518	17461.157104
17056.258518	17461.157104
17056.258518	17461.157104
17056.258518	17461.157104
17056.258518	17461.157104
17056.258518	17461.157104
17056.25864	17461.157227
17056.25864	17461.157227
17056.25864	17461.157227
17056.25864	17461.157227
17056.25864	17461.157227
17056.25864	17461.157227
17056.25864	17461.157227
17056.25864	17461.157227
17056.25864	17461.157227
17056.25864	17461.157227
17056.25864	17461.157227
17056.25864	17461.157227
17056.25864	17461.157227
17056.25864	17461.157227
17056.25864	17461.157227
17056.25864	17461.157227
17056.25864	17461.157227
17056.25864	17461.157227
17056.258762	17461.157349
17056.258762	17461.157349
17056.258762	17461.157349
17056.258762	17461.157349
17056.258762	17461.157349
17056.258762	17461.157349
17056.258762	17461.157349
17056.258762	17461.157349
17056.258762	17461.157349
17056.258762	17461.157349
17056.258762	17461.157349
17056.258762	17461.157349
17056.258762	17461.157349
17056.258762	17461.157349
17056.258762	17461.157349
17056.258762	17461.157349
17056.258762	17461.157349
17056.258884	17461.157471
17056.258884	17461.157471
17056.258884	17461.157471
17056.258884	17461.157471
17056.258884	17461.157471
17056.258884	17461.157471
17056.258884	17461.157471
17056.258884	17461.157471
17056.258884	17461.157471
17056.258884	17461.157471
17056.258884	17461.157471
17056.258884	17461.157471
17056.258884	17461.157471
17056.258884	17461.157471
17056.258884	17461.157471
17056.258884	17461.157471
17056.258884	17461.157471
17056.258884	17461.157471
17056.258884	17461.157471
17056.258884	17461.157471
17056.258884	17461.157471
17056.258884	17461.157471
17056.258884	17461.157471
17056.258884	17461.157471
17056.258884	17461.157471
17056.258884	17461.157471
17056.259006	17461.157593
17056.259006	17461.157593
17056.259006	17461.157593
17056.259006	17461.157593
17056.259006	17461.157593
17056.259006	17461.157593
17056.259006	17461.157593
17056.259006	17461.157593
17056.259006	17461.157593
17056.259006	17461.157593
17056.259006	17461.157593
17056.259006	17461.157593
17056.259006	17461.157593
17056.259006	17461.157593
17056.259006	17461.157593
17056.259006	17461.157593
17056.259006	17461.157593
17056.259006	17461.157593
17056.259006	17461.157593
17056.259006	17461.157593
17056.259006	17461.157593
17056.259006	17461.157593
17056.259128	17461.157715
17056.259128	17461.157715
17056.259128	17461.157715
17056.259128	17461.157715
17056.259128	17461.157715
17056.259128	17461.157715
17056.259128	17461.157715
17056.259128	17461.157715
17056.259128	17461.157715
17056.259128	17461.157715
17056.259128	17461.157715
17056.259128	17461.157715
17056.259128	17461.157715
17056.25925	17461.157837
17056.25925	17461.157837
17056.25925	17461.157837
17056.25925	17461.157837
17056.25925	17461.157837
17056.25925	17461.157837
17056.25925	17461.157837
17056.25925	17461.157837
17056.25925	17461.157837
17056.25925	17461.157837
17056.25925	17461.157837
17056.25925	17461.157837
17056.25925	17461.157837
17056.25925	17461.157837
17056.25925	17461.157837
17056.25925	17461.157837
17056.25925	17461.157837
17056.25925	17461.157837
17056.259372	17461.157959
17056.259372	17461.157959
17056.259372	17461.157959
17056.259372	17461.157959
17056.259372	17461.157959
17056.259372	17461.157959
17056.259372	17461.157959
17056.259372	17461.157959
17056.259372	17461.157959
17056.259372	17461.157959
17056.259372	17461.157959
17056.259372	17461.157959
17056.259372	17461.157959
17056.259372	17461.157959
17056.259372	17461.157959
17056.259372	17461.157959
17056.259372	17461.157959
17056.259372	17461.157959
17056.259372	17461.157959
17056.259372	17461.157959
17056.259372	17461.157959
17056.259494	17461.158081
17056.259494	17461.158081
17056.259494	17461.158081
17056.259494	17461.158081
17056.259494	17461.158081
17056.259494	17461.158081
17056.259494	17461.158081
17056.259494	17461.158081
17056.259494	17461.158081
17056.259494	17461.158081
17056.259494	17461.158081
17056.259494	17461.158081
17056.259494	17461.158081
17056.259494	17461.158081
17056.259494	17461.158081
17056.259616	17461.158203
17056.259616	17461.158203
17056.259616	17461.158203
17056.259616	17461.158203
17056.259616	17461.158203
17056.259616	17461.158203
17056.259616	17461.158203
17056.259616	17461.158203
17056.259616	17461.158203
17056.259616	17461.158203
17056.259616	17461.158203
17056.259616	17461.158203
17056.259616	17461.158203
17056.259616	17461.158203
17056.259616	17461.158203
17056.259616	17461.158203
17056.259616	17461.158203
17056.259616	17461.158203
17056.259616	17461.158203
17056.259739	17461.158325
17056.259739	17461.158325
17056.259739	17461.158325
17056.259739	17461.158325
17056.259739	17461.158325
17056.259739	17461.158325
17056.259739	17461.158325
17056.259739	17461.158325
17056.259739	17461.158325
17056.259739	17461.158325
17056.259739	17461.158325
17056.259739	17461.158325
17056.259739	17461.158325
17056.259739	17461.158325
17056.259739	17461.158325
17056.259739	17461.158325
17056.259739	17461.158325
17056.259739	17461.158325
17056.259861	17461.158447
17056.259861	17461.158447
17056.259861	17461.158447
17056.259861	17461.158447
17056.259861	17461.158447
17056.259861	17461.158447
17056.259861	17461.158447
17056.259861	17461.158447
17056.259861	17461.158447
17056.259861	17461.158447
17056.259861	17461.158447
17056.259861	17461.158447
17056.259861	17461.158447
17056.259861	17461.158447
17056.259983	17461.158569
17056.259983	17461.158569
17056.259983	17461.158569
17056.259983	17461.158569
17056.259983	17461.158569
17056.259983	17461.158569
17056.259983	17461.158569
17056.259983	17461.158569
17056.259983	17461.158569
17056.259983	17461.158569
17056.259983	17461.158569
17056.259983	17461.158569
17056.259983	17461.158569
17056.259983	17461.158569
17056.259983	17461.158569
17056.259983	17461.158569
17056.259983	17461.158569
17056.259983	17461.158569
17056.259983	17461.158569
17056.260105	17461.158691
17056.260105	17461.158691
17056.260105	17461.158691
17056.260105	17461.158691
17056.260105	17461.158691
17056.260105	17461.158691
17056.260105	17461.158691
17056.260105	17461.158691
17056.260105	17461.158691
17056.260105	17461.158691
17056.260105	17461.158691
17056.260105	17461.158691
17056.260105	17461.158691
17056.260105	17461.158691
17056.260105	17461.158691
17056.260105	17461.158691
17056.260105	17461.158691
17056.260227	17461.158813
17056.260227	17461.158813
17056.260227	17461.158813
17056.260227	17461.158813
17056.260227	17461.158813
17056.260227	17461.158813
17056.260227	17461.158813
17056.260227	17461.158813
17056.260227	17461.158813
17056.260227	17461.158813
17056.260227	17461.158813
17056.260227	17461.158813
17056.260227	17461.158813
17056.260227	17461.158813
17056.260227	17461.158813
17056.260227	17461.158813
17056.260227	17461.158813
17056.260349	17461.158936
17056.260349	17461.158936
17056.260349	17461.158936
17056.260349	17461.158936
17056.260349	17461.158936
17056.260349	17461.158936
17056.260349	17461.158936
17056.260349	17461.158936
17056.260349	17461.158936
17056.260349	17461.158936
17056.260349	17461.158936
17056.260349	17461.158936
17056.260349	17461.158936
17056.260349	17461.158936
17056.260349	17461.158936
17056.260349	17461.158936
17056.260471	17461.159058
17056.260471	17461.159058
17056.260471	17461.159058
17056.260471	17461.159058
17056.260471	17461.159058
17056.260471	17461.159058
17056.260471	17461.159058
17056.260471	17461.159058
17056.260471	17461.159058
17056.260471	17461.159058
17056.260471	17461.159058
17056.260471	17461.159058
17056.260471	17461.159058
17056.260471	17461.159058
17056.260471	17461.159058
17056.260471	17461.159058
17056.260593	17461.15918
17056.260593	17461.15918
17056.260593	17461.15918
17056.260593	17461.15918
17056.260593	17461.15918
17056.260593	17461.15918
17056.260593	17461.15918
17056.260593	17461.15918
17056.260593	17461.15918
17056.260593	17461.15918
17056.260593	17461.15918
17056.260593	17461.15918
17056.260593	17461.15918
17056.260593	17461.15918
17056.260593	17461.15918
17056.260593	17461.15918
17056.260593	17461.15918
17056.260593	17461.15918
17056.260593	17461.15918
17056.260593	17461.15918
17056.260715	17461.159302
17056.260715	17461.159302
17056.260715	17461.159302
17056.260715	17461.159302
17056.260715	17461.159302
17056.260715	17461.159302
17056.260715	17461.159302
17056.260715	17461.159302
17056.260715	17461.159302
17056.260715	17461.159302
17056.260715	17461.159302
17056.260715	17461.159302
17056.260715	17461.159302
17056.260715	17461.159302
17056.260715	17461.159302
17056.260715	17461.159302
17056.260715	17461.159302
17056.260715	17461.159302
17056.260715	17461.159302
17056.260715	17461.159302
17056.260715	17461.159302
17056.260715	17461.159302
17056.260837	17461.159424
17056.260837	17461.159424
17056.260837	17461.159424
17056.260837	17461.159424
17056.260837	17461.159424
17056.260837	17461.159424
17056.260837	17461.159424
17056.260837	17461.159424
17056.260837	17461.159424
17056.260837	17461.159424
17056.260837	17461.159424
17056.260837	17461.159424
17056.260837	17461.159424
17056.260837	17461.159424
17056.260837	17461.159424
17056.260837	17461.159424
17056.260959	17461.159546
17056.260959	17461.159546
17056.260959	17461.159546
17056.260959	17461.159546
17056.260959	17461.159546
17056.260959	17461.159546
17056.260959	17461.159546
17056.260959	17461.159546
17056.260959	17461.159546
17056.260959	17461.159546
17056.260959	17461.159546
17056.260959	17461.159546
17056.260959	17461.159546
17056.260959	17461.159546
17056.261081	17461.159668
17056.261081	17461.159668
17056.261081	17461.159668
17056.261081	17461.159668
17056.261081	17461.159668
17056.261081	17461.159668
17056.261081	17461.159668
17056.261081	17461.159668
17056.261081	17461.159668
17056.261081	17461.159668
17056.261081	17461.159668
17056.261081	17461.159668
17056.261081	17461.159668
17056.261081	17461.159668
17056.261081	17461.159668
17056.261081	17461.159668
17056.261203	17461.15979
17056.261203	17461.15979
17056.261203	17461.15979
17056.261203	17461.15979
17056.261203	17461.15979
17056.261203	17461.15979
17056.261203	17461.15979
17056.261203	17461.15979
17056.261203	17461.15979
17056.261203	17461.15979
17056.261203	17461.15979
17056.261203	17461.15979
17056.261203	17461.15979
17056.261203	17461.15979
17056.261325	17461.159912
17056.261325	17461.159912
17056.261325	17461.159912
17056.261325	17461.159912
17056.261325	17461.159912
17056.261325	17461.159912
17056.261325	17461.159912
17056.261325	17461.159912
17056.261325	17461.159912
17056.261325	17461.159912
17056.261325	17461.159912
17056.261325	17461.159912
17056.261325	17461.159912
17056.261325	17461.159912
17056.261447	17461.160034
17056.261447	17461.160034
17056.261447	17461.160034
17056.261447	17461.160034
17056.261447	17461.160034
17056.261447	17461.160034
17056.261447	17461.160034
17056.261447	17461.160034
17056.261447	17461.160034
17056.261447	17461.160034
17056.261447	17461.160034
17056.261447	17461.160034
17056.261447	17461.160034
17056.261447	17461.160034
17056.261447	17461.160034
17056.261447	17461.160034
17056.26157	17461.160156
17056.26157	17461.160156
17056.26157	17461.160156
17056.26157	17461.160156
17056.26157	17461.160156
17056.26157	17461.160156
17056.26157	17461.160156
17056.26157	17461.160156
17056.26157	17461.160156
17056.26157	17461.160156
17056.26157	17461.160156
17056.26157	17461.160156
17056.26157	17461.160156
17056.261692	17461.160278
17056.261692	17461.160278
17056.261692	17461.160278
17056.261692	17461.160278
17056.261692	17461.160278
17056.261692	17461.160278
17056.261692	17461.160278
17056.261692	17461.160278
17056.261692	17461.160278
17056.261692	17461.160278
17056.261692	17461.160278
17056.261692	17461.160278
17056.261692	17461.160278
17056.261692	17461.160278
17056.261692	17461.160278
17056.261814	17461.1604
17056.261814	17461.1604
17056.261814	17461.1604
17056.261814	17461.1604
17056.261814	17461.1604
17056.261814	17461.1604
17056.261814	17461.1604
17056.261814	17461.1604
17056.261814	17461.1604
17056.261814	17461.1604
17056.261814	17461.1604
17056.261814	17461.1604
17056.261814	17461.1604
17056.261814	17461.1604
17056.261814	17461.1604
17056.261814	17461.1604
17056.261814	17461.1604
17056.261814	17461.1604
17056.261814	17461.1604
17056.261814	17461.1604
17056.261814	17461.1604
17056.261814	17461.1604
17056.261936	17461.160522
17056.261936	17461.160522
17056.261936	17461.160522
17056.261936	17461.160522
17056.261936	17461.160522
17056.261936	17461.160522
17056.261936	17461.160522
17056.261936	17461.160522
17056.261936	17461.160522
17056.261936	17461.160522
17056.261936	17461.160522
17056.261936	17461.160522
17056.261936	17461.160522
17056.261936	17461.160522
17056.261936	17461.160522
17056.261936	17461.160522
17056.262058	17461.160645
17056.262058	17461.160645
17056.262058	17461.160645
17056.262058	17461.160645
17056.262058	17461.160645
17056.262058	17461.160645
17056.262058	17461.160645
17056.262058	17461.160645
17056.262058	17461.160645
17056.262058	17461.160645
17056.262058	17461.160645
17056.262058	17461.160645
17056.26218	17461.160767
17056.26218	17461.160767
17056.26218	17461.160767
17056.26218	17461.160767
17056.26218	17461.160767
17056.26218	17461.160767
17056.26218	17461.160767
17056.26218	17461.160767
17056.26218	17461.160767
17056.26218	17461.160767
17056.26218	17461.160767
17056.26218	17461.160767
17056.26218	17461.160767
17056.26218	17461.160767
17056.262302	17461.160889
17056.262302	17461.160889
17056.262302	17461.160889
17056.262302	17461.160889
17056.262302	17461.160889
17056.262302	17461.160889
17056.262302	17461.160889
17056.262302	17461.160889
17056.262302	17461.160889
17056.262302	17461.160889
17056.262302	17461.160889
17056.262302	17461.160889
17056.262302	17461.160889
17056.262424	17461.161011
17056.262424	17461.161011
17056.262424	17461.161011
17056.262424	17461.161011
17056.262424	17461.161011
17056.262424	17461.161011
17056.262424	17461.161011
17056.262424	17461.161011
17056.262424	17461.161011
17056.262424	17461.161011
17056.262424	17461.161011
17056.262424	17461.161011
17056.262424	17461.161011
17056.262424	17461.161011
17056.262424	17461.161011
17056.262424	17461.161011
17056.262546	17461.161133
17056.262546	17461.161133
17056.262546	17461.161133
17056.262546	17461.161133
17056.262546	17461.161133
17056.262546	17461.161133
17056.262546	17461.161133
17056.262546	17461.161133
17056.262546	17461.161133
17056.262546	17461.161133
17056.262546	17461.161133
17056.262546	17461.161133
17056.262668	17461.161255
17056.262668	17461.161255
17056.262668	17461.161255
17056.262668	17461.161255
17056.262668	17461.161255
17056.262668	17461.161255
17056.262668	17461.161255
17056.262668	17461.161255
17056.262668	17461.161255
17056.262668	17461.161255
17056.262668	17461.161255
17056.262668	17461.161255
17056.262668	17461.161255
17056.262668	17461.161255
17056.26279	17461.161377
17056.26279	17461.161377
17056.26279	17461.161377
17056.26279	17461.161377
17056.26279	17461.161377
17056.26279	17461.161377
17056.26279	17461.161377
17056.26279	17461.161377
17056.26279	17461.161377
17056.26279	17461.161377
17056.26279	17461.161377
17056.26279	17461.161377
17056.26279	17461.161377
17056.26279	17461.161377
17056.262912	17461.161499
17056.262912	17461.161499
17056.262912	17461.161499
17056.262912	17461.161499
17056.262912	17461.161499
17056.262912	17461.161499
17056.262912	17461.161499
17056.262912	17461.161499
17056.262912	17461.161499
17056.262912	17461.161499
17056.262912	17461.161499
17056.262912	17461.161499
17056.262912	17461.161499
17056.263034	17461.161621
17056.263034	17461.161621
17056.263034	17461.161621
17056.263034	17461.161621
17056.263034	17461.161621
17056.263034	17461.161621
17056.263034	17461.161621
17056.263034	17461.161621
17056.263034	17461.161621
17056.263034	17461.161621
17056.263034	17461.161621
17056.263034	17461.161621
17056.263034	17461.161621
17056.263034	17461.161621
17056.263034	17461.161621
17056.263156	17461.161743
17056.263156	17461.161743
17056.263156	17461.161743
17056.263156	17461.161743
17056.263156	17461.161743
17056.263156	17461.161743
17056.263156	17461.161743
17056.263156	17461.161743
17056.263156	17461.161743
17056.263156	17461.161743
17056.263156	17461.161743
17056.263156	17461.161743
17056.263156	17461.161743
17056.263156	17461.161743
17056.263156	17461.161743
17056.263156	17461.161743
17056.263156	17461.161743
17056.263278	17461.161865
17056.263278	17461.161865
17056.263278	17461.161865
17056.263278	17461.161865
17056.263278	17461.161865
17056.263278	17461.161865
17056.263278	17461.161865
17056.263278	17461.161865
17056.263278	17461.161865
17056.263278	17461.161865
17056.263278	17461.161865
17056.263278	17461.161865
17056.263278	17461.161865
17056.263278	17461.161865
17056.263278	17461.161865
17056.263278	17461.161865
17056.263278	17461.161865
17056.263278	17461.161865
17056.263401	17461.161987
17056.263401	17461.161987
17056.263401	17461.161987
17056.263401	17461.161987
17056.263401	17461.161987
17056.263401	17461.161987
17056.263401	17461.161987
17056.263401	17461.161987
17056.263401	17461.161987
17056.263401	17461.161987
17056.263401	17461.161987
17056.263401	17461.161987
17056.263401	17461.161987
17056.263523	17461.162109
17056.263523	17461.162109
17056.263523	17461.162109
17056.263523	17461.162109
17056.263523	17461.162109
17056.263523	17461.162109
17056.263523	17461.162109
17056.263523	17461.162109
17056.263523	17461.162109
17056.263523	17461.162109
17056.263523	17461.162109
17056.263645	17461.162231
17056.263645	17461.162231
17056.263645	17461.162231
17056.263645	17461.162231
17056.263645	17461.162231
17056.263645	17461.162231
17056.263645	17461.162231
17056.263645	17461.162231
17056.263645	17461.162231
17056.263645	17461.162231
17056.263645	17461.162231
17056.263645	17461.162231
17056.263645	17461.162231
17056.263767	17461.162354
17056.263767	17461.162354
17056.263767	17461.162354
17056.263767	17461.162354
17056.263767	17461.162354
17056.263767	17461.162354
17056.263767	17461.162354
17056.263767	17461.162354
17056.263767	17461.162354
17056.263767	17461.162354
17056.263767	17461.162354
17056.263889	17461.162476
17056.263889	17461.162476
17056.263889	17461.162476
17056.263889	17461.162476
17056.263889	17461.162476
17056.263889	17461.162476
17056.263889	17461.162476
17056.264011	17461.162598
17056.264011	17461.162598
17056.264011	17461.162598
17056.264011	17461.162598
17056.264011	17461.162598
17056.264011	17461.162598
17056.264011	17461.162598
17056.264011	17461.162598
17056.264133	17461.16272
17056.264133	17461.16272
17056.264133	17461.16272
17056.264133	17461.16272
17056.264133	17461.16272
17056.264133	17461.16272
17056.264133	17461.16272
17056.264133	17461.16272
17056.264133	17461.16272
17056.264133	17461.16272
17056.264133	17461.16272
17056.264255	17461.162842
17056.264255	17461.162842
17056.264255	17461.162842
17056.264255	17461.162842
17056.264255	17461.162842
17056.264255	17461.162842
17056.264255	17461.162842
17056.264255	17461.162842
17056.264255	17461.162842
17056.264255	17461.162842
17056.264377	17461.162964
17056.264377	17461.162964
17056.264377	17461.162964
17056.264377	17461.162964
17056.264377	17461.162964
17056.264377	17461.162964
17056.264377	17461.162964
17056.264377	17461.162964
17056.264377	17461.162964
17056.264377	17461.162964
17056.264377	17461.162964
17056.264499	17461.163086
17056.264499	17461.163086
17056.264499	17461.163086
17056.264499	17461.163086
17056.264499	17461.163086
17056.264499	17461.163086
17056.264499	17461.163086
17056.264499	17461.163086
17056.264499	17461.163086
17056.264499	17461.163086
17056.264499	17461.163086
17056.264621	17461.163208
17056.264621	17461.163208
17056.264621	17461.163208
17056.264621	17461.163208
17056.264621	17461.163208
17056.264621	17461.163208
17056.264621	17461.163208
17056.264621	17461.163208
17056.264621	17461.163208
17056.264621	17461.163208
17056.264621	17461.163208
17056.264621	17461.163208
17056.264621	17461.163208
17056.264621	17461.163208
17056.264743	17461.16333
17056.264743	17461.16333
17056.264743	17461.16333
17056.264743	17461.16333
17056.264743	17461.16333
17056.264743	17461.16333
17056.264743	17461.16333
17056.264743	17461.16333
17056.264743	17461.16333
17056.264743	17461.16333
17056.264743	17461.16333
17056.264865	17461.163452
17056.264865	17461.163452
17056.264865	17461.163452
17056.264865	17461.163452
17056.264865	17461.163452
17056.264865	17461.163452
17056.264865	17461.163452
17056.264865	17461.163452
17056.264865	17461.163452
17056.264865	17461.163452
17056.264865	17461.163452
17056.264987	17461.163574
17056.264987	17461.163574
17056.264987	17461.163574
17056.264987	17461.163574
17056.264987	17461.163574
17056.264987	17461.163574
17056.264987	17461.163574
17056.264987	17461.163574
17056.264987	17461.163574
17056.264987	17461.163574
17056.264987	17461.163574
17056.264987	17461.163574
17056.264987	17461.163574
17056.265109	17461.163696
17056.265109	17461.163696
17056.265109	17461.163696
17056.265109	17461.163696
17056.265109	17461.163696
17056.265109	17461.163696
17056.265109	17461.163696
17056.265109	17461.163696
17056.265109	17461.163696
17056.265109	17461.163696
17056.265109	17461.163696
17056.265109	17461.163696
17056.265232	17461.163818
17056.265232	17461.163818
17056.265232	17461.163818
17056.265232	17461.163818
17056.265354	17461.16394
17056.265354	17461.16394
17056.265354	17461.16394
17056.265354	17461.16394
17056.265354	17461.16394
17056.265354	17461.16394
17056.265354	17461.16394
17056.265354	17461.16394
17056.265354	17461.16394
17056.265354	17461.16394
17056.265354	17461.16394
17056.265354	17461.16394
17056.265354	17461.16394
17056.265476	17461.164063
17056.265476	17461.164063
17056.265476	17461.164063
17056.265476	17461.164063
17056.265476	17461.164063
17056.265476	17461.164063
17056.265476	17461.164063
17056.265476	17461.164063
17056.265476	17461.164063
17056.265476	17461.164063
17056.265598	17461.164185
17056.265598	17461.164185
17056.265598	17461.164185
17056.265598	17461.164185
17056.265598	17461.164185
17056.265598	17461.164185
17056.265598	17461.164185
17056.265598	17461.164185
17056.265598	17461.164185
17056.265598	17461.164185
17056.265598	17461.164185
17056.265598	17461.164185
17056.265598	17461.164185
17056.265598	17461.164185
17056.265598	17461.164185
17056.26572	17461.164307
17056.26572	17461.164307
17056.26572	17461.164307
17056.26572	17461.164307
17056.26572	17461.164307
17056.26572	17461.164307
17056.26572	17461.164307
17056.26572	17461.164307
17056.26572	17461.164307
17056.26572	17461.164307
17056.26572	17461.164307
17056.26572	17461.164307
17056.265842	17461.164429
17056.265842	17461.164429
17056.265842	17461.164429
17056.265842	17461.164429
17056.265842	17461.164429
17056.265842	17461.164429
17056.265842	17461.164429
17056.265842	17461.164429
17056.265842	17461.164429
17056.265842	17461.164429
17056.265964	17461.164551
17056.265964	17461.164551
17056.265964	17461.164551
17056.265964	17461.164551
17056.265964	17461.164551
17056.265964	17461.164551
17056.265964	17461.164551
17056.265964	17461.164551
17056.265964	17461.164551
17056.266086	17461.164673
17056.266086	17461.164673
17056.266086	17461.164673
17056.266086	17461.164673
17056.266086	17461.164673
17056.266086	17461.164673
17056.266086	17461.164673
17056.266086	17461.164673
17056.266086	17461.164673
17056.266086	17461.164673
17056.266208	17461.164795
17056.266208	17461.164795
17056.266208	17461.164795
17056.266208	17461.164795
17056.266208	17461.164795
17056.266208	17461.164795
17056.266208	17461.164795
17056.266208	17461.164795
17056.266208	17461.164795
17056.266208	17461.164795
17056.26633	17461.164917
17056.26633	17461.164917
17056.26633	17461.164917
17056.26633	17461.164917
17056.26633	17461.164917
17056.26633	17461.164917
17056.26633	17461.164917
17056.266452	17461.165039
17056.266452	17461.165039
17056.266452	17461.165039
17056.266452	17461.165039
17056.266452	17461.165039
17056.266452	17461.165039
17056.266452	17461.165039
17056.266452	17461.165039
17056.266452	17461.165039
17056.266452	17461.165039
17056.266574	17461.165161
17056.266574	17461.165161
17056.266574	17461.165161
17056.266574	17461.165161
17056.266574	17461.165161
17056.266574	17461.165161
17056.266574	17461.165161
17056.266574	17461.165161
17056.266574	17461.165161
17056.266574	17461.165161
17056.266574	17461.165161
17056.266574	17461.165161
17056.266696	17461.165283
17056.266696	17461.165283
17056.266696	17461.165283
17056.266696	17461.165283
17056.266696	17461.165283
17056.266696	17461.165283
17056.266696	17461.165283
17056.266696	17461.165283
17056.266696	17461.165283
17056.266696	17461.165283
17056.266696	17461.165283
17056.266696	17461.165283
17056.266696	17461.165283
17056.266818	17461.165405
17056.266818	17461.165405
17056.266818	17461.165405
17056.266818	17461.165405
17056.266818	17461.165405
17056.266818	17461.165405
17056.266818	17461.165405
17056.266818	17461.165405
17056.266818	17461.165405
17056.266818	17461.165405
17056.266818	17461.165405
17056.266818	17461.165405
17056.266818	17461.165405
17056.266818	17461.165405
17056.266818	17461.165405
17056.266818	17461.165405
17056.26694	17461.165527
17056.26694	17461.165527
17056.26694	17461.165527
17056.26694	17461.165527
17056.26694	17461.165527
17056.26694	17461.165527
17056.26694	17461.165527
17056.26694	17461.165527
17056.26694	17461.165527
17056.26694	17461.165527
17056.26694	17461.165527
17056.26694	17461.165527
17056.26694	17461.165527
17056.26694	17461.165527
17056.267063	17461.165649
17056.267063	17461.165649
17056.267063	17461.165649
17056.267063	17461.165649
17056.267063	17461.165649
17056.267063	17461.165649
17056.267063	17461.165649
17056.267063	17461.165649
17056.267063	17461.165649
17056.267063	17461.165649
17056.267063	17461.165649
17056.267063	17461.165649
17056.267185	17461.165771
17056.267185	17461.165771
17056.267185	17461.165771
17056.267185	17461.165771
17056.267185	17461.165771
17056.267185	17461.165771
17056.267185	17461.165771
17056.267185	17461.165771
17056.267307	17461.165894
17056.267307	17461.165894
17056.267307	17461.165894
17056.267307	17461.165894
17056.267307	17461.165894
17056.267307	17461.165894
17056.267307	17461.165894
17056.267307	17461.165894
17056.267307	17461.165894
17056.267307	17461.165894
17056.267429	17461.166016
17056.267429	17461.166016
17056.267429	17461.166016
17056.267429	17461.166016
17056.267429	17461.166016
17056.267429	17461.166016
17056.267429	17461.166016
17056.267551	17461.166138
17056.267551	17461.166138
17056.267551	17461.166138
17056.267551	17461.166138
17056.267551	17461.166138
17056.267551	17461.166138
17056.267551	17461.166138
17056.267551	17461.166138
17056.267551	17461.166138
17056.267551	17461.166138
17056.267551	17461.166138
17056.267551	17461.166138
17056.267551	17461.166138
17056.267673	17461.16626
17056.267673	17461.16626
17056.267673	17461.16626
17056.267673	17461.16626
17056.267673	17461.16626
17056.267673	17461.16626
17056.267673	17461.16626
17056.267673	17461.16626
17056.267673	17461.16626
17056.267673	17461.16626
17056.267673	17461.16626
17056.267795	17461.166382
17056.267795	17461.166382
17056.267795	17461.166382
17056.267795	17461.166382
17056.267795	17461.166382
17056.267795	17461.166382
17056.267795	17461.166382
17056.267795	17461.166382
17056.267795	17461.166382
17056.267795	17461.166382
17056.267795	17461.166382
17056.267795	17461.166382
17056.267917	17461.166504
17056.267917	17461.166504
17056.267917	17461.166504
17056.267917	17461.166504
17056.267917	17461.166504
17056.268039	17461.166626
17056.268039	17461.166626
17056.268039	17461.166626
17056.268039	17461.166626
17056.268039	17461.166626
17056.268039	17461.166626
17056.268039	17461.166626
17056.268161	17461.166748
17056.268161	17461.166748
17056.268161	17461.166748
17056.268161	17461.166748
17056.268161	17461.166748
17056.268161	17461.166748
17056.268161	17461.166748
17056.268161	17461.166748
17056.268283	17461.16687
17056.268283	17461.16687
17056.268283	17461.16687
17056.268283	17461.16687
17056.268405	17461.166992
17056.268405	17461.166992
17056.268405	17461.166992
17056.268405	17461.166992
17056.268405	17461.166992
17056.268405	17461.166992
17056.268405	17461.166992
17056.268405	17461.166992
17056.268527	17461.167114
17056.268527	17461.167114
17056.268527	17461.167114
17056.268527	17461.167114
17056.268527	17461.167114
17056.268649	17461.167236
17056.268649	17461.167236
17056.268649	17461.167236
17056.268649	17461.167236
17056.268649	17461.167236
17056.268649	17461.167236
17056.268649	17461.167236
17056.268649	17461.167236
17056.268771	17461.167358
17056.268771	17461.167358
17056.268771	17461.167358
17056.268771	17461.167358
17056.268771	17461.167358
17056.268771	17461.167358
17056.268771	17461.167358
17056.268771	17461.167358
17056.268894	17461.16748
17056.268894	17461.16748
17056.268894	17461.16748
17056.268894	17461.16748
17056.268894	17461.16748
17056.268894	17461.16748
17056.268894	17461.16748
17056.268894	17461.16748
17056.268894	17461.16748
17056.268894	17461.16748
17056.268894	17461.16748
17056.269016	17461.167603
17056.269016	17461.167603
17056.269016	17461.167603
17056.269016	17461.167603
17056.269016	17461.167603
17056.269016	17461.167603
17056.269016	17461.167603
17056.269016	17461.167603
17056.269016	17461.167603
17056.269016	17461.167603
17056.269016	17461.167603
17056.269138	17461.167725
17056.269138	17461.167725
17056.269138	17461.167725
17056.269138	17461.167725
17056.269138	17461.167725
17056.269138	17461.167725
17056.269138	17461.167725
17056.269138	17461.167725
17056.269138	17461.167725
17056.269138	17461.167725
17056.269138	17461.167725
17056.26926	17461.167847
17056.26926	17461.167847
17056.26926	17461.167847
17056.26926	17461.167847
17056.269382	17461.167969
17056.269382	17461.167969
17056.269382	17461.167969
17056.269382	17461.167969
17056.269382	17461.167969
17056.269382	17461.167969
17056.269382	17461.167969
17056.269382	17461.167969
17056.269504	17461.168091
17056.269504	17461.168091
17056.269504	17461.168091
17056.269504	17461.168091
17056.269504	17461.168091
17056.269504	17461.168091
17056.269504	17461.168091
17056.269504	17461.168091
17056.269504	17461.168091
17056.269626	17461.168213
17056.269626	17461.168213
17056.269626	17461.168213
17056.269626	17461.168213
17056.269626	17461.168213
17056.269626	17461.168213
17056.269626	17461.168213
17056.269626	17461.168213
17056.269626	17461.168213
17056.269748	17461.168335
17056.269748	17461.168335
17056.269748	17461.168335
17056.269748	17461.168335
17056.269748	17461.168335
17056.269748	17461.168335
17056.269748	17461.168335
17056.26987	17461.168457
17056.26987	17461.168457
17056.26987	17461.168457
17056.26987	17461.168457
17056.26987	17461.168457
17056.26987	17461.168457
17056.269992	17461.168579
17056.269992	17461.168579
17056.269992	17461.168579
17056.269992	17461.168579
17056.269992	17461.168579
17056.269992	17461.168579
17056.269992	17461.168579
17056.269992	17461.168579
17056.269992	17461.168579
17056.269992	17461.168579
17056.270114	17461.168701
17056.270114	17461.168701
17056.270114	17461.168701
17056.270114	17461.168701
17056.270114	17461.168701
17056.270114	17461.168701
17056.270114	17461.168701
17056.270236	17461.168823
17056.270236	17461.168823
17056.270236	17461.168823
17056.270236	17461.168823
17056.270236	17461.168823
17056.270236	17461.168823
17056.270236	17461.168823
17056.270236	17461.168823
17056.270358	17461.168945
17056.270358	17461.168945
17056.270358	17461.168945
17056.270358	17461.168945
17056.270358	17461.168945
17056.270358	17461.168945
17056.27048	17461.169067
17056.27048	17461.169067
17056.27048	17461.169067
17056.27048	17461.169067
17056.27048	17461.169067
17056.270602	17461.169189
17056.270602	17461.169189
17056.270602	17461.169189
17056.270602	17461.169189
17056.270602	17461.169189
17056.270602	17461.169189
17056.270602	17461.169189
17056.270602	17461.169189
17056.270725	17461.169312
17056.270725	17461.169312
17056.270725	17461.169312
17056.270725	17461.169312
17056.270725	17461.169312
17056.270725	17461.169312
17056.270725	17461.169312
17056.270725	17461.169312
17056.270725	17461.169312
17056.270725	17461.169312
17056.270847	17461.169434
17056.270847	17461.169434
17056.270847	17461.169434
17056.270847	17461.169434
17056.270847	17461.169434
17056.270847	17461.169434
17056.270847	17461.169434
17056.270847	17461.169434
17056.270969	17461.169556
17056.270969	17461.169556
17056.270969	17461.169556
17056.270969	17461.169556
17056.270969	17461.169556
17056.270969	17461.169556
17056.270969	17461.169556
17056.271091	17461.169678
17056.271091	17461.169678
17056.271091	17461.169678
17056.271091	17461.169678
17056.271091	17461.169678
17056.271213	17461.1698
17056.271213	17461.1698
17056.271213	17461.1698
17056.271213	17461.1698
17056.271213	17461.1698
17056.271335	17461.169922
17056.271335	17461.169922
17056.271335	17461.169922
17056.271335	17461.169922
17056.271335	17461.169922
17056.271457	17461.170044
17056.271457	17461.170044
17056.271457	17461.170044
17056.271457	17461.170044
17056.271457	17461.170044
17056.271579	17461.170166
17056.271579	17461.170166
17056.271701	17461.170288
17056.271701	17461.170288
17056.271701	17461.170288
17056.271701	17461.170288
17056.271701	17461.170288
17056.271823	17461.17041
17056.271823	17461.17041
17056.271823	17461.17041
17056.271823	17461.17041
17056.271823	17461.17041
17056.271945	17461.170532
17056.271945	17461.170532
17056.271945	17461.170532
17056.271945	17461.170532
17056.271945	17461.170532
17056.272067	17461.170654
17056.272067	17461.170654
17056.272067	17461.170654
17056.272189	17461.170776
17056.272189	17461.170776
17056.272189	17461.170776
17056.272189	17461.170776
17056.272189	17461.170776
17056.272189	17461.170776
17056.272189	17461.170776
17056.272189	17461.170776
17056.272189	17461.170776
17056.272189	17461.170776
17056.272311	17461.170898
17056.272311	17461.170898
17056.272433	17461.171021
17056.272433	17461.171021
17056.272433	17461.171021
17056.272433	17461.171021
17056.272433	17461.171021
17056.272556	17461.171143
17056.272556	17461.171143
17056.272556	17461.171143
17056.272556	17461.171143
17056.272556	17461.171143
17056.272556	17461.171143
17056.272556	17461.171143
17056.272556	17461.171143
17056.272556	17461.171143
17056.272678	17461.171265
17056.272678	17461.171265
17056.272678	17461.171265
17056.272678	17461.171265
17056.272678	17461.171265
17056.2728	17461.171387
17056.2728	17461.171387
17056.2728	17461.171387
17056.2728	17461.171387
17056.2728	17461.171387
17056.2728	17461.171387
17056.2728	17461.171387
17056.272922	17461.171509
17056.272922	17461.171509
17056.272922	17461.171509
17056.272922	17461.171509
17056.272922	17461.171509
17056.273044	17461.171631
17056.273044	17461.171631
17056.273044	17461.171631
17056.273044	17461.171631
17056.273044	17461.171631
17056.273044	17461.171631
17056.273044	17461.171631
17056.273166	17461.171753
17056.273166	17461.171753
17056.273166	17461.171753
17056.273166	17461.171753
17056.273166	17461.171753
17056.273288	17461.171875
17056.273288	17461.171875
17056.273288	17461.171875
17056.27341	17461.171997
17056.27341	17461.171997
17056.27341	17461.171997
17056.27341	17461.171997
17056.273532	17461.172119
17056.273532	17461.172119
17056.273532	17461.172119
17056.273532	17461.172119
17056.273654	17461.172241
17056.273654	17461.172241
17056.273654	17461.172241
17056.273654	17461.172241
17056.273776	17461.172363
17056.273776	17461.172363
17056.273776	17461.172363
17056.273776	17461.172363
17056.273898	17461.172485
17056.273898	17461.172485
17056.273898	17461.172485
17056.273898	17461.172485
17056.273898	17461.172485
17056.27402	17461.172607
17056.27402	17461.172607
17056.27402	17461.172607
17056.27402	17461.172607
17056.27402	17461.172607
17056.274142	17461.172729
17056.274142	17461.172729
17056.274142	17461.172729
17056.274142	17461.172729
17056.274142	17461.172729
17056.274264	17461.172852
17056.274264	17461.172852
17056.274264	17461.172852
17056.274264	17461.172852
17056.274264	17461.172852
17056.274264	17461.172852
17056.274387	17461.172974
17056.274387	17461.172974
17056.274387	17461.172974
17056.274387	17461.172974
17056.274387	17461.172974
17056.274387	17461.172974
17056.274387	17461.172974
17056.274387	17461.172974
17056.274387	17461.172974
17056.274387	17461.172974
17056.274509	17461.173096
17056.274509	17461.173096
17056.274509	17461.173096
17056.274509	17461.173096
17056.274631	17461.173218
17056.274631	17461.173218
17056.274631	17461.173218
17056.274753	17461.17334
17056.274753	17461.17334
17056.274753	17461.17334
17056.274753	17461.17334
17056.274875	17461.173462
17056.274875	17461.173462
17056.274875	17461.173462
17056.274875	17461.173462
17056.274875	17461.173462
17056.274875	17461.173462
17056.274875	17461.173462
17056.274997	17461.173584
17056.274997	17461.173584
17056.274997	17461.173584
17056.274997	17461.173584
17056.275119	17461.173706
17056.275119	17461.173706
17056.275119	17461.173706
17056.275119	17461.173706
17056.275241	17461.173828
17056.275241	17461.173828
17056.275241	17461.173828
17056.275363	17461.17395
17056.275363	17461.17395
17056.275485	17461.174072
17056.275485	17461.174072
17056.275485	17461.174072
17056.275485	17461.174072
17056.275485	17461.174072
17056.275485	17461.174072
17056.275485	17461.174072
17056.275607	17461.174194
17056.275607	17461.174194
17056.275607	17461.174194
17056.275607	17461.174194
17056.275607	17461.174194
17056.275729	17461.174316
17056.275729	17461.174316
17056.275729	17461.174316
17056.275729	17461.174316
17056.275729	17461.174316
17056.275729	17461.174316
17056.275851	17461.174438
17056.275851	17461.174438
17056.275973	17461.174561
17056.275973	17461.174561
17056.275973	17461.174561
17056.276095	17461.174683
17056.276095	17461.174683
17056.276095	17461.174683
17056.276095	17461.174683
17056.276095	17461.174683
17056.276095	17461.174683
17056.276095	17461.174683
17056.276217	17461.174805
17056.276217	17461.174805
17056.27634	17461.174927
17056.27634	17461.174927
17056.27634	17461.174927
17056.27634	17461.174927
17056.27634	17461.174927
17056.27634	17461.174927
17056.27634	17461.174927
17056.276462	17461.175049
17056.276462	17461.175049
17056.276462	17461.175049
17056.276462	17461.175049
17056.276462	17461.175049
17056.276462	17461.175049
17056.276584	17461.175171
17056.276706	17461.175293
17056.276706	17461.175293
17056.276706	17461.175293
17056.276706	17461.175293
17056.276706	17461.175293
17056.276828	17461.175415
17056.276828	17461.175415
17056.276828	17461.175415
17056.276828	17461.175415
17056.276828	17461.175415
17056.27695	17461.175537
17056.27695	17461.175537
17056.27695	17461.175537
17056.27695	17461.175537
17056.27695	17461.175537
17056.27695	17461.175537
17056.27695	17461.175537
17056.277072	17461.175659
17056.277072	17461.175659
17056.277072	17461.175659
17056.277072	17461.175659
17056.277072	17461.175659
17056.277072	17461.175659
17056.277194	17461.175781
17056.277194	17461.175781
17056.277194	17461.175781
17056.277194	17461.175781
17056.277194	17461.175781
17056.277194	17461.175781
17056.277194	17461.175781
17056.277194	17461.175781
17056.277316	17461.175903
17056.277316	17461.175903
17056.277316	17461.175903
17056.277438	17461.176025
17056.27756	17461.176147
17056.27756	17461.176147
17056.27756	17461.176147
17056.27756	17461.176147
17056.27756	17461.176147
17056.27756	17461.176147
17056.277682	17461.17627
17056.277682	17461.17627
17056.277682	17461.17627
17056.277682	17461.17627
17056.277682	17461.17627
17056.277804	17461.176392
17056.277804	17461.176392
17056.277804	17461.176392
17056.277804	17461.176392
17056.277804	17461.176392
17056.277926	17461.176514
17056.277926	17461.176514
17056.277926	17461.176514
17056.277926	17461.176514
17056.277926	17461.176514
17056.278048	17461.176636
17056.278048	17461.176636
17056.278048	17461.176636
17056.278048	17461.176636
17056.278171	17461.176758
17056.278171	17461.176758
17056.278293	17461.17688
17056.278293	17461.17688
17056.278293	17461.17688
17056.278415	17461.177002
17056.278537	17461.177124
17056.278537	17461.177124
17056.278537	17461.177124
17056.278537	17461.177124
17056.278537	17461.177124
17056.278537	17461.177124
17056.278659	17461.177246
17056.278659	17461.177246
17056.278659	17461.177246
17056.278659	17461.177246
17056.278781	17461.177368
17056.278781	17461.177368
17056.278781	17461.177368
17056.278781	17461.177368
17056.278781	17461.177368
17056.278903	17461.17749
17056.278903	17461.17749
17056.278903	17461.17749
17056.278903	17461.17749
17056.279025	17461.177612
17056.279025	17461.177612
17056.279025	17461.177612
17056.279025	17461.177612
17056.279025	17461.177612
17056.279025	17461.177612
17056.279147	17461.177734
17056.279269	17461.177856
17056.279391	17461.177979
17056.279391	17461.177979
17056.279391	17461.177979
17056.279391	17461.177979
17056.279391	17461.177979
17056.279513	17461.178101
17056.279513	17461.178101
17056.279513	17461.178101
17056.279635	17461.178223
17056.279635	17461.178223
17056.279635	17461.178223
17056.279635	17461.178223
17056.279635	17461.178223
17056.279757	17461.178345
17056.279879	17461.178467
17056.279879	17461.178467
17056.279879	17461.178467
17056.279879	17461.178467
17056.280002	17461.178589
17056.280124	17461.178711
17056.280124	17461.178711
17056.280124	17461.178711
17056.280124	17461.178711
17056.280246	17461.178833
17056.280246	17461.178833
17056.280246	17461.178833
17056.280246	17461.178833
17056.280246	17461.178833
17056.280368	17461.178955
17056.280368	17461.178955
17056.280368	17461.178955
17056.280368	17461.178955
17056.280368	17461.178955
17056.28049	17461.179077
17056.28049	17461.179077
17056.28049	17461.179077
17056.28049	17461.179077
17056.28049	17461.179077
17056.280612	17461.179199
17056.280612	17461.179199
17056.280734	17461.179321
17056.280734	17461.179321
17056.280734	17461.179321
17056.280734	17461.179321
17056.280734	17461.179321
17056.280856	17461.179443
17056.280856	17461.179443
17056.280856	17461.179443
17056.280856	17461.179443
17056.280856	17461.179443
17056.280978	17461.179565
17056.280978	17461.179565
17056.280978	17461.179565
17056.280978	17461.179565
17056.280978	17461.179565
17056.280978	17461.179565
17056.2811	17461.179688
17056.2811	17461.179688
17056.2811	17461.179688
17056.2811	17461.179688
17056.281222	17461.17981
17056.281222	17461.17981
17056.281222	17461.17981
17056.281344	17461.179932
17056.281466	17461.180054
17056.281466	17461.180054
17056.281466	17461.180054
17056.281588	17461.180176
17056.281588	17461.180176
17056.281588	17461.180176
17056.28171	17461.180298
17056.28171	17461.180298
17056.28171	17461.180298
17056.28171	17461.180298
17056.28171	17461.180298
17056.281833	17461.18042
17056.281833	17461.18042
17056.281833	17461.18042
17056.281833	17461.18042
17056.281833	17461.18042
17056.281833	17461.18042
17056.281955	17461.180542
17056.281955	17461.180542
17056.281955	17461.180542
17056.281955	17461.180542
17056.282077	17461.180664
17056.282077	17461.180664
17056.282077	17461.180664
17056.282077	17461.180664
17056.282077	17461.180664
17056.282077	17461.180664
17056.282077	17461.180664
17056.282199	17461.180786
17056.282199	17461.180786
17056.282199	17461.180786
17056.282199	17461.180786
17056.282199	17461.180786
17056.282321	17461.180908
17056.282443	17461.18103
17056.282443	17461.18103
17056.282443	17461.18103
17056.282443	17461.18103
17056.282565	17461.181152
17056.282565	17461.181152
17056.282565	17461.181152
17056.282565	17461.181152
17056.282565	17461.181152
17056.282565	17461.181152
17056.282565	17461.181152
17056.282565	17461.181152
17056.282809	17461.181396
17056.282931	17461.181519
17056.283053	17461.181641
17056.283053	17461.181641
17056.283175	17461.181763
17056.283175	17461.181763
17056.283297	17461.181885
17056.283297	17461.181885
17056.283419	17461.182007
17056.283419	17461.182007
17056.283419	17461.182007
17056.283541	17461.182129
17056.283541	17461.182129
17056.283541	17461.182129
17056.283541	17461.182129
17056.283541	17461.182129
17056.283541	17461.182129
17056.283664	17461.182251
17056.283664	17461.182251
17056.283664	17461.182251
17056.283786	17461.182373
17056.283908	17461.182495
17056.283908	17461.182495
17056.28403	17461.182617
17056.28403	17461.182617
17056.28403	17461.182617
17056.284152	17461.182739
17056.284152	17461.182739
17056.284152	17461.182739
17056.284152	17461.182739
17056.284274	17461.182861
17056.284274	17461.182861
17056.284274	17461.182861
17056.284274	17461.182861
17056.284274	17461.182861
17056.284274	17461.182861
17056.284396	17461.182983
17056.284518	17461.183105
17056.284518	17461.183105
17056.284518	17461.183105
17056.284518	17461.183105
17056.284518	17461.183105
17056.284518	17461.183105
17056.284762	17461.18335
17056.284762	17461.18335
17056.284762	17461.18335
17056.284762	17461.18335
17056.284884	17461.183472
17056.284884	17461.183472
17056.284884	17461.183472
17056.284884	17461.183472
17056.284884	17461.183472
17056.284884	17461.183472
17056.284884	17461.183472
17056.285006	17461.183594
17056.285006	17461.183594
17056.285006	17461.183594
17056.285128	17461.183716
17056.28525	17461.183838
17056.28525	17461.183838
17056.285372	17461.18396
17056.285372	17461.18396
17056.285495	17461.184082
17056.285617	17461.184204
17056.285617	17461.184204
17056.285739	17461.184326
17056.285739	17461.184326
17056.285983	17461.18457
17056.285983	17461.18457
17056.285983	17461.18457
17056.285983	17461.18457
17056.285983	17461.18457
17056.286105	17461.184692
17056.286227	17461.184814
17056.286227	17461.184814
17056.286349	17461.184937
17056.286349	17461.184937
17056.286471	17461.185059
17056.286593	17461.185181
17056.286593	17461.185181
17056.286715	17461.185303
17056.286837	17461.185425
17056.286837	17461.185425
17056.287081	17461.185669
17056.287203	17461.185791
17056.287203	17461.185791
17056.287326	17461.185913
17056.287448	17461.186035
17056.28757	17461.186157
17056.28757	17461.186157
17056.28757	17461.186157
17056.28757	17461.186157
17056.287692	17461.186279
17056.287692	17461.186279
17056.287814	17461.186401
17056.287936	17461.186523
17056.287936	17461.186523
17056.287936	17461.186523
17056.287936	17461.186523
17056.288058	17461.186646
17056.288058	17461.186646
17056.28818	17461.186768
17056.288302	17461.18689
17056.288302	17461.18689
17056.288302	17461.18689
17056.288546	17461.187134
17056.288546	17461.187134
17056.288546	17461.187134
17056.288668	17461.187256
17056.288668	17461.187256
17056.28879	17461.187378
17056.28879	17461.187378
17056.288912	17461.1875
17056.288912	17461.1875
17056.289034	17461.187622
17056.289034	17461.187622
17056.289157	17461.187744
17056.289157	17461.187744
17056.289279	17461.187866
17056.289401	17461.187988
17056.289523	17461.18811
17056.289523	17461.18811
17056.289645	17461.188232
17056.289645	17461.188232
17056.289767	17461.188354
17056.289767	17461.188354
17056.289767	17461.188354
17056.289767	17461.188354
17056.289767	17461.188354
17056.290011	17461.188599
17056.290011	17461.188599
17056.290133	17461.188721
17056.290133	17461.188721
17056.290133	17461.188721
17056.290377	17461.188965
17056.290499	17461.189087
17056.290499	17461.189087
17056.290621	17461.189209
17056.290865	17461.189453
17056.290988	17461.189575
17056.290988	17461.189575
17056.290988	17461.189575
17056.29111	17461.189697
17056.291354	17461.189941
17056.291354	17461.189941
17056.291476	17461.190063
17056.291476	17461.190063
17056.291598	17461.190186
17056.29172	17461.190308
17056.29172	17461.190308
17056.291964	17461.190552
17056.292086	17461.190674
17056.292086	17461.190674
17056.292086	17461.190674
17056.29233	17461.190918
17056.29233	17461.190918
17056.292452	17461.19104
17056.292574	17461.191162
17056.292696	17461.191284
17056.292696	17461.191284
17056.292696	17461.191284
17056.292819	17461.191406
17056.292941	17461.191528
17056.293063	17461.19165
17056.293063	17461.19165
17056.293185	17461.191772
17056.293185	17461.191772
17056.293185	17461.191772
17056.293185	17461.191772
17056.293307	17461.191895
17056.293429	17461.192017
17056.293551	17461.192139
17056.293795	17461.192383
17056.293917	17461.192505
17056.293917	17461.192505
17056.294039	17461.192627
17056.294161	17461.192749
17056.294283	17461.192871
17056.294283	17461.192871
17056.294405	17461.192993
17056.294527	17461.193115
17056.294527	17461.193115
17056.29465	17461.193237
17056.29465	17461.193237
17056.29465	17461.193237
17056.29465	17461.193237
17056.29465	17461.193237
17056.29465	17461.193237
17056.294894	17461.193481
17056.294894	17461.193481
17056.294894	17461.193481
17056.294894	17461.193481
17056.294894	17461.193481
17056.295016	17461.193604
17056.295016	17461.193604
17056.295016	17461.193604
17056.29526	17461.193848
17056.295382	17461.19397
17056.295504	17461.194092
17056.295504	17461.194092
17056.295626	17461.194214
17056.295748	17461.194336
17056.295748	17461.194336
17056.29587	17461.194458
17056.29587	17461.194458
17056.296603	17461.19519
17056.296725	17461.195313
17056.296847	17461.195435
17056.296847	17461.195435
17056.296969	17461.195557
17056.297091	17461.195679
17056.297091	17461.195679
17056.297091	17461.195679
17056.297213	17461.195801
17056.297579	17461.196167
17056.297701	17461.196289
17056.297701	17461.196289
17056.297701	17461.196289
17056.297823	17461.196411
17056.297823	17461.196411
17056.297945	17461.196533
17056.297945	17461.196533
17056.298067	17461.196655
17056.298067	17461.196655
17056.298312	17461.196899
17056.298434	17461.197021
17056.298434	17461.197021
17056.298678	17461.197266
17056.2988	17461.197388
17056.2988	17461.197388
17056.298922	17461.19751
17056.299166	17461.197754
17056.299166	17461.197754
17056.299288	17461.197876
17056.299288	17461.197876
17056.29941	17461.197998
17056.299532	17461.19812
17056.299654	17461.198242
17056.299654	17461.198242
17056.299776	17461.198364
17056.299776	17461.198364
17056.299898	17461.198486
17056.299898	17461.198486
17056.30002	17461.198608
17056.300143	17461.19873
17056.300387	17461.198975
17056.300387	17461.198975
17056.300387	17461.198975
17056.300509	17461.199097
17056.300631	17461.199219
17056.300753	17461.199341
17056.300875	17461.199463
17056.300997	17461.199585
17056.300997	17461.199585
17056.301119	17461.199707
17056.301363	17461.199951
17056.301485	17461.200073
17056.301485	17461.200073
17056.301729	17461.200317
17056.301851	17461.200439
17056.301973	17461.200562
17056.302218	17461.200806
17056.30234	17461.200928
17056.302462	17461.20105
17056.302706	17461.201294
17056.302828	17461.201416
17056.30295	17461.201538
17056.30295	17461.201538
17056.303072	17461.20166
17056.303072	17461.20166
17056.303194	17461.201782
17056.303194	17461.201782
17056.303194	17461.201782
17056.303438	17461.202026
17056.30356	17461.202148
17056.30356	17461.202148
17056.30356	17461.202148
17056.303682	17461.202271
17056.303927	17461.202515
17056.303927	17461.202515
17056.304049	17461.202637
17056.304049	17461.202637
17056.304049	17461.202637
17056.304049	17461.202637
17056.304049	17461.202637
17056.304171	17461.202759
17056.304171	17461.202759
17056.304171	17461.202759
17056.304293	17461.202881
17056.304537	17461.203125
17056.304781	17461.203369
17056.305025	17461.203613
17056.305391	17461.203979
17056.305758	17461.204346
17056.30588	17461.204468
17056.306002	17461.20459
17056.306246	17461.204834
17056.30649	17461.205078
17056.30649	17461.205078
17056.306612	17461.2052
17056.306612	17461.2052
17056.306612	17461.2052
17056.3071	17461.205688
17056.307222	17461.205811
17056.307222	17461.205811
17056.307344	17461.205933
17056.307466	17461.206055
17056.307466	17461.206055
17056.307466	17461.206055
17056.307466	17461.206055
17056.307833	17461.206421
17056.308199	17461.206787
17056.308199	17461.206787
17056.308199	17461.206787
17056.308199	17461.206787
17056.308199	17461.206787
17056.308443	17461.207031
17056.308565	17461.207153
17056.308687	17461.207275
17056.308687	17461.207275
17056.308687	17461.207275
17056.308809	17461.207397
17056.308931	17461.20752
17056.309053	17461.207642
17056.309053	17461.207642
17056.309053	17461.207642
17056.309053	17461.207642
17056.309297	17461.207886
17056.30942	17461.208008
17056.30942	17461.208008
17056.30942	17461.208008
17056.309542	17461.20813
17056.309542	17461.20813
17056.31003	17461.208618
17056.310152	17461.20874
17056.310152	17461.20874
17056.310152	17461.20874
17056.310396	17461.208984
17056.310396	17461.208984
17056.310518	17461.209106
17056.31064	17461.209229
17056.310762	17461.209351
17056.311006	17461.209595
17056.311006	17461.209595
17056.311373	17461.209961
17056.311373	17461.209961
17056.311373	17461.209961
17056.311495	17461.210083
17056.311983	17461.210571
17056.311983	17461.210571
17056.311983	17461.210571
17056.312349	17461.210938
17056.312715	17461.211304
17056.312837	17461.211426
17056.313204	17461.211792
17056.313204	17461.211792
17056.313326	17461.211914
17056.313326	17461.211914
17056.313326	17461.211914
17056.313448	17461.212036
17056.313448	17461.212036
17056.313448	17461.212036
17056.313692	17461.21228
17056.313814	17461.212402
17056.313936	17461.212524
17056.314058	17461.212646
17056.31418	17461.212769
17056.314668	17461.213257
17056.31479	17461.213379
17056.31479	17461.213379
17056.314913	17461.213501
17056.315279	17461.213867
17056.315401	17461.213989
17056.315401	17461.213989
17056.315401	17461.213989
17056.315645	17461.214233
17056.315645	17461.214233
17056.315645	17461.214233
17056.315767	17461.214355
17056.315889	17461.214478
17056.316255	17461.214844
17056.316377	17461.214966
17056.316621	17461.21521
17056.316621	17461.21521
17056.316744	17461.215332
17056.316744	17461.215332
17056.316988	17461.215576
17056.316988	17461.215576
17056.31711	17461.215698
17056.317232	17461.21582
17056.317354	17461.215942
17056.317476	17461.216064
17056.31772	17461.216309
17056.317842	17461.216431
17056.318208	17461.216797
17056.318452	17461.217041
17056.318452	17461.217041
17056.318575	17461.217163
17056.318819	17461.217407
17056.318819	17461.217407
17056.318819	17461.217407
17056.318941	17461.217529
17056.319185	17461.217773
17056.319307	17461.217896
17056.319307	17461.217896
17056.319429	17461.218018
17056.320039	17461.218628
17056.320039	17461.218628
17056.320283	17461.218872
17056.320528	17461.219116
17056.320528	17461.219116
17056.321382	17461.219971
17056.321382	17461.219971
17056.321626	17461.220215
17056.321626	17461.220215
17056.321748	17461.220337
17056.32187	17461.220459
17056.32187	17461.220459
17056.321992	17461.220581
17056.322359	17461.220947
17056.322481	17461.221069
17056.322481	17461.221069
17056.322847	17461.221436
17056.322847	17461.221436
17056.322969	17461.221558
17056.322969	17461.221558
17056.322969	17461.221558
17056.323091	17461.22168
17056.323091	17461.22168
17056.323091	17461.22168
17056.323213	17461.221802
17056.323579	17461.222168
17056.323823	17461.222412
17056.323823	17461.222412
17056.323823	17461.222412
17056.324067	17461.222656
17056.324067	17461.222656
17056.32419	17461.222778
17056.324434	17461.223022
17056.324434	17461.223022
17056.324434	17461.223022
17056.3248	17461.223389
17056.324922	17461.223511
17056.325044	17461.223633
17056.325166	17461.223755
17056.325288	17461.223877
17056.32541	17461.223999
17056.325654	17461.224243
17056.325776	17461.224365
17056.325776	17461.224365
17056.325776	17461.224365
17056.326021	17461.224609
17056.326143	17461.224731
17056.326265	17461.224854
17056.326265	17461.224854
17056.326631	17461.22522
17056.326753	17461.225342
17056.326753	17461.225342
17056.326875	17461.225464
17056.326875	17461.225464
17056.326997	17461.225586
17056.326997	17461.225586
17056.326997	17461.225586
17056.327119	17461.225708
17056.327241	17461.22583
17056.327241	17461.22583
17056.327363	17461.225952
17056.327485	17461.226074
17056.327729	17461.226318
17056.327974	17461.226563
17056.327974	17461.226563
17056.327974	17461.226563
17056.328096	17461.226685
17056.328096	17461.226685
17056.328096	17461.226685
17056.328218	17461.226807
17056.328218	17461.226807
17056.328462	17461.227051
17056.328584	17461.227173
17056.328706	17461.227295
17056.328706	17461.227295
17056.328828	17461.227417
17056.328828	17461.227417
17056.329316	17461.227905
17056.329438	17461.228027
17056.329438	17461.228027
17056.329438	17461.228027
17056.32956	17461.228149
17056.32956	17461.228149
17056.32956	17461.228149
17056.32956	17461.228149
17056.329683	17461.228271
17056.329683	17461.228271
17056.329805	17461.228394
17056.329805	17461.228394
17056.329927	17461.228516
17056.329927	17461.228516
17056.329927	17461.228516
17056.330171	17461.22876
17056.330293	17461.228882
17056.330537	17461.229126
17056.330659	17461.229248
17056.330659	17461.229248
17056.330659	17461.229248
17056.330781	17461.22937
17056.330781	17461.22937
17056.330903	17461.229492
17056.331147	17461.229736
17056.331147	17461.229736
17056.331147	17461.229736
17056.331269	17461.229858
17056.331391	17461.22998
17056.331514	17461.230103
17056.331636	17461.230225
17056.331636	17461.230225
17056.331636	17461.230225
17056.331758	17461.230347
17056.331758	17461.230347
17056.331758	17461.230347
17056.33188	17461.230469
17056.332002	17461.230591
17056.332002	17461.230591
17056.332002	17461.230591
17056.332124	17461.230713
17056.332246	17461.230835
17056.332368	17461.230957
17056.33249	17461.231079
17056.33249	17461.231079
17056.332612	17461.231201
17056.332612	17461.231201
17056.332612	17461.231201
17056.332734	17461.231323
17056.333222	17461.231812
17056.333222	17461.231812
17056.333345	17461.231934
17056.333467	17461.232056
17056.333467	17461.232056
17056.333467	17461.232056
17056.333589	17461.232178
17056.333589	17461.232178
17056.333589	17461.232178
17056.333589	17461.232178
17056.333711	17461.2323
17056.333955	17461.232544
17056.334077	17461.232666
17056.334077	17461.232666
17056.334077	17461.232666
17056.334321	17461.23291
17056.334443	17461.233032
17056.334443	17461.233032
17056.334565	17461.233154
17056.334565	17461.233154
17056.334687	17461.233276
17056.334687	17461.233276
17056.334809	17461.233398
17056.334809	17461.233398
17056.334809	17461.233398
17056.334809	17461.233398
17056.334931	17461.233521
17056.334931	17461.233521
17056.335053	17461.233643
17056.335053	17461.233643
17056.335176	17461.233765
17056.335176	17461.233765
17056.335176	17461.233765
17056.335176	17461.233765
17056.335298	17461.233887
17056.33542	17461.234009
17056.33542	17461.234009
17056.33542	17461.234009
17056.335542	17461.234131
17056.335664	17461.234253
17056.335786	17461.234375
17056.335908	17461.234497
17056.33603	17461.234619
17056.336274	17461.234863
17056.336396	17461.234985
17056.336518	17461.235107
17056.33664	17461.235229
17056.33664	17461.235229
17056.336884	17461.235474
17056.337007	17461.235596
17056.337007	17461.235596
17056.337007	17461.235596
17056.337007	17461.235596
17056.337129	17461.235718
17056.337129	17461.235718
17056.337373	17461.235962
17056.337373	17461.235962
17056.337495	17461.236084
17056.337739	17461.236328
17056.337861	17461.23645
17056.337861	17461.23645
17056.337861	17461.23645
17056.337983	17461.236572
17056.337983	17461.236572
17056.338105	17461.236694
17056.338105	17461.236694
17056.338227	17461.236816
17056.338227	17461.236816
17056.338227	17461.236816
17056.338349	17461.236938
17056.338349	17461.236938
17056.338471	17461.237061
17056.338471	17461.237061
17056.338593	17461.237183
17056.338593	17461.237183
17056.338593	17461.237183
17056.338715	17461.237305
17056.338838	17461.237427
17056.33896	17461.237549
17056.33896	17461.237549
17056.339082	17461.237671
17056.339082	17461.237671
17056.339204	17461.237793
17056.339204	17461.237793
17056.339204	17461.237793
17056.339448	17461.238037
17056.339692	17461.238281
17056.339692	17461.238281
17056.339692	17461.238281
17056.339814	17461.238403
17056.339936	17461.238525
17056.339936	17461.238525
17056.339936	17461.238525
17056.340058	17461.238647
17056.340058	17461.238647
17056.340302	17461.238892
17056.340546	17461.239136
17056.340669	17461.239258
17056.340669	17461.239258
17056.340791	17461.23938
17056.341035	17461.239624
17056.341157	17461.239746
17056.341279	17461.239868
17056.341401	17461.23999
17056.341523	17461.240112
17056.341889	17461.240479
17056.342255	17461.240845
17056.342377	17461.240967
17056.342377	17461.240967
17056.342377	17461.240967
17056.3425	17461.241089
17056.3425	17461.241089
17056.342622	17461.241211
17056.342744	17461.241333
17056.343232	17461.241821
17056.343354	17461.241943
17056.343476	17461.242065
17056.343476	17461.242065
17056.343598	17461.242188
17056.34372	17461.24231
17056.343842	17461.242432
17056.343842	17461.242432
17056.343842	17461.242432
17056.343964	17461.242554
17056.343964	17461.242554
17056.344331	17461.24292
17056.344819	17461.243408
17056.344819	17461.243408
17056.344941	17461.24353
17056.345063	17461.243652
17056.345307	17461.243896
17056.345673	17461.244263
17056.345795	17461.244385
17056.346284	17461.244873
17056.346406	17461.244995
17056.346406	17461.244995
17056.346772	17461.245361
17056.346772	17461.245361
17056.347016	17461.245605
17056.347016	17461.245605
17056.347138	17461.245728
17056.34726	17461.24585
17056.347504	17461.246094
17056.347504	17461.246094
17056.347626	17461.246216
17056.347626	17461.246216
17056.347993	17461.246582
17056.347993	17461.246582
17056.348115	17461.246704
17056.348115	17461.246704
17056.348359	17461.246948
17056.348481	17461.24707
17056.348481	17461.24707
17056.348603	17461.247192
17056.349091	17461.247681
17056.349335	17461.247925
17056.349457	17461.248047
17056.349457	17461.248047
17056.349701	17461.248291
17056.349823	17461.248413
17056.35019	17461.248779
17056.35019	17461.248779
17056.350312	17461.248901
17056.350312	17461.248901
17056.350556	17461.249146
17056.350922	17461.249512
17056.350922	17461.249512
17056.351166	17461.249756
17056.351166	17461.249756
17056.351288	17461.249878
17056.35141	17461.25
17056.35141	17461.25
17056.351532	17461.250122
17056.351899	17461.250488
17056.352021	17461.25061
17056.352143	17461.250732
17056.352509	17461.251099
17056.353363	17461.251953
17056.353485	17461.252075
17056.353608	17461.252197
17056.353608	17461.252197
17056.353974	17461.252563
17056.35434	17461.25293
17056.35434	17461.25293
17056.35434	17461.25293
17056.354584	17461.253174
17056.355072	17461.253662
17056.355194	17461.253784
17056.355439	17461.254028
17056.355683	17461.254272
17056.356049	17461.254639
17056.356049	17461.254639
17056.356171	17461.254761
17056.356171	17461.254761
17056.356171	17461.254761
17056.356537	17461.255127
17056.357025	17461.255615
17056.357514	17461.256104
17056.358368	17461.256958
17056.359101	17461.25769
17056.359345	17461.257935
17056.359467	17461.258057
17056.359589	17461.258179
17056.360687	17461.259277
17056.361542	17461.260132
17056.361786	17461.260376
17056.362885	17461.261475
17056.363373	17461.261963
17056.363861	17461.262451
17056.364105	17461.262695
17056.364471	17461.263062
17056.36496	17461.26355
17056.365326	17461.263916
17056.365326	17461.263916
17056.366058	17461.264648
17056.36618	17461.264771
17056.366302	17461.264893
17056.367645	17461.266235
17056.368011	17461.266602
17056.3685	17461.26709
17056.368744	17461.267334
17056.368744	17461.267334
17056.369476	17461.268066
17056.369598	17461.268188
17056.370087	17461.268677
17056.371063	17461.269653
17056.371795	17461.270386
17056.37204	17461.27063
17056.372406	17461.270996
17056.37265	17461.27124
17056.37326	17461.271851
17056.373749	17461.272339
17056.373871	17461.272461
17056.373993	17461.272583
17056.374359	17461.272949
17056.374481	17461.273071
17056.375213	17461.273804
17056.375213	17461.273804
17056.375335	17461.273926
17056.375824	17461.274414
17056.376312	17461.274902
17056.376678	17461.275269
17056.3768	17461.275391
17056.3768	17461.275391
17056.377655	17461.276245
17056.377655	17461.276245
17056.377899	17461.276489
17056.378021	17461.276611
17056.378265	17461.276855
17056.378265	17461.276855
17056.378265	17461.276855
17056.378387	17461.276978
17056.378753	17461.277344
17056.378875	17461.277466
17056.379119	17461.27771
17056.379241	17461.277832
17056.381195	17461.279785
17056.381317	17461.279907
17056.381805	17461.280396
17056.381805	17461.280396
17056.382049	17461.28064
17056.382171	17461.280762
17056.383026	17461.281616
17056.384368	17461.282959
17056.38449	17461.283081
17056.38449	17461.283081
17056.384612	17461.283203
17056.384612	17461.283203
17056.385101	17461.283691
17056.385223	17461.283813
17056.385345	17461.283936
17056.385345	17461.283936
17056.385589	17461.28418
17056.386077	17461.284668
17056.386565	17461.285156
17056.387298	17461.285889
17056.387664	17461.286255
17056.38803	17461.286621
17056.388519	17461.287109
17056.388641	17461.287231
17056.388763	17461.287354
17056.389617	17461.288208
17056.390105	17461.288696
17056.390105	17461.288696
17056.390472	17461.289063
17056.390716	17461.289307
17056.390838	17461.289429
17056.390838	17461.289429
17056.390838	17461.289429
17056.391082	17461.289673
17056.391204	17461.289795
17056.39157	17461.290161
17056.391692	17461.290283
17056.391936	17461.290527
17056.392669	17461.29126
17056.392791	17461.291382
17056.392913	17461.291504
17056.393157	17461.291748
17056.393279	17461.29187
17056.393279	17461.29187
17056.393767	17461.292358
17056.393889	17461.29248
17056.394012	17461.292603
17056.394378	17461.292969
17056.3945	17461.293091
17056.3945	17461.293091
17056.394988	17461.293579
17056.395232	17461.293823
17056.395232	17461.293823
17056.395598	17461.294189
17056.395598	17461.294189
17056.39572	17461.294312
17056.39572	17461.294312
17056.396087	17461.294678
17056.396575	17461.295166
17056.397429	17461.296021
17056.397429	17461.296021
17056.397673	17461.296265
17056.397673	17461.296265
17056.397918	17461.296509
17056.397918	17461.296509
17056.398284	17461.296875
17056.398894	17461.297485
17056.399016	17461.297607
17056.399382	17461.297974
17056.399627	17461.298218
17056.399749	17461.29834
17056.399993	17461.298584
17056.400603	17461.299194
17056.400725	17461.299316
17056.400847	17461.299438
17056.401458	17461.300049
17056.40158	17461.300171
17056.402556	17461.301147
17056.402678	17461.30127
17056.403411	17461.302002
17056.403533	17461.302124
17056.403533	17461.302124
17056.403655	17461.302246
17056.404875	17461.303467
17056.40512	17461.303711
17056.405608	17461.304199
17056.405974	17461.304565
17056.406462	17461.305054
17056.407195	17461.305786
17056.407561	17461.306152
17056.407683	17461.306274
17056.408171	17461.306763
17056.408171	17461.306763
17056.40927	17461.307861
17056.40927	17461.307861
17056.409392	17461.307983
17056.40988	17461.308472
17056.410735	17461.309326
17056.412566	17461.311157
17056.414641	17461.313232
17056.415007	17461.313599
17056.415129	17461.313721
17056.415861	17461.314453
17056.415983	17461.314575
17056.41757	17461.316162
17056.420012	17461.318604
17056.4205	17461.319092
17056.420744	17461.319336
17056.421476	17461.320068
17056.421476	17461.320068
17056.422575	17461.321167
17056.42465	17461.323242
17056.425627	17461.324219
17056.426603	17461.325195
17056.42819	17461.326782
17056.428312	17461.326904
17056.429289	17461.327881
17056.430753	17461.329346
17056.432096	17461.330688
17056.434415	17461.333008
17056.435758	17461.334351
17056.43588	17461.334473
17056.43588	17461.334473
17056.436613	17461.335205
17056.436857	17461.335449
17056.437833	17461.336426
17056.438077	17461.33667
17056.438322	17461.336914
17056.438322	17461.336914
17056.438444	17461.337036
17056.438932	17461.337524
17056.439176	17461.337769
17056.439298	17461.337891
17056.439298	17461.337891
17056.43942	17461.338013
17056.439908	17461.338501
17056.440153	17461.338745
17056.440275	17461.338867
17056.441007	17461.3396
17056.443326	17461.341919
17056.445157	17461.34375
17056.445646	17461.344238
17056.446012	17461.344604
17056.446988	17461.345581
17056.447232	17461.345825
17056.447232	17461.345825
17056.447355	17461.345947
17056.447843	17461.346436
17056.448575	17461.347168
17056.448941	17461.347534
17056.450772	17461.349365
17056.451871	17461.350464
