#ttrig = 90918480.3784
# time 	 unbarycentered time 
13124.263864	13528.916016
13124.268868	13528.921021
13124.277169	13528.929321
13124.277169	13528.929321
13124.310003	13528.962158
13124.331608	13528.983765
13124.343815	13528.995972
13124.355411	13529.007568
13124.358096	13529.010254
13124.370546	13529.022705
13124.371157	13529.023315
13124.37311	13529.025269
13124.374696	13529.026855
13124.37787	13529.030029
13124.378969	13529.031128
13124.379945	13529.032104
13124.380311	13529.032471
13124.3808	13529.032959
13124.381166	13529.033325
13124.385804	13529.037964
13124.386903	13529.039063
13124.386903	13529.039063
13124.387513	13529.039673
13124.387635	13529.039795
13124.391053	13529.043213
13124.392762	13529.044922
13124.392884	13529.045044
13124.394837	13529.046997
13124.398743	13529.050903
13124.40155	13529.053711
13124.404236	13529.056396
13124.404602	13529.056763
13124.404846	13529.057007
13124.407897	13529.060059
13124.407897	13529.060059
13124.40924	13529.061401
13124.409484	13529.061646
13124.409728	13529.06189
13124.410583	13529.062744
13124.410583	13529.062744
13124.411315	13529.063477
13124.411315	13529.063477
13124.412048	13529.064209
13124.41278	13529.064941
13124.41339	13529.065552
13124.41339	13529.065552
13124.413512	13529.065674
13124.413756	13529.065918
13124.413878	13529.06604
13124.414001	13529.066162
13124.414123	13529.066284
13124.414245	13529.066406
13124.414489	13529.06665
13124.415099	13529.067261
13124.415343	13529.067505
13124.415465	13529.067627
13124.415587	13529.067749
13124.415709	13529.067871
13124.416686	13529.068848
13124.416686	13529.068848
13124.416808	13529.06897
13124.41693	13529.069092
13124.417052	13529.069214
13124.417662	13529.069824
13124.417662	13529.069824
13124.418151	13529.070313
13124.418395	13529.070557
13124.418639	13529.070801
13124.418883	13529.071045
13124.418883	13529.071045
13124.419005	13529.071167
13124.419005	13529.071167
13124.419127	13529.071289
13124.419127	13529.071289
13124.419249	13529.071411
13124.419493	13529.071655
13124.419493	13529.071655
13124.419615	13529.071777
13124.419737	13529.071899
13124.419737	13529.071899
13124.419737	13529.071899
13124.419737	13529.071899
13124.419982	13529.072144
13124.420226	13529.072388
13124.420836	13529.072998
13124.420958	13529.07312
13124.421202	13529.073364
13124.421202	13529.073364
13124.421812	13529.073975
13124.421935	13529.074097
13124.422057	13529.074219
13124.422667	13529.074829
13124.422789	13529.074951
13124.422789	13529.074951
13124.422911	13529.075073
13124.422911	13529.075073
13124.422911	13529.075073
13124.423033	13529.075195
13124.423155	13529.075317
13124.423399	13529.075562
13124.423521	13529.075684
13124.423643	13529.075806
13124.423643	13529.075806
13124.423765	13529.075928
13124.42401	13529.076172
13124.42401	13529.076172
13124.42401	13529.076172
13124.424132	13529.076294
13124.424254	13529.076416
13124.424376	13529.076538
13124.424376	13529.076538
13124.424498	13529.07666
13124.42462	13529.076782
13124.42462	13529.076782
13124.42462	13529.076782
13124.42462	13529.076782
13124.424742	13529.076904
13124.424864	13529.077026
13124.425108	13529.077271
13124.42523	13529.077393
13124.425352	13529.077515
13124.425352	13529.077515
13124.425352	13529.077515
13124.425841	13529.078003
13124.425841	13529.078003
13124.425841	13529.078003
13124.425963	13529.078125
13124.426085	13529.078247
13124.426085	13529.078247
13124.426085	13529.078247
13124.426207	13529.078369
13124.426329	13529.078491
13124.426329	13529.078491
13124.426451	13529.078613
13124.426451	13529.078613
13124.426573	13529.078735
13124.426573	13529.078735
13124.426573	13529.078735
13124.426573	13529.078735
13124.426695	13529.078857
13124.426817	13529.078979
13124.426939	13529.079102
13124.427061	13529.079224
13124.427061	13529.079224
13124.427061	13529.079224
13124.427183	13529.079346
13124.427183	13529.079346
13124.427183	13529.079346
13124.427305	13529.079468
13124.427427	13529.07959
13124.427671	13529.079834
13124.427916	13529.080078
13124.428038	13529.0802
13124.428038	13529.0802
13124.428038	13529.0802
13124.428282	13529.080444
13124.428404	13529.080566
13124.428526	13529.080688
13124.428526	13529.080688
13124.428526	13529.080688
13124.428526	13529.080688
13124.428648	13529.080811
13124.428648	13529.080811
13124.428892	13529.081055
13124.428892	13529.081055
13124.428892	13529.081055
13124.429014	13529.081177
13124.429014	13529.081177
13124.429014	13529.081177
13124.429136	13529.081299
13124.429258	13529.081421
13124.429258	13529.081421
13124.429258	13529.081421
13124.42938	13529.081543
13124.429624	13529.081787
13124.429747	13529.081909
13124.429869	13529.082031
13124.429869	13529.082031
13124.429869	13529.082031
13124.429869	13529.082031
13124.429869	13529.082031
13124.429991	13529.082153
13124.429991	13529.082153
13124.429991	13529.082153
13124.430113	13529.082275
13124.430235	13529.082397
13124.430235	13529.082397
13124.430235	13529.082397
13124.430357	13529.08252
13124.430479	13529.082642
13124.430479	13529.082642
13124.430479	13529.082642
13124.430723	13529.082886
13124.430845	13529.083008
13124.430845	13529.083008
13124.430967	13529.08313
13124.430967	13529.08313
13124.431333	13529.083496
13124.431333	13529.083496
13124.431333	13529.083496
13124.431333	13529.083496
13124.431455	13529.083618
13124.4317	13529.083862
13124.4317	13529.083862
13124.4317	13529.083862
13124.4317	13529.083862
13124.431822	13529.083984
13124.432066	13529.084229
13124.432066	13529.084229
13124.432066	13529.084229
13124.432066	13529.084229
13124.432188	13529.084351
13124.432188	13529.084351
13124.432188	13529.084351
13124.43231	13529.084473
13124.432554	13529.084717
13124.432554	13529.084717
13124.432554	13529.084717
13124.432554	13529.084717
13124.432676	13529.084839
13124.432798	13529.084961
13124.432798	13529.084961
13124.43292	13529.085083
13124.43292	13529.085083
13124.433042	13529.085205
13124.433042	13529.085205
13124.433042	13529.085205
13124.433042	13529.085205
13124.433164	13529.085327
13124.433408	13529.085571
13124.43353	13529.085693
13124.433653	13529.085815
13124.433653	13529.085815
13124.433775	13529.085938
13124.433775	13529.085938
13124.433897	13529.08606
13124.433897	13529.08606
13124.434629	13529.086792
13124.434751	13529.086914
13124.435117	13529.08728
13124.435117	13529.08728
13124.435117	13529.08728
13124.435483	13529.087646
13124.435483	13529.087646
13124.435728	13529.087891
13124.435728	13529.087891
13124.435728	13529.087891
13124.43585	13529.088013
13124.43585	13529.088013
13124.435972	13529.088135
13124.436094	13529.088257
13124.436216	13529.088379
13124.436338	13529.088501
13124.436704	13529.088867
13124.436826	13529.088989
13124.43707	13529.089233
13124.437192	13529.089355
13124.437192	13529.089355
13124.437314	13529.089478
13124.437681	13529.089844
13124.437925	13529.090088
13124.438047	13529.09021
13124.438047	13529.09021
13124.438413	13529.090576
13124.438535	13529.090698
13124.438657	13529.09082
13124.438901	13529.091064
13124.439023	13529.091187
13124.439267	13529.091431
13124.439389	13529.091553
13124.439512	13529.091675
13124.439634	13529.091797
13124.439756	13529.091919
13124.440122	13529.092285
13124.440854	13529.093018
13124.440854	13529.093018
13124.440976	13529.09314
13124.441709	13529.093872
13124.441709	13529.093872
13124.441831	13529.093994
13124.442075	13529.094238
13124.442319	13529.094482
13124.442441	13529.094604
13124.442441	13529.094604
13124.442441	13529.094604
13124.442563	13529.094727
13124.442685	13529.094849
13124.442807	13529.094971
13124.442929	13529.095093
13124.442929	13529.095093
13124.443051	13529.095215
13124.443173	13529.095337
13124.443173	13529.095337
13124.443173	13529.095337
13124.443295	13529.095459
13124.44354	13529.095703
13124.443784	13529.095947
13124.444028	13529.096191
13124.444028	13529.096191
13124.444394	13529.096558
13124.444394	13529.096558
13124.444516	13529.09668
13124.444638	13529.096802
13124.444638	13529.096802
13124.44476	13529.096924
13124.444882	13529.097046
13124.445004	13529.097168
13124.445126	13529.09729
13124.445126	13529.09729
13124.445126	13529.09729
13124.445248	13529.097412
13124.445371	13529.097534
13124.445371	13529.097534
13124.445737	13529.0979
13124.445981	13529.098145
13124.445981	13529.098145
13124.446103	13529.098267
13124.446225	13529.098389
13124.446469	13529.098633
13124.446591	13529.098755
13124.446713	13529.098877
13124.446835	13529.098999
13124.447323	13529.099487
13124.447812	13529.099976
13124.447934	13529.100098
13124.448178	13529.100342
13124.4483	13529.100464
13124.448422	13529.100586
13124.448666	13529.10083
13124.44891	13529.101074
13124.449032	13529.101196
13124.449154	13529.101318
13124.449643	13529.101807
13124.449887	13529.102051
13124.449887	13529.102051
13124.450253	13529.102417
13124.450497	13529.102661
13124.451229	13529.103394
13124.451352	13529.103516
13124.451352	13529.103516
13124.451596	13529.10376
13124.451718	13529.103882
13124.45184	13529.104004
13124.451962	13529.104126
13124.452084	13529.104248
13124.452084	13529.104248
13124.452328	13529.104492
13124.45245	13529.104614
13124.45245	13529.104614
13124.452572	13529.104736
13124.452694	13529.104858
13124.452816	13529.10498
13124.452938	13529.105103
13124.452938	13529.105103
13124.452938	13529.105103
13124.452938	13529.105103
13124.45306	13529.105225
13124.453182	13529.105347
13124.453182	13529.105347
13124.453182	13529.105347
13124.453427	13529.105591
13124.453427	13529.105591
13124.453427	13529.105591
13124.453793	13529.105957
13124.453793	13529.105957
13124.453915	13529.106079
13124.453915	13529.106079
13124.454037	13529.106201
13124.454037	13529.106201
13124.454159	13529.106323
13124.454281	13529.106445
13124.454281	13529.106445
13124.454403	13529.106567
13124.454403	13529.106567
13124.454403	13529.106567
13124.454403	13529.106567
13124.454525	13529.106689
13124.454525	13529.106689
13124.454647	13529.106812
13124.454647	13529.106812
13124.455013	13529.107178
13124.455013	13529.107178
13124.455013	13529.107178
13124.455135	13529.1073
13124.455135	13529.1073
13124.455135	13529.1073
13124.455258	13529.107422
13124.455258	13529.107422
13124.455258	13529.107422
13124.455258	13529.107422
13124.45538	13529.107544
13124.455624	13529.107788
13124.455624	13529.107788
13124.455746	13529.10791
13124.455746	13529.10791
13124.455868	13529.108032
13124.45599	13529.108154
13124.456112	13529.108276
13124.456112	13529.108276
13124.456112	13529.108276
13124.456234	13529.108398
13124.456234	13529.108398
13124.456356	13529.108521
13124.456356	13529.108521
13124.456478	13529.108643
13124.456478	13529.108643
13124.456478	13529.108643
13124.456478	13529.108643
13124.4566	13529.108765
13124.456722	13529.108887
13124.456722	13529.108887
13124.456722	13529.108887
13124.456722	13529.108887
13124.456722	13529.108887
13124.456722	13529.108887
13124.456844	13529.109009
13124.456966	13529.109131
13124.457088	13529.109253
13124.457333	13529.109497
13124.457455	13529.109619
13124.457455	13529.109619
13124.457699	13529.109863
13124.457699	13529.109863
13124.457699	13529.109863
13124.457821	13529.109985
13124.457821	13529.109985
13124.458797	13529.110962
13124.458919	13529.111084
13124.459041	13529.111206
13124.459041	13529.111206
13124.45953	13529.111694
13124.459652	13529.111816
13124.459652	13529.111816
13124.46014	13529.112305
13124.460506	13529.112671
13124.46075	13529.112915
13124.460994	13529.113159
13124.461361	13529.113525
13124.461483	13529.113647
13124.461605	13529.11377
13124.461605	13529.11377
13124.461727	13529.113892
13124.461849	13529.114014
13124.461849	13529.114014
13124.461849	13529.114014
13124.461971	13529.114136
13124.462093	13529.114258
13124.462093	13529.114258
13124.462093	13529.114258
13124.462093	13529.114258
13124.462337	13529.114502
13124.462947	13529.115112
13124.46307	13529.115234
13124.463192	13529.115356
13124.463436	13529.115601
13124.463436	13529.115601
13124.463558	13529.115723
13124.46368	13529.115845
13124.46368	13529.115845
13124.46368	13529.115845
13124.463802	13529.115967
13124.463802	13529.115967
13124.463802	13529.115967
13124.463924	13529.116089
13124.464046	13529.116211
13124.464168	13529.116333
13124.464168	13529.116333
13124.46429	13529.116455
13124.46429	13529.116455
13124.464412	13529.116577
13124.464412	13529.116577
13124.464656	13529.116821
13124.464778	13529.116943
13124.464778	13529.116943
13124.465145	13529.11731
13124.465267	13529.117432
13124.465389	13529.117554
13124.465511	13529.117676
13124.465633	13529.117798
13124.465633	13529.117798
13124.465633	13529.117798
13124.465877	13529.118042
13124.465877	13529.118042
13124.465877	13529.118042
13124.465999	13529.118164
13124.465999	13529.118164
13124.466121	13529.118286
13124.466243	13529.118408
13124.466243	13529.118408
13124.466243	13529.118408
13124.466365	13529.11853
13124.466365	13529.11853
13124.466365	13529.11853
13124.466487	13529.118652
13124.466487	13529.118652
13124.466976	13529.119141
13124.46722	13529.119385
13124.46722	13529.119385
13124.467342	13529.119507
13124.467586	13529.119751
13124.467708	13529.119873
13124.467708	13529.119873
13124.46783	13529.119995
13124.46783	13529.119995
13124.468074	13529.120239
13124.468196	13529.120361
13124.468196	13529.120361
13124.468196	13529.120361
13124.468318	13529.120483
13124.46844	13529.120605
13124.46844	13529.120605
13124.468806	13529.120972
13124.468806	13529.120972
13124.468806	13529.120972
13124.468806	13529.120972
13124.468929	13529.121094
13124.469173	13529.121338
13124.469295	13529.12146
13124.469295	13529.12146
13124.469417	13529.121582
13124.469417	13529.121582
13124.469539	13529.121704
13124.469539	13529.121704
13124.469661	13529.121826
13124.469783	13529.121948
13124.469905	13529.12207
13124.470149	13529.122314
13124.470149	13529.122314
13124.470637	13529.122803
13124.470759	13529.122925
13124.471004	13529.123169
13124.47137	13529.123535
13124.471492	13529.123657
13124.471492	13529.123657
13124.471614	13529.123779
13124.471736	13529.123901
13124.472102	13529.124268
13124.472224	13529.12439
13124.472346	13529.124512
13124.47259	13529.124756
13124.472712	13529.124878
13124.472712	13529.124878
13124.472712	13529.124878
13124.472835	13529.125
13124.472957	13529.125122
13124.473079	13529.125244
13124.473079	13529.125244
13124.473445	13529.12561
13124.473567	13529.125732
13124.473567	13529.125732
13124.473689	13529.125854
13124.474177	13529.126343
13124.474299	13529.126465
13124.474421	13529.126587
13124.474421	13529.126587
13124.474421	13529.126587
13124.474788	13529.126953
13124.475032	13529.127197
13124.475276	13529.127441
13124.475276	13529.127441
13124.475276	13529.127441
13124.475642	13529.127808
13124.475764	13529.12793
13124.475764	13529.12793
13124.475764	13529.12793
13124.476252	13529.128418
13124.476252	13529.128418
13124.476741	13529.128906
13124.476863	13529.129028
13124.476985	13529.12915
13124.477717	13529.129883
13124.477717	13529.129883
13124.477717	13529.129883
13124.477839	13529.130005
13124.477961	13529.130127
13124.477961	13529.130127
13124.478327	13529.130493
13124.478449	13529.130615
13124.478571	13529.130737
13124.478816	13529.130981
13124.47906	13529.131226
13124.47906	13529.131226
13124.479426	13529.131592
13124.479548	13529.131714
13124.479792	13529.131958
13124.479792	13529.131958
13124.479914	13529.13208
13124.480036	13529.132202
13124.480769	13529.132935
13124.480769	13529.132935
13124.481379	13529.133545
13124.481501	13529.133667
13124.481501	13529.133667
13124.482599	13529.134766
13124.482844	13529.13501
13124.48321	13529.135376
13124.483454	13529.13562
13124.483698	13529.135864
13124.484186	13529.136353
13124.484186	13529.136353
13124.484308	13529.136475
13124.484308	13529.136475
13124.48443	13529.136597
13124.484675	13529.136841
13124.485163	13529.137329
13124.485651	13529.137817
13124.486261	13529.138428
13124.486383	13529.13855
13124.486383	13529.13855
13124.486383	13529.13855
13124.486505	13529.138672
13124.486505	13529.138672
13124.486628	13529.138794
13124.486628	13529.138794
13124.486628	13529.138794
13124.486872	13529.139038
13124.486872	13529.139038
13124.487116	13529.139282
13124.487116	13529.139282
13124.487482	13529.139648
13124.487604	13529.139771
13124.487604	13529.139771
13124.487604	13529.139771
13124.487848	13529.140015
13124.48797	13529.140137
13124.488092	13529.140259
13124.488458	13529.140625
13124.488581	13529.140747
13124.488581	13529.140747
13124.488703	13529.140869
13124.488947	13529.141113
13124.489069	13529.141235
13124.489191	13529.141357
13124.489313	13529.141479
13124.489435	13529.141602
13124.489435	13529.141602
13124.489557	13529.141724
13124.489679	13529.141846
13124.489801	13529.141968
13124.489801	13529.141968
13124.489801	13529.141968
13124.489923	13529.14209
13124.489923	13529.14209
13124.490045	13529.142212
13124.490167	13529.142334
13124.490534	13529.1427
13124.490656	13529.142822
13124.4909	13529.143066
13124.4909	13529.143066
13124.4909	13529.143066
13124.491022	13529.143188
13124.491022	13529.143188
13124.491144	13529.143311
13124.491144	13529.143311
13124.491388	13529.143555
13124.491388	13529.143555
13124.491388	13529.143555
13124.49151	13529.143677
13124.491754	13529.143921
13124.491998	13529.144165
13124.49212	13529.144287
13124.492364	13529.144531
13124.492487	13529.144653
13124.492609	13529.144775
13124.493097	13529.145264
13124.493219	13529.145386
13124.493463	13529.14563
13124.493585	13529.145752
13124.493829	13529.145996
13124.493829	13529.145996
13124.493951	13529.146118
13124.494317	13529.146484
13124.494562	13529.146729
13124.495538	13529.147705
13124.495782	13529.147949
13124.495904	13529.148071
13124.496393	13529.14856
13124.496393	13529.14856
13124.497247	13529.149414
13124.497369	13529.149536
13124.497369	13529.149536
13124.498346	13529.150513
13124.49859	13529.150757
13124.498834	13529.151001
13124.4992	13529.151367
13124.500054	13529.152222
13124.500665	13529.152832
13124.500787	13529.152954
13124.500909	13529.153076
13124.500909	13529.153076
13124.501153	13529.15332
13124.501275	13529.153442
13124.502007	13529.154175
13124.502129	13529.154297
13124.502374	13529.154541
13124.502496	13529.154663
13124.502618	13529.154785
13124.503106	13529.155273
13124.503106	13529.155273
13124.503472	13529.15564
13124.503716	13529.155884
13124.504205	13529.156372
13124.505303	13529.157471
13124.505547	13529.157715
13124.505791	13529.157959
13124.506158	13529.158325
13124.506402	13529.158569
13124.506768	13529.158936
13124.507134	13529.159302
13124.507866	13529.160034
13124.508599	13529.160767
13124.508599	13529.160767
13124.508599	13529.160767
13124.508843	13529.161011
13124.508965	13529.161133
13124.510186	13529.162354
13124.510308	13529.162476
13124.51043	13529.162598
13124.510918	13529.163086
13124.51104	13529.163208
13124.511406	13529.163574
13124.511528	13529.163696
13124.51165	13529.163818
13124.511772	13529.16394
13124.511894	13529.164063
13124.512139	13529.164307
13124.512261	13529.164429
13124.512505	13529.164673
13124.512627	13529.164795
13124.512871	13529.165039
13124.512993	13529.165161
13124.512993	13529.165161
13124.514092	13529.16626
13124.514214	13529.166382
13124.514336	13529.166504
13124.514458	13529.166626
13124.51519	13529.167358
13124.515556	13529.167725
13124.5158	13529.167969
13124.516411	13529.168579
13124.516411	13529.168579
13124.517753	13529.169922
13124.519218	13529.171387
13124.519706	13529.171875
13124.519828	13529.171997
13124.520073	13529.172241
13124.520561	13529.172729
13124.521171	13529.17334
13124.521293	13529.173462
13124.521293	13529.173462
13124.521293	13529.173462
13124.521659	13529.173828
13124.521904	13529.174072
13124.52227	13529.174438
13124.52227	13529.174438
13124.522514	13529.174683
13124.522636	13529.174805
13124.523002	13529.175171
13124.523002	13529.175171
13124.52349	13529.175659
13124.523612	13529.175781
13124.523734	13529.175903
13124.524345	13529.176514
13124.524345	13529.176514
13124.524711	13529.17688
13124.525687	13529.177856
13124.526176	13529.178345
13124.526298	13529.178467
13124.52642	13529.178589
13124.52703	13529.179199
13124.52703	13529.179199
13124.527152	13529.179321
13124.527274	13529.179443
13124.527396	13529.179565
13124.527518	13529.179688
13124.528129	13529.180298
13124.528129	13529.180298
13124.528373	13529.180542
13124.528861	13529.18103
13124.528861	13529.18103
13124.528983	13529.181152
13124.529716	13529.181885
13124.530326	13529.182495
13124.530692	13529.182861
13124.53118	13529.18335
13124.531424	13529.183594
13124.532157	13529.184326
13124.532767	13529.184937
13124.533011	13529.185181
13124.533011	13529.185181
13124.533499	13529.185669
13124.533499	13529.185669
13124.533499	13529.185669
13124.533622	13529.185791
13124.533744	13529.185913
13124.533744	13529.185913
13124.533866	13529.186035
13124.533988	13529.186157
13124.534354	13529.186523
13124.53472	13529.18689
13124.53472	13529.18689
13124.534964	13529.187134
13124.534964	13529.187134
13124.535208	13529.187378
13124.535208	13529.187378
13124.535452	13529.187622
13124.535697	13529.187866
13124.535819	13529.187988
13124.535941	13529.18811
13124.536063	13529.188232
13124.536307	13529.188477
13124.536551	13529.188721
13124.536917	13529.189087
13124.538138	13529.190308
13124.538382	13529.190552
13124.538626	13529.190796
13124.538748	13529.190918
13124.538992	13529.191162
13124.539358	13529.191528
13124.53948	13529.19165
13124.540213	13529.192383
13124.540579	13529.192749
13124.540579	13529.192749
13124.540579	13529.192749
13124.540701	13529.192871
13124.540701	13529.192871
13124.540823	13529.192993
13124.541311	13529.193481
13124.541433	13529.193604
13124.541433	13529.193604
13124.541433	13529.193604
13124.541556	13529.193726
13124.542288	13529.194458
13124.542654	13529.194824
13124.542898	13529.195068
13124.543753	13529.195923
13124.543753	13529.195923
13124.544363	13529.196533
13124.545217	13529.197388
13124.545339	13529.19751
13124.545584	13529.197754
13124.545584	13529.197754
13124.545828	13529.197998
13124.546194	13529.198364
13124.547292	13529.199463
13124.547659	13529.199829
13124.547781	13529.199951
13124.548025	13529.200195
13124.548147	13529.200317
13124.549245	13529.201416
13124.54949	13529.20166
13124.549978	13529.202148
13124.550222	13529.202393
13124.551565	13529.203735
13124.551687	13529.203857
13124.551931	13529.204102
13124.552297	13529.204468
13124.552419	13529.20459
13124.553274	13529.205444
13124.553518	13529.205688
13124.554006	13529.206177
13124.554494	13529.206665
13124.554616	13529.206787
13124.555227	13529.207397
13124.555471	13529.207642
13124.556081	13529.208252
13124.556203	13529.208374
13124.556447	13529.208618
13124.557546	13529.209717
13124.55779	13529.209961
13124.558278	13529.210449
13124.558766	13529.210938
13124.561086	13529.213257
13124.561696	13529.213867
13124.563405	13529.215576
13124.563527	13529.215698
13124.563893	13529.216064
13124.563893	13529.216064
13124.564137	13529.216309
13124.564625	13529.216797
13124.565114	13529.217285
13124.565236	13529.217407
13124.565358	13529.217529
13124.566945	13529.219116
13124.567189	13529.21936
13124.567433	13529.219604
13124.567921	13529.220093
13124.568531	13529.220703
13124.570362	13529.222534
13124.571095	13529.223267
13124.571095	13529.223267
13124.571583	13529.223755
13124.571827	13529.223999
13124.573048	13529.22522
13124.57317	13529.225342
13124.574268	13529.22644
13124.574634	13529.226807
13124.575123	13529.227295
13124.575367	13529.227539
13124.575611	13529.227783
13124.575733	13529.227905
13124.575855	13529.228027
13124.576587	13529.22876
13124.577808	13529.22998
13124.578907	13529.231079
13124.579273	13529.231445
13124.579273	13529.231445
13124.581592	13529.233765
13124.581958	13529.234131
13124.582324	13529.234497
13124.582324	13529.234497
13124.583057	13529.235229
13124.583179	13529.235352
13124.584399	13529.236572
13124.58501	13529.237183
13124.586597	13529.23877
13124.586963	13529.239136
13124.587695	13529.239868
13124.587939	13529.240112
13124.587939	13529.240112
13124.588183	13529.240356
13124.588183	13529.240356
13124.588305	13529.240479
13124.588794	13529.240967
13124.588916	13529.241089
13124.589038	13529.241211
13124.589038	13529.241211
13124.589892	13529.242065
13124.590503	13529.242676
13124.590503	13529.242676
13124.590625	13529.242798
13124.591967	13529.244141
13124.594897	13529.24707
13124.595995	13529.248169
13124.596239	13529.248413
13124.596484	13529.248657
13124.596972	13529.249146
13124.599047	13529.251221
13124.599169	13529.251343
13124.601122	13529.253296
13124.601488	13529.253662
13124.601732	13529.253906
13124.601854	13529.254028
13124.602709	13529.254883
13124.603319	13529.255493
13124.60515	13529.257324
13124.60515	13529.257324
13124.606126	13529.258301
13124.608202	13529.260376
13124.608934	13529.261108
13124.610155	13529.262329
13124.610521	13529.262695
13124.611253	13529.263428
13124.611375	13529.26355
13124.612474	13529.264648
13124.612718	13529.264893
13124.613694	13529.265869
13124.615647	13529.267822
13124.616136	13529.268311
13124.619187	13529.271362
13124.61992	13529.272095
13124.625168	13529.277344
13124.62529	13529.277466
13124.625412	13529.277588
13124.628586	13529.280762
13124.629929	13529.282104
13124.631149	13529.283325
13124.633346	13529.285522
13124.633713	13529.285889
13124.634079	13529.286255
13124.634445	13529.286621
13124.634689	13529.286865
13124.638961	13529.291138
13124.64128	13529.293457
13124.642257	13529.294434
13124.646651	13529.298828
13124.646773	13529.29895
13124.648116	13529.300293
13124.656782	13529.30896
13124.657271	13529.309448
13124.658491	13529.310669
13124.661054	13529.313232
13124.664228	13529.316406
13124.66728	13529.319458
13124.667524	13529.319702
13124.671064	13529.323242
13124.674848	13529.327026
13124.678509	13529.330688
13124.679364	13529.331543
13124.684368	13529.336548
13124.687542	13529.339722
13124.689007	13529.341187
13124.69096	13529.34314
13124.693401	13529.345581
13124.694622	13529.346802
13124.694744	13529.346924
13124.69865	13529.35083
13124.699748	13529.351929
13124.705607	13529.357788
13124.707926	13529.360107
13124.710001	13529.362183
13124.720377	13529.372559
13124.722696	13529.374878
13124.725992	13529.378174
13124.726724	13529.378906
13124.72709	13529.379272
13124.727456	13529.379639
13124.727456	13529.379639
13124.728799	13529.380981
13124.729531	13529.381714
13124.730752	13529.382935
13124.731362	13529.383545
13124.731484	13529.383667
13124.732949	13529.385132
13124.734292	13529.386475
13124.734292	13529.386475
13124.735757	13529.387939
13124.736977	13529.38916
13124.738198	13529.390381
13124.739663	13529.391846
13124.740639	13529.392822
13124.741127	13529.393311
13124.74186	13529.394043
13124.741982	13529.394165
13124.744667	13529.396851
13124.745033	13529.397217
13124.746498	13529.398682
13124.747108	13529.399292
13124.747475	13529.399658
13124.747597	13529.39978
13124.747719	13529.399902
13124.747719	13529.399902
13124.747719	13529.399902
13124.747963	13529.400146
13124.748085	13529.400269
13124.749428	13529.401611
13124.751991	13529.404175
13124.753089	13529.405273
13124.753944	13529.406128
13124.754066	13529.40625
13124.754066	13529.40625
13124.754066	13529.40625
13124.754554	13529.406738
13124.755042	13529.407227
13124.755164	13529.407349
13124.755287	13529.407471
13124.755531	13529.407715
13124.756019	13529.408203
13124.756019	13529.408203
13124.75724	13529.409424
13124.757362	13529.409546
13124.757484	13529.409668
13124.757728	13529.409912
13124.757972	13529.410156
13124.758094	13529.410278
13124.758338	13529.410522
13124.758704	13529.410889
13124.758826	13529.411011
13124.760169	13529.412354
13124.760901	13529.413086
13124.760901	13529.413086
13124.761023	13529.413208
13124.761268	13529.413452
13124.76139	13529.413574
13124.762	13529.414185
13124.762122	13529.414307
13124.762244	13529.414429
13124.762366	13529.414551
13124.763221	13529.415405
13124.764075	13529.41626
13124.764685	13529.41687
13124.765906	13529.418091
13124.767005	13529.419189
13124.767493	13529.419678
13124.767493	13529.419678
13124.767737	13529.419922
13124.768225	13529.42041
13124.768225	13529.42041
13124.768713	13529.420898
13124.769324	13529.421509
13124.769812	13529.421997
13124.770666	13529.422852
13124.771277	13529.423462
13124.771887	13529.424072
13124.772619	13529.424805
13124.772986	13529.425171
13124.77323	13529.425415
13124.773718	13529.425903
13124.773718	13529.425903
13124.77384	13529.426025
13124.774084	13529.42627
13124.774328	13529.426514
13124.775793	13529.427979
13124.776525	13529.428711
13124.776892	13529.429077
13124.778478	13529.430664
13124.778723	13529.430908
13124.779455	13529.431641
13124.779943	13529.432129
13124.780065	13529.432251
13124.780553	13529.432739
13124.784459	13529.436646
13124.784581	13529.436768
13124.784704	13529.43689
13124.784704	13529.43689
13124.785192	13529.437378
13124.785558	13529.437744
13124.786168	13529.438354
13124.786168	13529.438354
13124.787267	13529.439453
13124.787877	13529.440063
13124.788121	13529.440308
13124.789586	13529.441772
13124.789586	13529.441772
13124.789708	13529.441895
13124.789952	13529.442139
13124.79044	13529.442627
13124.790685	13529.442871
13124.791661	13529.443848
13124.791905	13529.444092
13124.793736	13529.445923
13124.79398	13529.446167
13124.79398	13529.446167
13124.795445	13529.447632
13124.796666	13529.448853
13124.797032	13529.449219
13124.79752	13529.449707
13124.797642	13529.449829
13124.79813	13529.450317
13124.799107	13529.451294
13124.799839	13529.452026
13124.801426	13529.453613
13124.804844	13529.457031
13124.806309	13529.458496
13124.814487	13529.466675
13124.818271	13529.470459
13124.820712	13529.4729
13124.820834	13529.473022
13124.821322	13529.473511
13124.831087	13529.483276
13124.832796	13529.484985
13124.837068	13529.489258
13124.837068	13529.489258
13124.83719	13529.48938
13124.838777	13529.490967
13124.842439	13529.494629
13124.84366	13529.49585
13124.845857	13529.498047
13124.85135	13529.50354
13124.85257	13529.504761
13124.855622	13529.507813
13124.855622	13529.507813
13124.857209	13529.509399
13124.857941	13529.510132
13124.873199	13529.525391
13124.874175	13529.526367
13124.878691	13529.530884
13124.898221	13529.550415
13124.899076	13529.55127
13124.902494	13529.554688
13124.905301	13529.557495
13124.906156	13529.55835
13124.9064	13529.558594
13124.906766	13529.55896
13124.91116	13529.563354
13124.912869	13529.565063
13124.917141	13529.569336
13124.921413	13529.573608
13124.92361	13529.575806
13124.932521	13529.584717
13124.932765	13529.584961
13124.93423	13529.586426
13124.941431	13529.593628
13124.943018	13529.595215
13124.944971	13529.597168
13124.948023	13529.60022
13124.950586	13529.602783
13124.955713	13529.60791
13124.956079	13529.608276
13124.956933	13529.609131
13124.964501	13529.616699
13124.964501	13529.616699
13124.96499	13529.617188
13124.970971	13529.623169
13124.971581	13529.623779
13124.975975	13529.628174
13124.977074	13529.629272
13124.978172	13529.630371
13124.978783	13529.630981
13124.979149	13529.631348
13124.980247	13529.632446
13124.986106	13529.638306
13124.986228	13529.638428
13124.986228	13529.638428
13124.98635	13529.63855
13124.987449	13529.639648
13124.991477	13529.643677
13124.991599	13529.643799
13124.993186	13529.645386
13124.993674	13529.645874
13124.996237	13529.648438
13124.996237	13529.648438
13124.997702	13529.649902
13124.998312	13529.650513
13124.998679	13529.650879
13124.999045	13529.651245
13125.000021	13529.652222
13125.000632	13529.652832
13125.005026	13529.657227
13125.006369	13529.658569
13125.006369	13529.658569
13125.008932	13529.661133
13125.010275	13529.662476
13125.010519	13529.66272
13125.012838	13529.665039
13125.013204	13529.665405
13125.016378	13529.668579
13125.016866	13529.669067
13125.020162	13529.672363
13125.020772	13529.672974
13125.02126	13529.673462
13125.023091	13529.675293
13125.023579	13529.675781
13125.023701	13529.675903
13125.02541	13529.677612
13125.031635	13529.683838
13125.031635	13529.683838
13125.032734	13529.684937
13125.0331	13529.685303
13125.034321	13529.686523
13125.035053	13529.687256
13125.035908	13529.68811
13125.039203	13529.691406
13125.039325	13529.691528
13125.03957	13529.691772
13125.041645	13529.693848
13125.041767	13529.69397
13125.042987	13529.69519
13125.043353	13529.695557
13125.04433	13529.696533
13125.04909	13529.701294
13125.049457	13529.70166
13125.05141	13529.703613
13125.052874	13529.705078
13125.053241	13529.705444
13125.053851	13529.706055
13125.053973	13529.706177
13125.054339	13529.706543
13125.054461	13529.706665
13125.054583	13529.706787
13125.054705	13529.706909
13125.054827	13529.707031
13125.055194	13529.707397
13125.055194	13529.707397
13125.055194	13529.707397
13125.055316	13529.70752
13125.055438	13529.707642
13125.05556	13529.707764
13125.055682	13529.707886
13125.056048	13529.708252
13125.05617	13529.708374
13125.05617	13529.708374
13125.05617	13529.708374
13125.056292	13529.708496
13125.056414	13529.708618
13125.056414	13529.708618
13125.056414	13529.708618
13125.056414	13529.708618
13125.056414	13529.708618
13125.056536	13529.70874
13125.056536	13529.70874
13125.056658	13529.708862
13125.056658	13529.708862
13125.056658	13529.708862
13125.05678	13529.708984
13125.05678	13529.708984
13125.056902	13529.709106
13125.056902	13529.709106
13125.056902	13529.709106
13125.056902	13529.709106
13125.056902	13529.709106
13125.057024	13529.709229
13125.057146	13529.709351
13125.057146	13529.709351
13125.057146	13529.709351
13125.057391	13529.709595
13125.057391	13529.709595
13125.057513	13529.709717
13125.057513	13529.709717
13125.057635	13529.709839
13125.057635	13529.709839
13125.057757	13529.709961
13125.057757	13529.709961
13125.057757	13529.709961
13125.057879	13529.710083
13125.057879	13529.710083
13125.058123	13529.710327
13125.058245	13529.710449
13125.058245	13529.710449
13125.058245	13529.710449
13125.058367	13529.710571
13125.058367	13529.710571
13125.058367	13529.710571
13125.058367	13529.710571
13125.058367	13529.710571
13125.058489	13529.710693
13125.058611	13529.710815
13125.058733	13529.710938
13125.058977	13529.711182
13125.059222	13529.711426
13125.059466	13529.71167
13125.059588	13529.711792
13125.059832	13529.712036
13125.059832	13529.712036
13125.059832	13529.712036
13125.060076	13529.71228
13125.060198	13529.712402
13125.060198	13529.712402
13125.060198	13529.712402
13125.060442	13529.712646
13125.060442	13529.712646
13125.060564	13529.712769
13125.060686	13529.712891
13125.060686	13529.712891
13125.061175	13529.713379
13125.061419	13529.713623
13125.062395	13529.7146
13125.062517	13529.714722
13125.062517	13529.714722
13125.062883	13529.715088
13125.062883	13529.715088
13125.063494	13529.715698
13125.06386	13529.716064
13125.063982	13529.716187
13125.063982	13529.716187
13125.064348	13529.716553
13125.06447	13529.716675
13125.064592	13529.716797
13125.064714	13529.716919
13125.064714	13529.716919
13125.065081	13529.717285
13125.065203	13529.717407
13125.065447	13529.717651
13125.065935	13529.71814
13125.066301	13529.718506
13125.066423	13529.718628
13125.066667	13529.718872
13125.066789	13529.718994
13125.066911	13529.719116
13125.067034	13529.719238
13125.067034	13529.719238
13125.067156	13529.71936
13125.067278	13529.719482
13125.067522	13529.719727
13125.068254	13529.720459
13125.068376	13529.720581
13125.068376	13529.720581
13125.06862	13529.720825
13125.06862	13529.720825
13125.068742	13529.720947
13125.068864	13529.721069
13125.068987	13529.721191
13125.068987	13529.721191
13125.069109	13529.721313
13125.069353	13529.721558
13125.069475	13529.72168
13125.069597	13529.721802
13125.069841	13529.722046
13125.069963	13529.722168
13125.070085	13529.72229
13125.070695	13529.7229
13125.070817	13529.723022
13125.07094	13529.723145
13125.071184	13529.723389
13125.071428	13529.723633
13125.07155	13529.723755
13125.071916	13529.724121
13125.072038	13529.724243
13125.072404	13529.724609
13125.072526	13529.724731
13125.07277	13529.724976
13125.073137	13529.725342
13125.073503	13529.725708
13125.073503	13529.725708
13125.073625	13529.72583
13125.075578	13529.727783
13125.075944	13529.728149
13125.075944	13529.728149
13125.075944	13529.728149
13125.076676	13529.728882
13125.076799	13529.729004
13125.076921	13529.729126
13125.077409	13529.729614
13125.078874	13529.731079
13125.07924	13529.731445
13125.08046	13529.732666
13125.080582	13529.732788
13125.081315	13529.733521
13125.083634	13529.73584
13125.084977	13529.737183
13125.085953	13529.738159
13125.086564	13529.73877
13125.087418	13529.739624
13125.08815	13529.740356
13125.089127	13529.741333
13125.089859	13529.742065
13125.091324	13529.74353
13125.092667	13529.744873
13125.093765	13529.745972
13125.094009	13529.746216
13125.094375	13529.746582
13125.095596	13529.747803
13125.097671	13529.749878
13125.098526	13529.750732
13125.099624	13529.751831
13125.099746	13529.751953
13125.099746	13529.751953
13125.100723	13529.75293
13125.100967	13529.753174
13125.101699	13529.753906
13125.10231	13529.754517
13125.102554	13529.754761
13125.102676	13529.754883
13125.103164	13529.755371
13125.10414	13529.756348
13125.104995	13529.757202
13125.104995	13529.757202
13125.106826	13529.759033
13125.106948	13529.759155
13125.107558	13529.759766
13125.10768	13529.759888
13125.109023	13529.76123
13125.109633	13529.761841
13125.110732	13529.762939
13125.110976	13529.763184
13125.111708	13529.763916
13125.112441	13529.764648
13125.112685	13529.764893
13125.114028	13529.766235
13125.11415	13529.766357
13125.11476	13529.766968
13125.115492	13529.7677
13125.116225	13529.768433
13125.116591	13529.768799
13125.117689	13529.769897
13125.118178	13529.770386
13125.1183	13529.770508
13125.118544	13529.770752
13125.120497	13529.772705
13125.120619	13529.772827
13125.121351	13529.77356
13125.122572	13529.77478
13125.122572	13529.77478
13125.122694	13529.774902
13125.122938	13529.775146
13125.124647	13529.776855
13125.125257	13529.777466
13125.125257	13529.777466
13125.1266	13529.778809
13125.127943	13529.780151
13125.128187	13529.780396
13125.128431	13529.78064
13125.128919	13529.781128
13125.129651	13529.78186
13125.130384	13529.782593
13125.130994	13529.783203
13125.132093	13529.784302
13125.132825	13529.785034
13125.133924	13529.786133
13125.133924	13529.786133
13125.134412	13529.786621
13125.134534	13529.786743
13125.134656	13529.786865
13125.135388	13529.787598
13125.13551	13529.78772
13125.136487	13529.788696
13125.13783	13529.790039
13125.138684	13529.790894
13125.139172	13529.791382
13125.139416	13529.791626
13125.139539	13529.791748
13125.139661	13529.79187
13125.140149	13529.792358
13125.141369	13529.793579
13125.141369	13529.793579
13125.142224	13529.794434
13125.142224	13529.794434
13125.142224	13529.794434
13125.142468	13529.794678
13125.14259	13529.7948
13125.143078	13529.795288
13125.143078	13529.795288
13125.143078	13529.795288
13125.143445	13529.795654
13125.143933	13529.796143
13125.144055	13529.796265
13125.144543	13529.796753
13125.145031	13529.797241
13125.145886	13529.798096
13125.146008	13529.798218
13125.146862	13529.799072
13125.148205	13529.800415
13125.148937	13529.801147
13125.149059	13529.80127
13125.14967	13529.80188
13125.149792	13529.802002
13125.150646	13529.802856
13125.15089	13529.803101
13125.151745	13529.803955
13125.151867	13529.804077
13125.152965	13529.805176
13125.153454	13529.805664
13125.154186	13529.806396
13125.154308	13529.806519
13125.15443	13529.806641
13125.155285	13529.807495
13125.155529	13529.807739
13125.155773	13529.807983
13125.156505	13529.808716
13125.156505	13529.808716
13125.156627	13529.808838
13125.157726	13529.809937
13125.158458	13529.810669
13125.159435	13529.811646
13125.159435	13529.811646
13125.162608	13529.814819
13125.162852	13529.815063
13125.162974	13529.815186
13125.163829	13529.81604
13125.163829	13529.81604
13125.164317	13529.816528
13125.164561	13529.816772
13125.165416	13529.817627
13125.165782	13529.817993
13125.16627	13529.818481
13125.167247	13529.819458
13125.167491	13529.819702
13125.169444	13529.821655
13125.170176	13529.822388
13125.170298	13529.82251
13125.170664	13529.822876
13125.170786	13529.822998
13125.171031	13529.823242
13125.171275	13529.823486
13125.172007	13529.824219
13125.172129	13529.824341
13125.173228	13529.825439
13125.173472	13529.825684
13125.175669	13529.827881
13125.176401	13529.828613
13125.178354	13529.830566
13125.178843	13529.831055
13125.179941	13529.832153
13125.180796	13529.833008
13125.18104	13529.833252
13125.181894	13529.834106
13125.182993	13529.835205
13125.1858	13529.838013
13125.1858	13529.838013
13125.186044	13529.838257
13125.187387	13529.8396
13125.187509	13529.839722
13125.188852	13529.841064
13125.18995	13529.842163
13125.190561	13529.842773
13125.191293	13529.843506
13125.192269	13529.844482
13125.19288	13529.845093
13125.193002	13529.845215
13125.193368	13529.845581
13125.20179	13529.854004
13125.204354	13529.856567
13125.204964	13529.857178
13125.208015	13529.860229
13125.208015	13529.860229
13125.210823	13529.863037
13125.211677	13529.863892
13125.212166	13529.86438
13125.21302	13529.865234
13125.213142	13529.865356
13125.213874	13529.866089
13125.214241	13529.866455
13125.216316	13529.86853
13125.217536	13529.869751
13125.218513	13529.870728
13125.219245	13529.87146
13125.219245	13529.87146
13125.219245	13529.87146
13125.219978	13529.872192
13125.2201	13529.872314
13125.220344	13529.872559
13125.22071	13529.872925
13125.22071	13529.872925
13125.221442	13529.873657
13125.222053	13529.874268
13125.223395	13529.87561
13125.223884	13529.876099
13125.224372	13529.876587
13125.225592	13529.877808
13125.226447	13529.878662
13125.227912	13529.880127
13125.228278	13529.880493
13125.229132	13529.881348
13125.229376	13529.881592
13125.229743	13529.881958
13125.229743	13529.881958
13125.229865	13529.88208
13125.230109	13529.882324
13125.230231	13529.882446
13125.230231	13529.882446
13125.230231	13529.882446
13125.230353	13529.882568
13125.230597	13529.882813
13125.231329	13529.883545
13125.233038	13529.885254
13125.233893	13529.886108
13125.235113	13529.887329
13125.236944	13529.88916
13125.237188	13529.889404
13125.237921	13529.890137
13125.238165	13529.890381
13125.238165	13529.890381
13125.238409	13529.890625
13125.240484	13529.8927
13125.244146	13529.896362
13125.24439	13529.896606
13125.244878	13529.897095
13125.246465	13529.898682
13125.248906	13529.901123
13125.249517	13529.901733
13125.251225	13529.903442
13125.252324	13529.904541
13125.253301	13529.905518
13125.253545	13529.905762
13125.254521	13529.906738
13125.255131	13529.907349
13125.255131	13529.907349
13125.255254	13529.907471
13125.255986	13529.908203
13125.25623	13529.908447
13125.257329	13529.909546
13125.257939	13529.910156
13125.258427	13529.910645
13125.258549	13529.910767
13125.260746	13529.912964
13125.262699	13529.914917
13125.262821	13529.915039
13125.263066	13529.915283
13125.26392	13529.916138
13125.264042	13529.91626
13125.264896	13529.917114
13125.265141	13529.917358
13125.267094	13529.919312
13125.267704	13529.919922
13125.268314	13529.920532
13125.268436	13529.920654
13125.268802	13529.921021
13125.269291	13529.921509
13125.269779	13529.921997
13125.269779	13529.921997
13125.270389	13529.922607
13125.27161	13529.923828
13125.272464	13529.924683
13125.272953	13529.925171
13125.273807	13529.926025
13125.273929	13529.926147
13125.274173	13529.926392
13125.274539	13529.926758
13125.274783	13529.927002
13125.275028	13529.927246
13125.275638	13529.927856
13125.275882	13529.928101
13125.275882	13529.928101
13125.276248	13529.928467
13125.27637	13529.928589
13125.276614	13529.928833
13125.278201	13529.93042
13125.278934	13529.931152
13125.281131	13529.93335
13125.281375	13529.933594
13125.281619	13529.933838
13125.282351	13529.93457
13125.283572	13529.935791
13125.285403	13529.937622
13125.286746	13529.938965
13125.287234	13529.939453
13125.288699	13529.940918
13125.288699	13529.940918
13125.292727	13529.944946
13125.296388	13529.948608
13125.299928	13529.952148
13125.302125	13529.954346
13125.303712	13529.955933
13125.304323	13529.956543
13125.305055	13529.957275
13125.305543	13529.957764
13125.305543	13529.957764
13125.309693	13529.961914
13125.310426	13529.962646
13125.313477	13529.965698
13125.318238	13529.970459
13125.321655	13529.973877
13125.321777	13529.973999
13125.322144	13529.974365
13125.32605	13529.978271
13125.326172	13529.978394
13125.327026	13529.979248
13125.331542	13529.983765
13125.333007	13529.985229
13125.338256	13529.990479
13125.342894	13529.995117
13125.34619	13529.998413
13125.347777	13530.0
13125.350462	13530.002686
13125.350584	13530.002808
13125.352049	13530.004272
13125.357908	13530.010132
13125.359128	13530.011353
13125.359983	13530.012207
13125.360105	13530.012329
13125.361936	13530.01416
13125.364621	13530.016846
13125.374264	13530.026489
13125.384151	13530.036377
13125.3894	13530.041626
