#ttrig = 90890757.3784
# time 	 unbarycentered time 
21805.739959	22209.321899
21805.758757	22209.340698
21805.773649	22209.355591
21805.792691	22209.374634
21805.793668	22209.37561
21805.805508	22209.387451
21805.80563	22209.387573
21805.817837	22209.39978
21805.848109	22209.430054
21805.84933	22209.431274
21805.854335	22209.436279
21805.863734	22209.445679
21805.865809	22209.447754
21805.866419	22209.448364
21805.870936	22209.452881
21805.879358	22209.461304
21805.887659	22209.469604
21805.912682	22209.494629
21805.917687	22209.499634
21805.933678	22209.515625
21805.94564	22209.527588
21805.946983	22209.528931
21805.948326	22209.530273
21805.951988	22209.533936
21805.952476	22209.534424
21805.955894	22209.537842
21805.9681	22209.550049
21805.970298	22209.552246
21805.972861	22209.55481
21805.973105	22209.555054
21805.973227	22209.555176
21805.995321	22209.577271
21805.997274	22209.579224
21806.012288	22209.594238
21806.021077	22209.603027
21806.031209	22209.613159
21806.032185	22209.614136
21806.03304	22209.61499
21806.045857	22209.627808
21806.046101	22209.628052
21806.048908	22209.630859
21806.05965	22209.641602
21806.059772	22209.641724
21806.072711	22209.654663
21806.077716	22209.659668
21806.07796	22209.659912
21806.098711	22209.680664
21806.10689	22209.688843
21806.108599	22209.690552
21806.113359	22209.695313
21806.124223	22209.706177
21806.150223	22209.732178
21806.151688	22209.733643
21806.15596	22209.737915
21806.164627	22209.746582
21806.176345	22209.758301
21806.188186	22209.770142
21806.1949	22209.776855
21806.202834	22209.78479
21806.206618	22209.788574
21806.20674	22209.788696
21806.208205	22209.790161
21806.212965	22209.794922
21806.219557	22209.801514
21806.225172	22209.807129
21806.226271	22209.808228
21806.231153	22209.81311
21806.234327	22209.816284
21806.23689	22209.818848
21806.241651	22209.823608
21806.248853	22209.830811
21806.253736	22209.835693
21806.276806	22209.858765
21806.298778	22209.880737
21806.305614	22209.887573
21806.306712	22209.888672
21806.307201	22209.88916
21806.310252	22209.892212
21806.31721	22209.89917
21806.319285	22209.901245
21806.325144	22209.907104
21806.325266	22209.907227
21806.327341	22209.909302
21806.332102	22209.914063
21806.347116	22209.929077
21806.347849	22209.92981
21806.347971	22209.929932
21806.355661	22209.937622
21806.356759	22209.938721
21806.357126	22209.939087
21806.359079	22209.94104
21806.359201	22209.941162
21806.370431	22209.952393
21806.377267	22209.959229
21806.377633	22209.959595
21806.380684	22209.962646
21806.382271	22209.964233
21806.385323	22209.967285
21806.387154	22209.969116
21806.399727	22209.981689
21806.406685	22209.988647
21806.409614	22209.991577
21806.425483	22210.007446
21806.427558	22210.009521
21806.430365	22210.012329
21806.435858	22210.017822
21806.451117	22210.033081
21806.453192	22210.035156
21806.454901	22210.036865
21806.455633	22210.037598
21806.457952	22210.039917
21806.459295	22210.04126
21806.463934	22210.045898
21806.477849	22210.059814
21806.480901	22210.062866
21806.495061	22210.077026
21806.520817	22210.102783
21806.522892	22210.104858
21806.526798	22210.108765
21806.528995	22210.110962
21806.544009	22210.125977
21806.5683	22210.150269
21806.573305	22210.155273
21806.580263	22210.162231
21806.585023	22210.166992
21806.615906	22210.197876
21806.62262	22210.20459
21806.632385	22210.214355
21806.635437	22210.217407
21806.641174	22210.223145
21806.642395	22210.224365
21806.646179	22210.228149
21806.648986	22210.230957
21806.651427	22210.233398
21806.659118	22210.241089
21806.661803	22210.243774
21806.669371	22210.251343
21806.686705	22210.268677
21806.716245	22210.298218
21806.716733	22210.298706
21806.718808	22210.300781
21806.719663	22210.301636
21806.720151	22210.302124
21806.722714	22210.304688
21806.728695	22210.310669
21806.735287	22210.317261
21806.738217	22210.32019
21806.738583	22210.320557
21806.742855	22210.324829
21806.744564	22210.326538
21806.747249	22210.329224
21806.748226	22210.3302
21806.777278	22210.359253
21806.779719	22210.361694
21806.791926	22210.373901
21806.81756	22210.399536
21806.823907	22210.405884
21806.825738	22210.407715
21806.838677	22210.420654
21806.841851	22210.423828
21806.857964	22210.439941
21806.860161	22210.442139
21806.871879	22210.453857
21806.87432	22210.456299
21806.879813	22210.461792
21806.884818	22210.466797
21806.898734	22210.480713
21806.915457	22210.497437
21806.924001	22210.505981
21806.945729	22210.52771
21806.955128	22210.537109
21806.955861	22210.537842
21806.960133	22210.542114
21806.9688	22210.550781
21806.97002	22210.552002
21806.97588	22210.557861
21806.982227	22210.564209
21806.987598	22210.56958
21806.990894	22210.572876
21806.998584	22210.580566
21807.00957	22210.591553
21807.010791	22210.592773
21807.014086	22210.596069
21807.045946	22210.62793
21807.050096	22210.63208
21807.083908	22210.665894
21807.084519	22210.666504
21807.084763	22210.666748
21807.097458	22210.679443
21807.101486	22210.683472
21807.129805	22210.711792
21807.137984	22210.719971
21807.147261	22210.729248
21807.148115	22210.730103
21807.15312	22210.735107
21807.155561	22210.737549
21807.156538	22210.738525
21807.15788	22210.739868
21807.165571	22210.747559
21807.173139	22210.755127
21807.177899	22210.759888
21807.180585	22210.762573
21807.185101	22210.76709
21807.186688	22210.768677
21807.198773	22210.780762
21807.217693	22210.799683
21807.21928	22210.80127
21807.23759	22210.81958
21807.244425	22210.826416
21807.244792	22210.826782
21807.252726	22210.834717
21807.273721	22210.855713
21807.289224	22210.871216
21807.289224	22210.871216
21807.298379	22210.880371
21807.302651	22210.884644
21807.308022	22210.890015
21807.318642	22210.900635
21807.33097	22210.912964
21807.33097	22210.912964
21807.333778	22210.915771
21807.338294	22210.920288
21807.338539	22210.920532
21807.338783	22210.920776
21807.339881	22210.921875
21807.355628	22210.937622
21807.361243	22210.943237
21807.362952	22210.944946
21807.368689	22210.950684
21807.373083	22210.955078
21807.379431	22210.961426
21807.388952	22210.970947
21807.390051	22210.972046
21807.398351	22210.980347
21807.401525	22210.983521
21807.412389	22210.994385
21807.416051	22210.998047
21807.43729	22211.019287
21807.441562	22211.02356
21807.454135	22211.036133
21807.458774	22211.040771
21807.465976	22211.047974
21807.484042	22211.06604
21807.48807	22211.070068
21807.492342	22211.074341
21807.495882	22211.077881
21807.50345	22211.085449
21807.504915	22211.086914
21807.5076	22211.0896
21807.514558	22211.096558
21807.51761	22211.099609
21807.519075	22211.101074
21807.521028	22211.103027
21807.531281	22211.113281
21807.54361	22211.12561
21807.555572	22211.137573
21807.574126	22211.156128
21807.585723	22211.167725
21807.585723	22211.167725
21807.598906	22211.180908
21807.598906	22211.180908
21807.603789	22211.185791
21807.606474	22211.188477
21807.607206	22211.189209
21807.61392	22211.195923
21807.614897	22211.196899
21807.618559	22211.200562
21807.634061	22211.216064
21807.647977	22211.22998
21807.65408	22211.236084
21807.661526	22211.24353
21807.665188	22211.247192
21807.685085	22211.26709
21807.685573	22211.267578
21807.694972	22211.276978
21807.705836	22211.287842
21807.727442	22211.309448
21807.739648	22211.321655
21807.744775	22211.326782
21807.766137	22211.348145
21807.770897	22211.352905
21807.771386	22211.353394
21807.799217	22211.381226
21807.800559	22211.382568
21807.803733	22211.385742
21807.81301	22211.39502
21807.824606	22211.406616
21807.828635	22211.410645
21807.832907	22211.414917
21807.834616	22211.416626
21807.845114	22211.427124
21807.853658	22211.435669
21807.865499	22211.44751
21807.868917	22211.450928
21807.869527	22211.451538
21807.875874	22211.457886
21807.876729	22211.45874
21807.876973	22211.458984
21807.877827	22211.459839
21807.879903	22211.461914
21807.884907	22211.466919
21807.885273	22211.467285
21807.887226	22211.469238
21807.905659	22211.487671
21807.913715	22211.495728
21807.927142	22211.509155
21807.932391	22211.514404
21807.932391	22211.514404
21807.939349	22211.521362
21807.941424	22211.523438
21807.955706	22211.53772
21807.965715	22211.547729
21807.973039	22211.555054
21807.984147	22211.566162
21807.985856	22211.567871
21807.987077	22211.569092
21807.987809	22211.569824
21807.993424	22211.575439
21807.994523	22211.576538
21808.001969	22211.583984
21808.01564	22211.597656
21808.015762	22211.597778
21808.021377	22211.603394
21808.039809	22211.621826
21808.042251	22211.624268
21808.048232	22211.630249
21808.057875	22211.639893
21808.065932	22211.647949
21808.066176	22211.648193
21808.069105	22211.651123
21808.069716	22211.651733
21808.071791	22211.653809
21808.075575	22211.657593
21808.083387	22211.665405
21808.083509	22211.665527
21808.10426	22211.686279
21808.109753	22211.691772
21808.11781	22211.699829
21808.120251	22211.702271
21808.120617	22211.702637
21808.12257	22211.70459
21808.122936	22211.704956
21808.128185	22211.710205
21808.137462	22211.719482
21808.140148	22211.722168
21808.142101	22211.724121
21808.143322	22211.725342
21808.150035	22211.732056
21808.157481	22211.739502
21808.1598	22211.741821
21808.167124	22211.749146
21808.168833	22211.750854
21808.171397	22211.753418
21808.184092	22211.766113
21808.203012	22211.785034
21808.2035	22211.785522
21808.209848	22211.79187
21808.213388	22211.79541
21808.215951	22211.797974
21808.219003	22211.801025
21808.222665	22211.804688
21808.224618	22211.806641
21808.227669	22211.809692
21808.228646	22211.810669
21808.233529	22211.815552
21808.245613	22211.827637
21808.248054	22211.830078
21808.260383	22211.842407
21808.270881	22211.852905
21808.271003	22211.853027
21808.272101	22211.854126
21808.274909	22211.856934
21808.294318	22211.876343
21808.300909	22211.882935
21808.302374	22211.884399
21808.303961	22211.885986
21808.320928	22211.902954
21808.32459	22211.906616
21808.327398	22211.909424
21808.329961	22211.911987
21808.334233	22211.91626
21808.33582	22211.917847
21808.337651	22211.919678
21808.345707	22211.927734
21808.349003	22211.93103
21808.351445	22211.933472
21808.360111	22211.942139
21808.364384	22211.946411
21808.374027	22211.956055
21808.38367	22211.965698
21808.393313	22211.975342
21808.401248	22211.983276
21808.40906	22211.991089
21808.424806	22212.006836
21808.43213	22212.01416
21808.436647	22212.018677
21808.451295	22212.033325
21808.45398	22212.036011
21808.459839	22212.04187
21808.466431	22212.048462
21808.474854	22212.056885
21808.475708	22212.057739
21808.497192	22212.079224
21808.497192	22212.079224
21808.505614	22212.087646
21808.516112	22212.098145
21808.517333	22212.099365
21808.521849	22212.103882
21808.530516	22212.112549
21808.535765	22212.117798
21808.536497	22212.11853
21808.562741	22212.144775
21808.563718	22212.145752
21808.563962	22212.145996
21808.567136	22212.14917
21808.571042	22212.153076
21808.573727	22212.155762
21808.576657	22212.158691
21808.585079	22212.167114
21808.587032	22212.169067
21808.594234	22212.17627
21808.594601	22212.176636
21808.609249	22212.191284
21808.619502	22212.201538
21808.622432	22212.204468
21808.632563	22212.2146
21808.633784	22212.21582
21808.65307	22212.235107
21808.654657	22212.236694
21808.672845	22212.254883
21808.678826	22212.260864
21808.683953	22212.265991
21808.684075	22212.266113
21808.68493	22212.266968
21808.687127	22212.269165
21808.692009	22212.274048
21808.700798	22212.282837
21808.711784	22212.293823
21808.718254	22212.300293
21808.720329	22212.302368
21808.728141	22212.310181
21808.734489	22212.316528
21808.752921	22212.334961
21808.756338	22212.338379
21808.776235	22212.358276
21808.7777	22212.359741
21808.77831	22212.360352
21808.797353	22212.379395
21808.797475	22212.379517
21808.804188	22212.38623
21808.804555	22212.386597
21808.8214	22212.403442
21808.833118	22212.415161
21808.838489	22212.420532
21808.845813	22212.427856
21808.846179	22212.428223
21808.85094	22212.432983
21808.851428	22212.433472
21808.852038	22212.434082
21808.86986	22212.451904
21808.870715	22212.452759
21808.875597	22212.457642
21808.883776	22212.46582
21808.887804	22212.469849
21808.894273	22212.476318
21808.89525	22212.477295
21808.896715	22212.47876
21808.903672	22212.485718
21808.903672	22212.485718
21808.91002	22212.492065
21808.912949	22212.494995
21808.922959	22212.505005
21808.926133	22212.508179
21808.928574	22212.51062
21808.940903	22212.522949
21808.945297	22212.527344
21808.949691	22212.531738
21808.962752	22212.5448
21808.965438	22212.547485
21808.966659	22212.548706
21808.966903	22212.54895
21808.97618	22212.558228
21808.978011	22212.560059
21808.978255	22212.560303
21808.979842	22212.56189
21808.997175	22212.579224
21809.009504	22212.591553
21809.029034	22212.611084
21809.033307	22212.615356
21809.04356	22212.62561
21809.050274	22212.632324
21809.061504	22212.643555
21809.087748	22212.6698
21809.093119	22212.675171
21809.099101	22212.681152
21809.105814	22212.687866
21809.111795	22212.693848
21809.113993	22212.696045
21809.11973	22212.701782
21809.125833	22212.707886
21809.12742	22212.709473
21809.129373	22212.711426
21809.13157	22212.713623
21809.132425	22212.714478
21809.137796	22212.719849
21809.14927	22212.731323
21809.151345	22212.733398
21809.159157	22212.741211
21809.167946	22212.75
21809.169045	22212.751099
21809.175148	22212.757202
21809.185279	22212.767334
21809.19358	22212.775635
21809.193946	22212.776001
21809.214697	22212.796753
21809.218848	22212.800903
21809.230078	22212.812134
21809.233251	22212.815308
21809.235937	22212.817993
21809.270237	22212.852295
21809.270237	22212.852295
21809.278416	22212.860474
21809.284519	22212.866577
21809.293308	22212.875366
21809.293552	22212.87561
21809.294285	22212.876343
21809.300022	22212.88208
21809.309909	22212.891968
21809.320895	22212.902954
21809.327364	22212.909424
21809.336397	22212.918457
21809.344698	22212.926758
21809.350923	22212.932983
21809.352266	22212.934326
21809.354707	22212.936768
21809.375092	22212.957153
21809.377778	22212.959839
21809.382538	22212.9646
21809.388276	22212.970337
21809.390229	22212.97229
21809.394745	22212.976807
21809.395966	22212.978027
21809.397431	22212.979492
21809.397553	22212.979614
21809.40036	22212.982422
21809.40451	22212.986572
21809.415374	22212.997437
21809.421844	22213.003906
21809.428557	22213.01062
21809.438811	22213.020874
21809.446867	22213.028931
21809.456877	22213.03894
21809.462248	22213.044312
21809.463224	22213.045288
21809.467008	22213.049072
21809.480436	22213.0625
21809.48898	22213.071045
21809.49313	22213.075195
21809.506314	22213.088379
21809.509854	22213.091919
21809.514248	22213.096313
21809.516323	22213.098389
21809.516567	22213.098633
21809.522426	22213.104492
21809.523403	22213.105469
21809.528164	22213.110229
21809.528408	22213.110474
21809.529872	22213.111938
21809.536464	22213.11853
21809.538295	22213.120361
21809.5433	22213.125366
21809.554164	22213.13623
21809.558192	22213.140259
21809.565882	22213.147949
21809.566248	22213.148315
21809.566859	22213.148926
21809.568079	22213.150146
21809.573694	22213.155762
21809.578699	22213.160767
21809.578943	22213.161011
21809.579798	22213.161865
21809.58883	22213.170898
21809.591882	22213.17395
21809.598352	22213.18042
21809.600671	22213.182739
21809.613366	22213.195435
21809.622399	22213.204468
21809.626793	22213.208862
21809.628014	22213.210083
21809.628868	22213.210938
21809.636925	22213.218994
21809.649742	22213.231812
21809.659507	22213.241577
21809.66085	22213.24292
21809.682944	22213.265015
21809.684042	22213.266113
21809.701009	22213.283081
21809.710653	22213.292725
21809.713094	22213.295166
21809.717122	22213.299194
21809.743244	22213.325317
21809.748737	22213.330811
21809.754963	22213.337036
21809.758747	22213.34082
21809.761432	22213.343506
21809.762897	22213.344971
21809.767169	22213.349243
21809.768024	22213.350098
21809.774615	22213.356689
21809.780719	22213.362793
21809.784259	22213.366333
21809.792681	22213.374756
21809.793047	22213.375122
21809.794512	22213.376587
21809.798662	22213.380737
21809.811113	22213.393188
21809.811357	22213.393433
21809.817094	22213.39917
21809.826616	22213.408691
21809.82747	22213.409546
21809.829911	22213.411987
21809.832841	22213.414917
21809.854569	22213.436646
21809.8564	22213.438477
21809.871658	22213.453735
21809.884597	22213.466675
21809.896071	22213.478149
21809.896071	22213.478149
21809.902419	22213.484497
21809.931104	22213.513184
21809.942212	22213.524292
21809.947217	22213.529297
21809.950879	22213.532959
21809.973095	22213.555176
21809.976635	22213.558716
21809.978588	22213.560669
21809.981029	22213.56311
21809.986889	22213.56897
21809.987011	22213.569092
21809.990184	22213.572266
21809.994213	22213.576294
21809.995189	22213.577271
21809.995922	22213.578003
21809.996654	22213.578735
21809.998241	22213.580322
21810.01118	22213.593262
21810.024973	22213.607056
21810.036814	22213.618896
21810.044626	22213.626709
21810.046213	22213.628296
21810.05134	22213.633423
21810.052194	22213.634277
21810.065011	22213.647095
21810.069039	22213.651123
21810.069772	22213.651855
21810.071603	22213.653687
21810.073434	22213.655518
21810.091377	22213.673462
21810.097603	22213.679688
21810.107856	22213.689941
21810.108955	22213.69104
21810.120429	22213.702515
21810.134467	22213.716553
21810.139105	22213.721191
21810.145819	22213.727905
21810.179875	22213.761963
21810.189763	22213.771851
21810.190373	22213.772461
21810.210026	22213.792114
21810.212467	22213.794556
21810.219791	22213.80188
21810.220157	22213.802246
21810.224918	22213.807007
21810.228824	22213.810913
21810.231265	22213.813354
21810.233096	22213.815186
21810.235293	22213.817383
21810.235538	22213.817627
21810.240054	22213.822144
21810.247988	22213.830078
21810.248355	22213.830444
21810.251406	22213.833496
21810.25165	22213.83374
21810.252871	22213.834961
21810.253359	22213.835449
21810.253603	22213.835693
21810.253726	22213.835815
21810.253848	22213.835938
21810.25397	22213.83606
21810.254214	22213.836304
21810.254458	22213.836548
21810.254702	22213.836792
21810.254702	22213.836792
21810.255434	22213.837524
21810.255434	22213.837524
21810.255801	22213.837891
21810.255801	22213.837891
21810.255923	22213.838013
21810.255923	22213.838013
21810.256045	22213.838135
21810.257265	22213.839355
21810.257387	22213.839478
21810.258364	22213.840454
21810.259951	22213.842041
21810.261904	22213.843994
21810.262392	22213.844482
21810.262636	22213.844727
21810.262758	22213.844849
21810.263369	22213.845459
21810.263491	22213.845581
21810.264101	22213.846191
21810.265932	22213.848022
21810.267275	22213.849365
21810.270693	22213.852783
21810.278871	22213.860962
21810.279726	22213.861816
21810.286073	22213.868164
21810.29181	22213.873901
21810.294374	22213.876465
21810.29474	22213.876831
21810.309754	22213.891846
21810.312928	22213.89502
21810.317932	22213.900024
21810.323425	22213.905518
21810.328064	22213.910156
21810.331848	22213.91394
21810.341979	22213.924072
21810.350524	22213.932617
21810.359435	22213.941528
21810.36212	22213.944214
21810.362242	22213.944336
21810.364806	22213.946899
21810.367125	22213.949219
21810.368712	22213.950806
21810.391538	22213.973633
21810.412656	22213.994751
21810.436947	22214.019043
21810.439999	22214.022095
21810.452083	22214.03418
21810.462825	22214.044922
21810.464534	22214.046631
21810.477839	22214.059937
21810.479426	22214.061523
21810.497004	22214.079102
21810.501764	22214.083862
21810.504328	22214.086426
21810.5169	22214.098999
21810.520562	22214.102661
21810.528253	22214.110352
21810.530938	22214.113037
21810.53167	22214.11377
21810.54583	22214.12793
21810.554863	22214.136963
21810.556206	22214.138306
21810.569145	22214.151245
21810.570854	22214.152954
21810.583915	22214.166016
21810.596488	22214.178589
21810.59722	22214.179321
21810.607596	22214.189697
21810.616629	22214.19873
21810.617849	22214.199951
21810.621755	22214.203857
21810.650563	22214.232666
21810.654713	22214.236816
21810.655079	22214.237183
21810.669727	22214.251831
21810.671436	22214.25354
21810.677906	22214.26001
21810.686939	22214.269043
21810.702807	22214.284912
21810.707934	22214.290039
21810.726244	22214.30835
21810.735033	22214.317139
21810.750413	22214.33252
21810.765427	22214.347534
21810.770432	22214.352539
21810.774704	22214.356812
21810.775193	22214.3573
21810.778733	22214.36084
21810.784836	22214.366943
21810.790695	22214.372803
21810.794845	22214.376953
21810.801071	22214.383179
21810.808273	22214.390381
21810.812057	22214.394165
21810.812545	22214.394653
21810.816451	22214.39856
21810.83	22214.412109
21810.84062	22214.422729
21810.841841	22214.42395
21810.842451	22214.424561
21810.845503	22214.427612
21810.845503	22214.427612
21810.857832	22214.439941
21810.865766	22214.447876
21810.881268	22214.463379
21810.891034	22214.473145
21810.89616	22214.478271
21810.905804	22214.487915
21810.907268	22214.48938
21810.918376	22214.500488
21810.921672	22214.503784
21810.925334	22214.507446
21810.939494	22214.521606
21810.94401	22214.526123
21810.949259	22214.531372
21810.94987	22214.531982
21810.954386	22214.536499
21810.955362	22214.537476
21810.992104	22214.574219
21810.99894	22214.581055
21810.999184	22214.581299
21811.004189	22214.586304
