#ttrig = 90918480.3784
# time 	 unbarycentered time 
18698.754644	19103.723633
18698.759892	19103.728882
18698.762212	19103.731201
18698.768071	19103.737061
18698.775394	19103.744385
18698.789676	19103.758667
18698.797	19103.765991
18698.801028	19103.77002
18698.81006	19103.779053
18698.810182	19103.779175
18698.812257	19103.78125
18698.81238	19103.781372
18698.813112	19103.782104
18698.814455	19103.783447
18698.814455	19103.783447
18698.814577	19103.783569
18698.814699	19103.783691
18698.814699	19103.783691
18698.815797	19103.78479
18698.816896	19103.785889
18698.817262	19103.786255
18698.818971	19103.787964
18698.819581	19103.788574
18698.819703	19103.788696
18698.821046	19103.790039
18698.821412	19103.790405
18698.822022	19103.791016
18698.82483	19103.793823
18698.828126	19103.797119
18698.828492	19103.797485
18698.831788	19103.800781
18698.834473	19103.803467
18698.834839	19103.803833
18698.834961	19103.803955
18698.83606	19103.805054
18698.83606	19103.805054
18698.836182	19103.805176
18698.839477	19103.808472
18698.842407	19103.811401
18698.842895	19103.81189
18698.843139	19103.812134
18698.843139	19103.812134
18698.843261	19103.812256
18698.843383	19103.812378
18698.84375	19103.812744
18698.84375	19103.812744
18698.843994	19103.812988
18698.844116	19103.81311
18698.845703	19103.814697
18698.846069	19103.815063
18698.846069	19103.815063
18698.846923	19103.815918
18698.847412	19103.816406
18698.848266	19103.817261
18698.848266	19103.817261
18698.848754	19103.817749
18698.848998	19103.817993
18698.849487	19103.818481
18698.849609	19103.818604
18698.850219	19103.819214
18698.850341	19103.819336
18698.850585	19103.81958
18698.850951	19103.819946
18698.851562	19103.820557
18698.852172	19103.821167
18698.852538	19103.821533
18698.853637	19103.822632
18698.854125	19103.82312
18698.855102	19103.824097
18698.856688	19103.825684
18698.857299	19103.826294
18698.858031	19103.827026
18698.858275	19103.827271
18698.858641	19103.827637
18698.858763	19103.827759
18698.859374	19103.828369
18698.85974	19103.828735
18698.861449	19103.830444
18698.864134	19103.83313
18698.864256	19103.833252
18698.864744	19103.83374
18698.864989	19103.833984
18698.865233	19103.834229
18698.865355	19103.834351
18698.865843	19103.834839
18698.867674	19103.83667
18698.86865	19103.837646
18698.869261	19103.838257
18698.869505	19103.838501
18698.869505	19103.838501
18698.869627	19103.838623
18698.870726	19103.839722
18698.871214	19103.84021
18698.871336	19103.840332
18698.87158	19103.840576
18698.872679	19103.841675
18698.872801	19103.841797
18698.872923	19103.841919
18698.873289	19103.842285
18698.874021	19103.843018
18698.874265	19103.843262
18698.874754	19103.84375
18698.876218	19103.845215
18698.87634	19103.845337
18698.876951	19103.845947
18698.876951	19103.845947
18698.878904	19103.8479
18698.879514	19103.848511
18698.87988	19103.848877
18698.880491	19103.849487
18698.880857	19103.849854
18698.882199	19103.851196
18698.882199	19103.851196
18698.882688	19103.851685
18698.883054	19103.852051
18698.883542	19103.852539
18698.883664	19103.852661
18698.884763	19103.85376
18698.885251	19103.854248
18698.885861	19103.854858
18698.886228	19103.855225
18698.888181	19103.857178
18698.890011	19103.859009
18698.893307	19103.862305
18698.894894	19103.863892
18698.896847	19103.865845
18698.897824	19103.866821
18698.897946	19103.866943
18698.898922	19103.86792
18698.899532	19103.86853
18698.900265	19103.869263
18698.903072	19103.87207
18698.904415	19103.873413
18698.905636	19103.874634
18698.908077	19103.877075
18698.912715	19103.881714
18698.91357	19103.882568
18698.918208	19103.887207
18698.922358	19103.891357
18698.92248	19103.891479
18698.925532	19103.894531
18698.927241	19103.89624
18698.927729	19103.896729
18698.929804	19103.898804
18698.930048	19103.899048
18698.930414	19103.899414
18698.930658	19103.899658
18698.933588	19103.902588
18698.934809	19103.903809
18698.935663	19103.904663
18698.935785	19103.904785
18698.936151	19103.905151
18698.936517	19103.905518
18698.936639	19103.90564
18698.937006	19103.906006
18698.93725	19103.90625
18698.937494	19103.906494
18698.937616	19103.906616
18698.937738	19103.906738
18698.937982	19103.906982
18698.938104	19103.907104
18698.939569	19103.908569
18698.940057	19103.909058
18698.940179	19103.90918
18698.940546	19103.909546
18698.940912	19103.909912
18698.940912	19103.909912
18698.941034	19103.910034
18698.941034	19103.910034
18698.9414	19103.9104
18698.941522	19103.910522
18698.941522	19103.910522
18698.941766	19103.910767
18698.941888	19103.910889
18698.94201	19103.911011
18698.942132	19103.911133
18698.942254	19103.911255
18698.942254	19103.911255
18698.942254	19103.911255
18698.942376	19103.911377
18698.942376	19103.911377
18698.942499	19103.911499
18698.942743	19103.911743
18698.942865	19103.911865
18698.942865	19103.911865
18698.942987	19103.911987
18698.942987	19103.911987
18698.942987	19103.911987
18698.942987	19103.911987
18698.942987	19103.911987
18698.943109	19103.912109
18698.943231	19103.912231
18698.943231	19103.912231
18698.943353	19103.912354
18698.943353	19103.912354
18698.943475	19103.912476
18698.943475	19103.912476
18698.943475	19103.912476
18698.943475	19103.912476
18698.943475	19103.912476
18698.943475	19103.912476
18698.943597	19103.912598
18698.943597	19103.912598
18698.943597	19103.912598
18698.943597	19103.912598
18698.943597	19103.912598
18698.943719	19103.91272
18698.943719	19103.91272
18698.943719	19103.91272
18698.943963	19103.912964
18698.943963	19103.912964
18698.944085	19103.913086
18698.944085	19103.913086
18698.944085	19103.913086
18698.944085	19103.913086
18698.944085	19103.913086
18698.944085	19103.913086
18698.944085	19103.913086
18698.944207	19103.913208
18698.944207	19103.913208
18698.944329	19103.91333
18698.944329	19103.91333
18698.944452	19103.913452
18698.944452	19103.913452
18698.944452	19103.913452
18698.944452	19103.913452
18698.944452	19103.913452
18698.944574	19103.913574
18698.944574	19103.913574
18698.944574	19103.913574
18698.944574	19103.913574
18698.944696	19103.913696
18698.944696	19103.913696
18698.944818	19103.913818
18698.944818	19103.913818
18698.944818	19103.913818
18698.944818	19103.913818
18698.944818	19103.913818
18698.944818	19103.913818
18698.944818	19103.913818
18698.944818	19103.913818
18698.94494	19103.91394
18698.94494	19103.91394
18698.94494	19103.91394
18698.945062	19103.914063
18698.945062	19103.914063
18698.945062	19103.914063
18698.945062	19103.914063
18698.945184	19103.914185
18698.945184	19103.914185
18698.945184	19103.914185
18698.945184	19103.914185
18698.945184	19103.914185
18698.945184	19103.914185
18698.945306	19103.914307
18698.945306	19103.914307
18698.945306	19103.914307
18698.945428	19103.914429
18698.945428	19103.914429
18698.945428	19103.914429
18698.945428	19103.914429
18698.945428	19103.914429
18698.945428	19103.914429
18698.945428	19103.914429
18698.94555	19103.914551
18698.94555	19103.914551
18698.94555	19103.914551
18698.94555	19103.914551
18698.94555	19103.914551
18698.94555	19103.914551
18698.94555	19103.914551
18698.94555	19103.914551
18698.945672	19103.914673
18698.945672	19103.914673
18698.945672	19103.914673
18698.945672	19103.914673
18698.945794	19103.914795
18698.945794	19103.914795
18698.945794	19103.914795
18698.945916	19103.914917
18698.945916	19103.914917
18698.946038	19103.915039
18698.946038	19103.915039
18698.946038	19103.915039
18698.946038	19103.915039
18698.946038	19103.915039
18698.946038	19103.915039
18698.94616	19103.915161
18698.94616	19103.915161
18698.94616	19103.915161
18698.94616	19103.915161
18698.946282	19103.915283
18698.946282	19103.915283
18698.946282	19103.915283
18698.946405	19103.915405
18698.946405	19103.915405
18698.946405	19103.915405
18698.946405	19103.915405
18698.946405	19103.915405
18698.946405	19103.915405
18698.946527	19103.915527
18698.946527	19103.915527
18698.946527	19103.915527
18698.946527	19103.915527
18698.946527	19103.915527
18698.946527	19103.915527
18698.946527	19103.915527
18698.946527	19103.915527
18698.946649	19103.915649
18698.946771	19103.915771
18698.946771	19103.915771
18698.946771	19103.915771
18698.946771	19103.915771
18698.946893	19103.915894
18698.946893	19103.915894
18698.946893	19103.915894
18698.946893	19103.915894
18698.946893	19103.915894
18698.946893	19103.915894
18698.947015	19103.916016
18698.947015	19103.916016
18698.947015	19103.916016
18698.947137	19103.916138
18698.947259	19103.91626
18698.947259	19103.91626
18698.947259	19103.91626
18698.947259	19103.91626
18698.947381	19103.916382
18698.947381	19103.916382
18698.947503	19103.916504
18698.947625	19103.916626
18698.947625	19103.916626
18698.947625	19103.916626
18698.947747	19103.916748
18698.947869	19103.91687
18698.948113	19103.917114
18698.948235	19103.917236
18698.948235	19103.917236
18698.948235	19103.917236
18698.948235	19103.917236
18698.948235	19103.917236
18698.948358	19103.917358
18698.948358	19103.917358
18698.948358	19103.917358
18698.94848	19103.91748
18698.94848	19103.91748
18698.94848	19103.91748
18698.948602	19103.917603
18698.948602	19103.917603
18698.948602	19103.917603
18698.948602	19103.917603
18698.948724	19103.917725
18698.948724	19103.917725
18698.948846	19103.917847
18698.948846	19103.917847
18698.948968	19103.917969
18698.948968	19103.917969
18698.94909	19103.918091
18698.94909	19103.918091
18698.94909	19103.918091
18698.94909	19103.918091
18698.949334	19103.918335
18698.949334	19103.918335
18698.949334	19103.918335
18698.949578	19103.918579
18698.9497	19103.918701
18698.9497	19103.918701
18698.949822	19103.918823
18698.949822	19103.918823
18698.949822	19103.918823
18698.949944	19103.918945
18698.950188	19103.919189
18698.950188	19103.919189
18698.950311	19103.919312
18698.950555	19103.919556
18698.950677	19103.919678
18698.950677	19103.919678
18698.950799	19103.9198
18698.950799	19103.9198
18698.950799	19103.9198
18698.950799	19103.9198
18698.950921	19103.919922
18698.950921	19103.919922
18698.951043	19103.920044
18698.951043	19103.920044
18698.951287	19103.920288
18698.951531	19103.920532
18698.951775	19103.920776
18698.952141	19103.921143
18698.952264	19103.921265
18698.952508	19103.921509
18698.952508	19103.921509
18698.95263	19103.921631
18698.952752	19103.921753
18698.952874	19103.921875
18698.952874	19103.921875
18698.952996	19103.921997
18698.952996	19103.921997
18698.953118	19103.922119
18698.953118	19103.922119
18698.953362	19103.922363
18698.953728	19103.922729
18698.95385	19103.922852
18698.953972	19103.922974
18698.954094	19103.923096
18698.954217	19103.923218
18698.954217	19103.923218
18698.954339	19103.92334
18698.954583	19103.923584
18698.954583	19103.923584
18698.954705	19103.923706
18698.954705	19103.923706
18698.954827	19103.923828
18698.954827	19103.923828
18698.955193	19103.924194
18698.955315	19103.924316
18698.955315	19103.924316
18698.955437	19103.924438
18698.955559	19103.924561
18698.955559	19103.924561
18698.955681	19103.924683
18698.955681	19103.924683
18698.955803	19103.924805
18698.955925	19103.924927
18698.955925	19103.924927
18698.956414	19103.925415
18698.956536	19103.925537
18698.956658	19103.925659
18698.957146	19103.926147
18698.957268	19103.92627
18698.957268	19103.92627
18698.957268	19103.92627
18698.957268	19103.92627
18698.957268	19103.92627
18698.95739	19103.926392
18698.95739	19103.926392
18698.957512	19103.926514
18698.957512	19103.926514
18698.957634	19103.926636
18698.957878	19103.92688
18698.958123	19103.927124
18698.958123	19103.927124
18698.958367	19103.927368
18698.958489	19103.92749
18698.958611	19103.927612
18698.958733	19103.927734
18698.958855	19103.927856
18698.958855	19103.927856
18698.959465	19103.928467
18698.959709	19103.928711
18698.959709	19103.928711
18698.959831	19103.928833
18698.959953	19103.928955
18698.959953	19103.928955
18698.96032	19103.929321
18698.960442	19103.929443
18698.960564	19103.929565
18698.960686	19103.929688
18698.960808	19103.92981
18698.96093	19103.929932
18698.961052	19103.930054
18698.961418	19103.93042
18698.961418	19103.93042
18698.961906	19103.930908
18698.962151	19103.931152
18698.962639	19103.931641
18698.963005	19103.932007
18698.963005	19103.932007
18698.963249	19103.932251
18698.963737	19103.932739
18698.963982	19103.932983
18698.964226	19103.933228
18698.964714	19103.933716
18698.964836	19103.933838
18698.96508	19103.934082
18698.965568	19103.93457
18698.965935	19103.934937
18698.966057	19103.935059
18698.966057	19103.935059
18698.966179	19103.935181
18698.966789	19103.935791
18698.967033	19103.936035
18698.967521	19103.936523
18698.96801	19103.937012
18698.96801	19103.937012
18698.96862	19103.937622
18698.96862	19103.937622
18698.96862	19103.937622
18698.969719	19103.938721
18698.969963	19103.938965
18698.970085	19103.939087
18698.970085	19103.939087
18698.970207	19103.939209
18698.970695	19103.939697
18698.970817	19103.939819
18698.971305	19103.940308
18698.971427	19103.94043
18698.971427	19103.94043
18698.971549	19103.940552
18698.971794	19103.940796
18698.97277	19103.941772
18698.972892	19103.941895
18698.973014	19103.942017
18698.97338	19103.942383
18698.973625	19103.942627
18698.973869	19103.942871
18698.974113	19103.943115
18698.974479	19103.943481
18698.974601	19103.943604
18698.974845	19103.943848
18698.975089	19103.944092
18698.975211	19103.944214
18698.975211	19103.944214
18698.975211	19103.944214
18698.975455	19103.944458
18698.975455	19103.944458
18698.975455	19103.944458
18698.9757	19103.944702
18698.976554	19103.945557
18698.976676	19103.945679
18698.976798	19103.945801
18698.97692	19103.945923
18698.977897	19103.946899
18698.979361	19103.948364
18698.979972	19103.948975
18698.980338	19103.949341
18698.980704	19103.949707
18698.980826	19103.949829
18698.98107	19103.950073
18698.981192	19103.950195
18698.981315	19103.950317
18698.981315	19103.950317
18698.981925	19103.950928
18698.982413	19103.951416
18698.982657	19103.95166
18698.98339	19103.952393
18698.983756	19103.952759
18698.984	19103.953003
18698.984488	19103.953491
18698.985343	19103.954346
18698.986807	19103.955811
18698.986929	19103.955933
18698.987296	19103.956299
18698.987662	19103.956665
18698.988882	19103.957886
18698.989249	19103.958252
18698.990225	19103.959229
18698.990469	19103.959473
18698.990469	19103.959473
18698.990591	19103.959595
18698.990713	19103.959717
18698.990957	19103.959961
18698.991324	19103.960327
18698.991812	19103.960815
18698.9923	19103.961304
18698.99291	19103.961914
18698.993155	19103.962158
18698.993155	19103.962158
18698.993277	19103.96228
18698.993765	19103.962769
18698.993765	19103.962769
18698.994131	19103.963135
18698.996694	19103.965698
18698.996816	19103.96582
18698.997061	19103.966064
18698.998647	19103.967651
18698.999014	19103.968018
18698.99938	19103.968384
18698.999746	19103.96875
18698.999868	19103.968872
18699.000967	19103.969971
18699.001089	19103.970093
18699.001333	19103.970337
18699.001699	19103.970703
18699.001943	19103.970947
18699.002309	19103.971313
18699.002431	19103.971436
18699.002431	19103.971436
18699.002431	19103.971436
18699.00292	19103.971924
18699.00292	19103.971924
18699.003286	19103.97229
18699.003896	19103.9729
18699.004506	19103.973511
18699.004629	19103.973633
18699.006093	19103.975098
18699.006826	19103.97583
18699.00768	19103.976685
18699.007924	19103.976929
18699.008412	19103.977417
18699.008779	19103.977783
18699.009023	19103.978027
18699.009023	19103.978027
18699.009023	19103.978027
18699.01061	19103.979614
18699.011464	19103.980469
18699.011708	19103.980713
18699.012807	19103.981812
18699.012807	19103.981812
18699.012929	19103.981934
18699.013173	19103.982178
18699.013295	19103.9823
18699.014027	19103.983032
18699.01476	19103.983765
18699.015126	19103.984131
18699.016224	19103.985229
18699.016713	19103.985718
18699.01952	19103.988525
18699.019886	19103.988892
18699.020253	19103.989258
18699.020497	19103.989502
18699.021351	19103.990356
18699.023548	19103.992554
18699.023548	19103.992554
18699.024525	19103.99353
18699.025013	19103.994019
18699.025013	19103.994019
18699.025989	19103.994995
18699.026234	19103.995239
18699.026722	19103.995728
18699.028431	19103.997437
18699.028797	19103.997803
18699.029407	19103.998413
18699.029773	19103.998779
18699.032459	19104.001465
18699.033069	19104.002075
18699.033313	19104.002319
18699.033802	19104.002808
18699.035755	19104.004761
18699.037952	19104.006958
18699.043811	19104.012817
18699.045397	19104.014404
18699.046984	19104.015991
18699.048449	19104.017456
18699.048815	19104.017822
18699.049548	19104.018555
18699.049792	19104.018799
18699.05089	19104.019897
18699.051134	19104.020142
18699.055895	19104.024902
18699.058824	19104.027832
18699.060167	19104.029175
18699.062242	19104.03125
18699.064805	19104.033813
18699.06566	19104.034668
18699.066758	19104.035767
18699.0692	19104.038208
18699.070787	19104.039795
18699.071519	19104.040527
18699.076401	19104.04541
18699.089584	19104.058594
18699.093246	19104.062256
18699.094345	19104.063354
18699.097396	19104.066406
18699.097762	19104.066772
18699.099227	19104.068237
18699.099227	19104.068237
18699.103499	19104.07251
18699.103866	19104.072876
18699.10533	19104.074341
18699.10533	19104.074341
18699.105941	19104.074951
18699.107161	19104.076172
18699.107405	19104.076416
18699.107527	19104.076538
18699.109114	19104.078125
18699.109236	19104.078247
18699.109725	19104.078735
18699.110213	19104.079224
18699.110701	19104.079712
18699.110701	19104.079712
18699.111433	19104.080444
18699.111678	19104.080688
18699.112654	19104.081665
18699.113264	19104.082275
18699.114485	19104.083496
18699.115706	19104.084717
18699.116072	19104.085083
18699.119246	19104.088257
18699.120222	19104.089233
18699.122053	19104.091064
18699.124738	19104.09375
18699.129865	19104.098877
18699.132672	19104.101685
18699.13609	19104.105103
18699.14439	19104.113403
18699.147686	19104.116699
