#ttrig = 90890757.3784
# time 	 unbarycentered time 
24069.131921	24472.831055
24069.133508	24472.832642
24069.134484	24472.833618
24069.134972	24472.834106
24069.138878	24472.838013
24069.139733	24472.838867
24069.139977	24472.839111
24069.140953	24472.840088
24069.141076	24472.84021
24069.141442	24472.840576
24069.142296	24472.841431
24069.143639	24472.842773
24069.144249	24472.843384
24069.144371	24472.843506
24069.145836	24472.844971
24069.146202	24472.845337
24069.146202	24472.845337
24069.146324	24472.845459
24069.146446	24472.845581
24069.146934	24472.846069
24069.147423	24472.846558
24069.147545	24472.84668
24069.147911	24472.847046
24069.147911	24472.847046
24069.148033	24472.847168
24069.148155	24472.84729
24069.148521	24472.847656
24069.148643	24472.847778
24069.148643	24472.847778
24069.148765	24472.8479
24069.148765	24472.8479
24069.148765	24472.8479
24069.149132	24472.848267
24069.149132	24472.848267
24069.149254	24472.848389
24069.149376	24472.848511
24069.149376	24472.848511
24069.149376	24472.848511
24069.149498	24472.848633
24069.149864	24472.848999
24069.149986	24472.849121
24069.150108	24472.849243
24069.15023	24472.849365
24069.15023	24472.849365
24069.150474	24472.849609
24069.150596	24472.849731
24069.150596	24472.849731
24069.150718	24472.849854
24069.15084	24472.849976
24069.15084	24472.849976
24069.15084	24472.849976
24069.150962	24472.850098
24069.150962	24472.850098
24069.151085	24472.85022
24069.151207	24472.850342
24069.151207	24472.850342
24069.151207	24472.850342
24069.151207	24472.850342
24069.151451	24472.850586
24069.151451	24472.850586
24069.151451	24472.850586
24069.151573	24472.850708
24069.151695	24472.85083
24069.151695	24472.85083
24069.151817	24472.850952
24069.151817	24472.850952
24069.151817	24472.850952
24069.151817	24472.850952
24069.151817	24472.850952
24069.151939	24472.851074
24069.151939	24472.851074
24069.151939	24472.851074
24069.151939	24472.851074
24069.151939	24472.851074
24069.152061	24472.851196
24069.152061	24472.851196
24069.152061	24472.851196
24069.152061	24472.851196
24069.152061	24472.851196
24069.152183	24472.851318
24069.152183	24472.851318
24069.152183	24472.851318
24069.152183	24472.851318
24069.152305	24472.85144
24069.152305	24472.85144
24069.152305	24472.85144
24069.152305	24472.85144
24069.152427	24472.851563
24069.152427	24472.851563
24069.152427	24472.851563
24069.152427	24472.851563
24069.152427	24472.851563
24069.152549	24472.851685
24069.152549	24472.851685
24069.152671	24472.851807
24069.152671	24472.851807
24069.152671	24472.851807
24069.152793	24472.851929
24069.152793	24472.851929
24069.152793	24472.851929
24069.152793	24472.851929
24069.152793	24472.851929
24069.152793	24472.851929
24069.152793	24472.851929
24069.152793	24472.851929
24069.152915	24472.852051
24069.152915	24472.852051
24069.152915	24472.852051
24069.153038	24472.852173
24069.153038	24472.852173
24069.153038	24472.852173
24069.153038	24472.852173
24069.153038	24472.852173
24069.15316	24472.852295
24069.15316	24472.852295
24069.15316	24472.852295
24069.15316	24472.852295
24069.15316	24472.852295
24069.15316	24472.852295
24069.15316	24472.852295
24069.15316	24472.852295
24069.153282	24472.852417
24069.153282	24472.852417
24069.153282	24472.852417
24069.153282	24472.852417
24069.153282	24472.852417
24069.153282	24472.852417
24069.153282	24472.852417
24069.153282	24472.852417
24069.153282	24472.852417
24069.153404	24472.852539
24069.153404	24472.852539
24069.153404	24472.852539
24069.153526	24472.852661
24069.153526	24472.852661
24069.153526	24472.852661
24069.153526	24472.852661
24069.153526	24472.852661
24069.153526	24472.852661
24069.153526	24472.852661
24069.153526	24472.852661
24069.153648	24472.852783
24069.153648	24472.852783
24069.153648	24472.852783
24069.153648	24472.852783
24069.153648	24472.852783
24069.153648	24472.852783
24069.153648	24472.852783
24069.153648	24472.852783
24069.15377	24472.852905
24069.15377	24472.852905
24069.15377	24472.852905
24069.15377	24472.852905
24069.15377	24472.852905
24069.153892	24472.853027
24069.153892	24472.853027
24069.153892	24472.853027
24069.153892	24472.853027
24069.153892	24472.853027
24069.154014	24472.853149
24069.154014	24472.853149
24069.154014	24472.853149
24069.154014	24472.853149
24069.154014	24472.853149
24069.154014	24472.853149
24069.154136	24472.853271
24069.154136	24472.853271
24069.154136	24472.853271
24069.154136	24472.853271
24069.154136	24472.853271
24069.154136	24472.853271
24069.154258	24472.853394
24069.154258	24472.853394
24069.154258	24472.853394
24069.154258	24472.853394
24069.154258	24472.853394
24069.15438	24472.853516
24069.15438	24472.853516
24069.15438	24472.853516
24069.15438	24472.853516
24069.15438	24472.853516
24069.154502	24472.853638
24069.154502	24472.853638
24069.154502	24472.853638
24069.154502	24472.853638
24069.154502	24472.853638
24069.154502	24472.853638
24069.154502	24472.853638
24069.154502	24472.853638
24069.154624	24472.85376
24069.154624	24472.85376
24069.154624	24472.85376
24069.154624	24472.85376
24069.154624	24472.85376
24069.154624	24472.85376
24069.154624	24472.85376
24069.154746	24472.853882
24069.154746	24472.853882
24069.154746	24472.853882
24069.154746	24472.853882
24069.154746	24472.853882
24069.154746	24472.853882
24069.154746	24472.853882
24069.154746	24472.853882
24069.154746	24472.853882
24069.154746	24472.853882
24069.154746	24472.853882
24069.154868	24472.854004
24069.154868	24472.854004
24069.154868	24472.854004
24069.154868	24472.854004
24069.15499	24472.854126
24069.15499	24472.854126
24069.15499	24472.854126
24069.15499	24472.854126
24069.15499	24472.854126
24069.15499	24472.854126
24069.15499	24472.854126
24069.15499	24472.854126
24069.15499	24472.854126
24069.155113	24472.854248
24069.155113	24472.854248
24069.155113	24472.854248
24069.155113	24472.854248
24069.155113	24472.854248
24069.155113	24472.854248
24069.155113	24472.854248
24069.155113	24472.854248
24069.155235	24472.85437
24069.155235	24472.85437
24069.155235	24472.85437
24069.155235	24472.85437
24069.155235	24472.85437
24069.155235	24472.85437
24069.155235	24472.85437
24069.155235	24472.85437
24069.155235	24472.85437
24069.155235	24472.85437
24069.155357	24472.854492
24069.155357	24472.854492
24069.155357	24472.854492
24069.155357	24472.854492
24069.155357	24472.854492
24069.155357	24472.854492
24069.155357	24472.854492
24069.155357	24472.854492
24069.155357	24472.854492
24069.155357	24472.854492
24069.155357	24472.854492
24069.155357	24472.854492
24069.155479	24472.854614
24069.155479	24472.854614
24069.155479	24472.854614
24069.155479	24472.854614
24069.155479	24472.854614
24069.155479	24472.854614
24069.155479	24472.854614
24069.155479	24472.854614
24069.155601	24472.854736
24069.155601	24472.854736
24069.155601	24472.854736
24069.155601	24472.854736
24069.155601	24472.854736
24069.155601	24472.854736
24069.155601	24472.854736
24069.155601	24472.854736
24069.155601	24472.854736
24069.155601	24472.854736
24069.155601	24472.854736
24069.155723	24472.854858
24069.155723	24472.854858
24069.155723	24472.854858
24069.155723	24472.854858
24069.155723	24472.854858
24069.155723	24472.854858
24069.155723	24472.854858
24069.155723	24472.854858
24069.155723	24472.854858
24069.155723	24472.854858
24069.155723	24472.854858
24069.155723	24472.854858
24069.155845	24472.85498
24069.155845	24472.85498
24069.155845	24472.85498
24069.155845	24472.85498
24069.155845	24472.85498
24069.155845	24472.85498
24069.155845	24472.85498
24069.155845	24472.85498
24069.155845	24472.85498
24069.155845	24472.85498
24069.155845	24472.85498
24069.155967	24472.855103
24069.155967	24472.855103
24069.155967	24472.855103
24069.155967	24472.855103
24069.155967	24472.855103
24069.155967	24472.855103
24069.155967	24472.855103
24069.155967	24472.855103
24069.155967	24472.855103
24069.155967	24472.855103
24069.155967	24472.855103
24069.155967	24472.855103
24069.156089	24472.855225
24069.156089	24472.855225
24069.156089	24472.855225
24069.156089	24472.855225
24069.156089	24472.855225
24069.156089	24472.855225
24069.156089	24472.855225
24069.156089	24472.855225
24069.156089	24472.855225
24069.156211	24472.855347
24069.156211	24472.855347
24069.156211	24472.855347
24069.156211	24472.855347
24069.156211	24472.855347
24069.156211	24472.855347
24069.156211	24472.855347
24069.156211	24472.855347
24069.156211	24472.855347
24069.156333	24472.855469
24069.156333	24472.855469
24069.156333	24472.855469
24069.156333	24472.855469
24069.156333	24472.855469
24069.156333	24472.855469
24069.156333	24472.855469
24069.156333	24472.855469
24069.156333	24472.855469
24069.156455	24472.855591
24069.156455	24472.855591
24069.156455	24472.855591
24069.156455	24472.855591
24069.156455	24472.855591
24069.156455	24472.855591
24069.156455	24472.855591
24069.156455	24472.855591
24069.156455	24472.855591
24069.156455	24472.855591
24069.156455	24472.855591
24069.156455	24472.855591
24069.156455	24472.855591
24069.156577	24472.855713
24069.156577	24472.855713
24069.156577	24472.855713
24069.156577	24472.855713
24069.156577	24472.855713
24069.156577	24472.855713
24069.156577	24472.855713
24069.156577	24472.855713
24069.156577	24472.855713
24069.156577	24472.855713
24069.156577	24472.855713
24069.156577	24472.855713
24069.156699	24472.855835
24069.156699	24472.855835
24069.156699	24472.855835
24069.156699	24472.855835
24069.156699	24472.855835
24069.156699	24472.855835
24069.156699	24472.855835
24069.156699	24472.855835
24069.156699	24472.855835
24069.156699	24472.855835
24069.156699	24472.855835
24069.156699	24472.855835
24069.156699	24472.855835
24069.156699	24472.855835
24069.156699	24472.855835
24069.156699	24472.855835
24069.156821	24472.855957
24069.156821	24472.855957
24069.156821	24472.855957
24069.156821	24472.855957
24069.156821	24472.855957
24069.156821	24472.855957
24069.156821	24472.855957
24069.156821	24472.855957
24069.156821	24472.855957
24069.156821	24472.855957
24069.156821	24472.855957
24069.156943	24472.856079
24069.156943	24472.856079
24069.156943	24472.856079
24069.156943	24472.856079
24069.156943	24472.856079
24069.156943	24472.856079
24069.156943	24472.856079
24069.156943	24472.856079
24069.156943	24472.856079
24069.157066	24472.856201
24069.157066	24472.856201
24069.157066	24472.856201
24069.157066	24472.856201
24069.157066	24472.856201
24069.157066	24472.856201
24069.157066	24472.856201
24069.157188	24472.856323
24069.157188	24472.856323
24069.157188	24472.856323
24069.157188	24472.856323
24069.157188	24472.856323
24069.157188	24472.856323
24069.157188	24472.856323
24069.157188	24472.856323
24069.157188	24472.856323
24069.157188	24472.856323
24069.157188	24472.856323
24069.157188	24472.856323
24069.157188	24472.856323
24069.157188	24472.856323
24069.15731	24472.856445
24069.15731	24472.856445
24069.15731	24472.856445
24069.15731	24472.856445
24069.15731	24472.856445
24069.15731	24472.856445
24069.15731	24472.856445
24069.15731	24472.856445
24069.15731	24472.856445
24069.157432	24472.856567
24069.157432	24472.856567
24069.157432	24472.856567
24069.157432	24472.856567
24069.157432	24472.856567
24069.157432	24472.856567
24069.157432	24472.856567
24069.157554	24472.856689
24069.157554	24472.856689
24069.157554	24472.856689
24069.157554	24472.856689
24069.157554	24472.856689
24069.157554	24472.856689
24069.157554	24472.856689
24069.157554	24472.856689
24069.157554	24472.856689
24069.157554	24472.856689
24069.157554	24472.856689
24069.157554	24472.856689
24069.157554	24472.856689
24069.157676	24472.856812
24069.157676	24472.856812
24069.157676	24472.856812
24069.157676	24472.856812
24069.157676	24472.856812
24069.157676	24472.856812
24069.157676	24472.856812
24069.157676	24472.856812
24069.157676	24472.856812
24069.157676	24472.856812
24069.157676	24472.856812
24069.157676	24472.856812
24069.157676	24472.856812
24069.157798	24472.856934
24069.157798	24472.856934
24069.157798	24472.856934
24069.157798	24472.856934
24069.157798	24472.856934
24069.157798	24472.856934
24069.157798	24472.856934
24069.157798	24472.856934
24069.157798	24472.856934
24069.157798	24472.856934
24069.157798	24472.856934
24069.157798	24472.856934
24069.157798	24472.856934
24069.157798	24472.856934
24069.157798	24472.856934
24069.157798	24472.856934
24069.157798	24472.856934
24069.15792	24472.857056
24069.15792	24472.857056
24069.15792	24472.857056
24069.15792	24472.857056
24069.15792	24472.857056
24069.15792	24472.857056
24069.15792	24472.857056
24069.15792	24472.857056
24069.15792	24472.857056
24069.15792	24472.857056
24069.15792	24472.857056
24069.15792	24472.857056
24069.15792	24472.857056
24069.15792	24472.857056
24069.158042	24472.857178
24069.158042	24472.857178
24069.158042	24472.857178
24069.158042	24472.857178
24069.158042	24472.857178
24069.158042	24472.857178
24069.158042	24472.857178
24069.158042	24472.857178
24069.158042	24472.857178
24069.158042	24472.857178
24069.158164	24472.8573
24069.158164	24472.8573
24069.158164	24472.8573
24069.158164	24472.8573
24069.158164	24472.8573
24069.158164	24472.8573
24069.158164	24472.8573
24069.158164	24472.8573
24069.158164	24472.8573
24069.158164	24472.8573
24069.158164	24472.8573
24069.158164	24472.8573
24069.158164	24472.8573
24069.158164	24472.8573
24069.158164	24472.8573
24069.158164	24472.8573
24069.158164	24472.8573
24069.158164	24472.8573
24069.158286	24472.857422
24069.158286	24472.857422
24069.158286	24472.857422
24069.158286	24472.857422
24069.158286	24472.857422
24069.158286	24472.857422
24069.158286	24472.857422
24069.158286	24472.857422
24069.158408	24472.857544
24069.158408	24472.857544
24069.158408	24472.857544
24069.158408	24472.857544
24069.158408	24472.857544
24069.158408	24472.857544
24069.158408	24472.857544
24069.158408	24472.857544
24069.158408	24472.857544
24069.158408	24472.857544
24069.158408	24472.857544
24069.158408	24472.857544
24069.158408	24472.857544
24069.15853	24472.857666
24069.15853	24472.857666
24069.15853	24472.857666
24069.15853	24472.857666
24069.15853	24472.857666
24069.15853	24472.857666
24069.15853	24472.857666
24069.15853	24472.857666
24069.15853	24472.857666
24069.15853	24472.857666
24069.15853	24472.857666
24069.15853	24472.857666
24069.158652	24472.857788
24069.158652	24472.857788
24069.158652	24472.857788
24069.158652	24472.857788
24069.158652	24472.857788
24069.158652	24472.857788
24069.158652	24472.857788
24069.158652	24472.857788
24069.158652	24472.857788
24069.158774	24472.85791
24069.158774	24472.85791
24069.158774	24472.85791
24069.158774	24472.85791
24069.158774	24472.85791
24069.158774	24472.85791
24069.158774	24472.85791
24069.158774	24472.85791
24069.158774	24472.85791
24069.158774	24472.85791
24069.158896	24472.858032
24069.158896	24472.858032
24069.158896	24472.858032
24069.158896	24472.858032
24069.158896	24472.858032
24069.158896	24472.858032
24069.158896	24472.858032
24069.158896	24472.858032
24069.158896	24472.858032
24069.158896	24472.858032
24069.159018	24472.858154
24069.159018	24472.858154
24069.159018	24472.858154
24069.159018	24472.858154
24069.159018	24472.858154
24069.159018	24472.858154
24069.159018	24472.858154
24069.159018	24472.858154
24069.159018	24472.858154
24069.159018	24472.858154
24069.159018	24472.858154
24069.159018	24472.858154
24069.159141	24472.858276
24069.159141	24472.858276
24069.159141	24472.858276
24069.159141	24472.858276
24069.159141	24472.858276
24069.159141	24472.858276
24069.159141	24472.858276
24069.159141	24472.858276
24069.159141	24472.858276
24069.159141	24472.858276
24069.159263	24472.858398
24069.159263	24472.858398
24069.159263	24472.858398
24069.159263	24472.858398
24069.159263	24472.858398
24069.159263	24472.858398
24069.159263	24472.858398
24069.159263	24472.858398
24069.159263	24472.858398
24069.159263	24472.858398
24069.159263	24472.858398
24069.159263	24472.858398
24069.159385	24472.858521
24069.159385	24472.858521
24069.159385	24472.858521
24069.159385	24472.858521
24069.159385	24472.858521
24069.159385	24472.858521
24069.159385	24472.858521
24069.159385	24472.858521
24069.159385	24472.858521
24069.159507	24472.858643
24069.159507	24472.858643
24069.159507	24472.858643
24069.159507	24472.858643
24069.159507	24472.858643
24069.159507	24472.858643
24069.159507	24472.858643
24069.159507	24472.858643
24069.159507	24472.858643
24069.159507	24472.858643
24069.159629	24472.858765
24069.159629	24472.858765
24069.159629	24472.858765
24069.159629	24472.858765
24069.159629	24472.858765
24069.159629	24472.858765
24069.159629	24472.858765
24069.159629	24472.858765
24069.159629	24472.858765
24069.159629	24472.858765
24069.159629	24472.858765
24069.159751	24472.858887
24069.159751	24472.858887
24069.159751	24472.858887
24069.159751	24472.858887
24069.159751	24472.858887
24069.159751	24472.858887
24069.159751	24472.858887
24069.159873	24472.859009
24069.159873	24472.859009
24069.159873	24472.859009
24069.159873	24472.859009
24069.159873	24472.859009
24069.159873	24472.859009
24069.159873	24472.859009
24069.159873	24472.859009
24069.159873	24472.859009
24069.159873	24472.859009
24069.159995	24472.859131
24069.159995	24472.859131
24069.159995	24472.859131
24069.159995	24472.859131
24069.159995	24472.859131
24069.159995	24472.859131
24069.159995	24472.859131
24069.159995	24472.859131
24069.159995	24472.859131
24069.159995	24472.859131
24069.160117	24472.859253
24069.160117	24472.859253
24069.160117	24472.859253
24069.160117	24472.859253
24069.160117	24472.859253
24069.160239	24472.859375
24069.160239	24472.859375
24069.160239	24472.859375
24069.160239	24472.859375
24069.160239	24472.859375
24069.160239	24472.859375
24069.160239	24472.859375
24069.160239	24472.859375
24069.160361	24472.859497
24069.160361	24472.859497
24069.160361	24472.859497
24069.160361	24472.859497
24069.160361	24472.859497
24069.160361	24472.859497
24069.160361	24472.859497
24069.160361	24472.859497
24069.160483	24472.859619
24069.160483	24472.859619
24069.160483	24472.859619
24069.160483	24472.859619
24069.160483	24472.859619
24069.160483	24472.859619
24069.160605	24472.859741
24069.160605	24472.859741
24069.160605	24472.859741
24069.160605	24472.859741
24069.160605	24472.859741
24069.160605	24472.859741
24069.160605	24472.859741
24069.160727	24472.859863
24069.160727	24472.859863
24069.160727	24472.859863
24069.160727	24472.859863
24069.160727	24472.859863
24069.160727	24472.859863
24069.160727	24472.859863
24069.160727	24472.859863
24069.160727	24472.859863
24069.160727	24472.859863
24069.160727	24472.859863
24069.160727	24472.859863
24069.160849	24472.859985
24069.160849	24472.859985
24069.160849	24472.859985
24069.160849	24472.859985
24069.160849	24472.859985
24069.160849	24472.859985
24069.160849	24472.859985
24069.160849	24472.859985
24069.160849	24472.859985
24069.160971	24472.860107
24069.160971	24472.860107
24069.160971	24472.860107
24069.160971	24472.860107
24069.160971	24472.860107
24069.160971	24472.860107
24069.160971	24472.860107
24069.160971	24472.860107
24069.161094	24472.860229
24069.161094	24472.860229
24069.161094	24472.860229
24069.161094	24472.860229
24069.161094	24472.860229
24069.161094	24472.860229
24069.161094	24472.860229
24069.161216	24472.860352
24069.161216	24472.860352
24069.161216	24472.860352
24069.161216	24472.860352
24069.161216	24472.860352
24069.161216	24472.860352
24069.161216	24472.860352
24069.161216	24472.860352
24069.161216	24472.860352
24069.161216	24472.860352
24069.161216	24472.860352
24069.161338	24472.860474
24069.161338	24472.860474
24069.161338	24472.860474
24069.161338	24472.860474
24069.161338	24472.860474
24069.161338	24472.860474
24069.161338	24472.860474
24069.16146	24472.860596
24069.16146	24472.860596
24069.16146	24472.860596
24069.16146	24472.860596
24069.16146	24472.860596
24069.16146	24472.860596
24069.16146	24472.860596
24069.16146	24472.860596
24069.161582	24472.860718
24069.161582	24472.860718
24069.161582	24472.860718
24069.161582	24472.860718
24069.161582	24472.860718
24069.161582	24472.860718
24069.161582	24472.860718
24069.161704	24472.86084
24069.161704	24472.86084
24069.161704	24472.86084
24069.161704	24472.86084
24069.161704	24472.86084
24069.161704	24472.86084
24069.161704	24472.86084
24069.161704	24472.86084
24069.161826	24472.860962
24069.161826	24472.860962
24069.161826	24472.860962
24069.161826	24472.860962
24069.161826	24472.860962
24069.161826	24472.860962
24069.161826	24472.860962
24069.161826	24472.860962
24069.161826	24472.860962
24069.161826	24472.860962
24069.161948	24472.861084
24069.161948	24472.861084
24069.161948	24472.861084
24069.161948	24472.861084
24069.161948	24472.861084
24069.16207	24472.861206
24069.16207	24472.861206
24069.16207	24472.861206
24069.16207	24472.861206
24069.16207	24472.861206
24069.162192	24472.861328
24069.162192	24472.861328
24069.162192	24472.861328
24069.162192	24472.861328
24069.162192	24472.861328
24069.162192	24472.861328
24069.162192	24472.861328
24069.162192	24472.861328
24069.162192	24472.861328
24069.162192	24472.861328
24069.162314	24472.86145
24069.162314	24472.86145
24069.162314	24472.86145
24069.162314	24472.86145
24069.162314	24472.86145
24069.162314	24472.86145
24069.162314	24472.86145
24069.162436	24472.861572
24069.162436	24472.861572
24069.162436	24472.861572
24069.162436	24472.861572
24069.162436	24472.861572
24069.162436	24472.861572
24069.162436	24472.861572
24069.162436	24472.861572
24069.162436	24472.861572
24069.162436	24472.861572
24069.162436	24472.861572
24069.162558	24472.861694
24069.162558	24472.861694
24069.162558	24472.861694
24069.162558	24472.861694
24069.162558	24472.861694
24069.162558	24472.861694
24069.162558	24472.861694
24069.162558	24472.861694
24069.162558	24472.861694
24069.16268	24472.861816
24069.16268	24472.861816
24069.16268	24472.861816
24069.16268	24472.861816
24069.16268	24472.861816
24069.16268	24472.861816
24069.16268	24472.861816
24069.162802	24472.861938
24069.162802	24472.861938
24069.162802	24472.861938
24069.162802	24472.861938
24069.162802	24472.861938
24069.162802	24472.861938
24069.162802	24472.861938
24069.162802	24472.861938
24069.162802	24472.861938
24069.162802	24472.861938
24069.162802	24472.861938
24069.162802	24472.861938
24069.162924	24472.862061
24069.162924	24472.862061
24069.162924	24472.862061
24069.162924	24472.862061
24069.162924	24472.862061
24069.162924	24472.862061
24069.162924	24472.862061
24069.162924	24472.862061
24069.162924	24472.862061
24069.162924	24472.862061
24069.162924	24472.862061
24069.162924	24472.862061
24069.162924	24472.862061
24069.162924	24472.862061
24069.162924	24472.862061
24069.163047	24472.862183
24069.163047	24472.862183
24069.163047	24472.862183
24069.163047	24472.862183
24069.163047	24472.862183
24069.163047	24472.862183
24069.163047	24472.862183
24069.163047	24472.862183
24069.163169	24472.862305
24069.163169	24472.862305
24069.163169	24472.862305
24069.163169	24472.862305
24069.163169	24472.862305
24069.163169	24472.862305
24069.163169	24472.862305
24069.163169	24472.862305
24069.163291	24472.862427
24069.163291	24472.862427
24069.163413	24472.862549
24069.163413	24472.862549
24069.163413	24472.862549
24069.163413	24472.862549
24069.163413	24472.862549
24069.163535	24472.862671
24069.163535	24472.862671
24069.163535	24472.862671
24069.163535	24472.862671
24069.163535	24472.862671
24069.163535	24472.862671
24069.163535	24472.862671
24069.163657	24472.862793
24069.163657	24472.862793
24069.163657	24472.862793
24069.163657	24472.862793
24069.163657	24472.862793
24069.163657	24472.862793
24069.163657	24472.862793
24069.163657	24472.862793
24069.163657	24472.862793
24069.163657	24472.862793
24069.163657	24472.862793
24069.163657	24472.862793
24069.163657	24472.862793
24069.163657	24472.862793
24069.163779	24472.862915
24069.163779	24472.862915
24069.163779	24472.862915
24069.163779	24472.862915
24069.163779	24472.862915
24069.163901	24472.863037
24069.163901	24472.863037
24069.164023	24472.863159
24069.164023	24472.863159
24069.164023	24472.863159
24069.164023	24472.863159
24069.164023	24472.863159
24069.164023	24472.863159
24069.164023	24472.863159
24069.164023	24472.863159
24069.164023	24472.863159
24069.164023	24472.863159
24069.164023	24472.863159
24069.164145	24472.863281
24069.164145	24472.863281
24069.164145	24472.863281
24069.164145	24472.863281
24069.164145	24472.863281
24069.164145	24472.863281
24069.164145	24472.863281
24069.164145	24472.863281
24069.164145	24472.863281
24069.164145	24472.863281
24069.164145	24472.863281
24069.164145	24472.863281
24069.164145	24472.863281
24069.164267	24472.863403
24069.164267	24472.863403
24069.164267	24472.863403
24069.164267	24472.863403
24069.164267	24472.863403
24069.164267	24472.863403
24069.164389	24472.863525
24069.164389	24472.863525
24069.164389	24472.863525
24069.164511	24472.863647
24069.164511	24472.863647
24069.164511	24472.863647
24069.164511	24472.863647
24069.164511	24472.863647
24069.164511	24472.863647
24069.164511	24472.863647
24069.164511	24472.863647
24069.164511	24472.863647
24069.164511	24472.863647
24069.164511	24472.863647
24069.164511	24472.863647
24069.164633	24472.86377
24069.164633	24472.86377
24069.164633	24472.86377
24069.164633	24472.86377
24069.164633	24472.86377
24069.164633	24472.86377
24069.164633	24472.86377
24069.164633	24472.86377
24069.164755	24472.863892
24069.164755	24472.863892
24069.164755	24472.863892
24069.164755	24472.863892
24069.164755	24472.863892
24069.164755	24472.863892
24069.164755	24472.863892
24069.164755	24472.863892
24069.164877	24472.864014
24069.164877	24472.864014
24069.164877	24472.864014
24069.164877	24472.864014
24069.164999	24472.864136
24069.164999	24472.864136
24069.164999	24472.864136
24069.164999	24472.864136
24069.164999	24472.864136
24069.165122	24472.864258
24069.165122	24472.864258
24069.165122	24472.864258
24069.165122	24472.864258
24069.165122	24472.864258
24069.165122	24472.864258
24069.165122	24472.864258
24069.165244	24472.86438
24069.165244	24472.86438
24069.165244	24472.86438
24069.165244	24472.86438
24069.165244	24472.86438
24069.165244	24472.86438
24069.165366	24472.864502
24069.165366	24472.864502
24069.165366	24472.864502
24069.165366	24472.864502
24069.165366	24472.864502
24069.165366	24472.864502
24069.165366	24472.864502
24069.165366	24472.864502
24069.165488	24472.864624
24069.165488	24472.864624
24069.165488	24472.864624
24069.165488	24472.864624
24069.165488	24472.864624
24069.165488	24472.864624
24069.165488	24472.864624
24069.16561	24472.864746
24069.16561	24472.864746
24069.16561	24472.864746
24069.16561	24472.864746
24069.16561	24472.864746
24069.16561	24472.864746
24069.16561	24472.864746
24069.165732	24472.864868
24069.165732	24472.864868
24069.165732	24472.864868
24069.165732	24472.864868
24069.165732	24472.864868
24069.165854	24472.86499
24069.165854	24472.86499
24069.165854	24472.86499
24069.165854	24472.86499
24069.165854	24472.86499
24069.165854	24472.86499
24069.165854	24472.86499
24069.165854	24472.86499
24069.165976	24472.865112
24069.165976	24472.865112
24069.165976	24472.865112
24069.165976	24472.865112
24069.166098	24472.865234
24069.166098	24472.865234
24069.166098	24472.865234
24069.166098	24472.865234
24069.166098	24472.865234
24069.166098	24472.865234
24069.16622	24472.865356
24069.16622	24472.865356
24069.16622	24472.865356
24069.16622	24472.865356
24069.16622	24472.865356
24069.16622	24472.865356
24069.16622	24472.865356
24069.16622	24472.865356
24069.166342	24472.865479
24069.166342	24472.865479
24069.166342	24472.865479
24069.166342	24472.865479
24069.166342	24472.865479
24069.166342	24472.865479
24069.166464	24472.865601
24069.166464	24472.865601
24069.166464	24472.865601
24069.166464	24472.865601
24069.166464	24472.865601
24069.166464	24472.865601
24069.166464	24472.865601
24069.166464	24472.865601
24069.166464	24472.865601
24069.166464	24472.865601
24069.166464	24472.865601
24069.166464	24472.865601
24069.166464	24472.865601
24069.166586	24472.865723
24069.166586	24472.865723
24069.166708	24472.865845
24069.166708	24472.865845
24069.166708	24472.865845
24069.166708	24472.865845
24069.166708	24472.865845
24069.166708	24472.865845
24069.16683	24472.865967
24069.16683	24472.865967
24069.16683	24472.865967
24069.16683	24472.865967
24069.16683	24472.865967
24069.16683	24472.865967
24069.16683	24472.865967
24069.166952	24472.866089
24069.166952	24472.866089
24069.166952	24472.866089
24069.166952	24472.866089
24069.166952	24472.866089
24069.166952	24472.866089
24069.166952	24472.866089
24069.166952	24472.866089
24069.167075	24472.866211
24069.167075	24472.866211
24069.167075	24472.866211
24069.167075	24472.866211
24069.167075	24472.866211
24069.167075	24472.866211
24069.167075	24472.866211
24069.167075	24472.866211
24069.167075	24472.866211
24069.167075	24472.866211
24069.167197	24472.866333
24069.167197	24472.866333
24069.167197	24472.866333
24069.167319	24472.866455
24069.167319	24472.866455
24069.167319	24472.866455
24069.167319	24472.866455
24069.167319	24472.866455
24069.167319	24472.866455
24069.167319	24472.866455
24069.167319	24472.866455
24069.167319	24472.866455
24069.167319	24472.866455
24069.167441	24472.866577
24069.167441	24472.866577
24069.167441	24472.866577
24069.167441	24472.866577
24069.167441	24472.866577
24069.167441	24472.866577
24069.167441	24472.866577
24069.167563	24472.866699
24069.167563	24472.866699
24069.167563	24472.866699
24069.167563	24472.866699
24069.167563	24472.866699
24069.167563	24472.866699
24069.167563	24472.866699
24069.167563	24472.866699
24069.167685	24472.866821
24069.167685	24472.866821
24069.167685	24472.866821
24069.167685	24472.866821
24069.167685	24472.866821
24069.167685	24472.866821
24069.167807	24472.866943
24069.167807	24472.866943
24069.167807	24472.866943
24069.167929	24472.867065
24069.167929	24472.867065
24069.167929	24472.867065
24069.167929	24472.867065
24069.167929	24472.867065
24069.167929	24472.867065
24069.167929	24472.867065
24069.167929	24472.867065
24069.167929	24472.867065
24069.168051	24472.867188
24069.168051	24472.867188
24069.168051	24472.867188
24069.168051	24472.867188
24069.168051	24472.867188
24069.168051	24472.867188
24069.168051	24472.867188
24069.168051	24472.867188
24069.168051	24472.867188
24069.168051	24472.867188
24069.168173	24472.86731
24069.168173	24472.86731
24069.168173	24472.86731
24069.168173	24472.86731
24069.168173	24472.86731
24069.168173	24472.86731
24069.168173	24472.86731
24069.168295	24472.867432
24069.168295	24472.867432
24069.168295	24472.867432
24069.168295	24472.867432
24069.168295	24472.867432
24069.168295	24472.867432
24069.168295	24472.867432
24069.168295	24472.867432
24069.168417	24472.867554
24069.168417	24472.867554
24069.168417	24472.867554
24069.168417	24472.867554
24069.168539	24472.867676
24069.168539	24472.867676
24069.168539	24472.867676
24069.168539	24472.867676
24069.168539	24472.867676
24069.168661	24472.867798
24069.168661	24472.867798
24069.168661	24472.867798
24069.168661	24472.867798
24069.168661	24472.867798
24069.168661	24472.867798
24069.168661	24472.867798
24069.168661	24472.867798
24069.168661	24472.867798
24069.168783	24472.86792
24069.168783	24472.86792
24069.168783	24472.86792
24069.168783	24472.86792
24069.168783	24472.86792
24069.168905	24472.868042
24069.168905	24472.868042
24069.168905	24472.868042
24069.168905	24472.868042
24069.168905	24472.868042
24069.168905	24472.868042
24069.168905	24472.868042
24069.168905	24472.868042
24069.168905	24472.868042
24069.168905	24472.868042
24069.169027	24472.868164
24069.169027	24472.868164
24069.169027	24472.868164
24069.169027	24472.868164
24069.169027	24472.868164
24069.169027	24472.868164
24069.169027	24472.868164
24069.16915	24472.868286
24069.16915	24472.868286
24069.16915	24472.868286
24069.16915	24472.868286
24069.16915	24472.868286
24069.16915	24472.868286
24069.16915	24472.868286
24069.169272	24472.868408
24069.169272	24472.868408
24069.169272	24472.868408
24069.169272	24472.868408
24069.169272	24472.868408
24069.169272	24472.868408
24069.169272	24472.868408
24069.169394	24472.86853
24069.169394	24472.86853
24069.169394	24472.86853
24069.169394	24472.86853
24069.169394	24472.86853
24069.169394	24472.86853
24069.169394	24472.86853
24069.169394	24472.86853
24069.169394	24472.86853
24069.169394	24472.86853
24069.169516	24472.868652
24069.169516	24472.868652
24069.169516	24472.868652
24069.169516	24472.868652
24069.169516	24472.868652
24069.169516	24472.868652
24069.169516	24472.868652
24069.169638	24472.868774
24069.169638	24472.868774
24069.169638	24472.868774
24069.169638	24472.868774
24069.16976	24472.868896
24069.16976	24472.868896
24069.16976	24472.868896
24069.16976	24472.868896
24069.16976	24472.868896
24069.16976	24472.868896
24069.169882	24472.869019
24069.169882	24472.869019
24069.169882	24472.869019
24069.169882	24472.869019
24069.169882	24472.869019
24069.169882	24472.869019
24069.169882	24472.869019
24069.170004	24472.869141
24069.170004	24472.869141
24069.170004	24472.869141
24069.170004	24472.869141
24069.170004	24472.869141
24069.170004	24472.869141
24069.170004	24472.869141
24069.170004	24472.869141
24069.170004	24472.869141
24069.170126	24472.869263
24069.170126	24472.869263
24069.170126	24472.869263
24069.170126	24472.869263
24069.170126	24472.869263
24069.170126	24472.869263
24069.170248	24472.869385
24069.170248	24472.869385
24069.170248	24472.869385
24069.170248	24472.869385
24069.170248	24472.869385
24069.170248	24472.869385
24069.170248	24472.869385
24069.170248	24472.869385
24069.170248	24472.869385
24069.17037	24472.869507
24069.17037	24472.869507
24069.17037	24472.869507
24069.17037	24472.869507
24069.17037	24472.869507
24069.17037	24472.869507
24069.170492	24472.869629
24069.170492	24472.869629
24069.170492	24472.869629
24069.170492	24472.869629
24069.170492	24472.869629
24069.170492	24472.869629
24069.170614	24472.869751
24069.170614	24472.869751
24069.170614	24472.869751
24069.170614	24472.869751
24069.170736	24472.869873
24069.170736	24472.869873
24069.170736	24472.869873
24069.170736	24472.869873
24069.170736	24472.869873
24069.170736	24472.869873
24069.170736	24472.869873
24069.170736	24472.869873
24069.170858	24472.869995
24069.170858	24472.869995
24069.170858	24472.869995
24069.170858	24472.869995
24069.17098	24472.870117
24069.17098	24472.870117
24069.17098	24472.870117
24069.17098	24472.870117
24069.17098	24472.870117
24069.17098	24472.870117
24069.17098	24472.870117
24069.17098	24472.870117
24069.17098	24472.870117
24069.171103	24472.870239
24069.171103	24472.870239
24069.171225	24472.870361
24069.171225	24472.870361
24069.171225	24472.870361
24069.171225	24472.870361
24069.171347	24472.870483
24069.171347	24472.870483
24069.171347	24472.870483
24069.171347	24472.870483
24069.171347	24472.870483
24069.171347	24472.870483
24069.171347	24472.870483
24069.171347	24472.870483
24069.171469	24472.870605
24069.171469	24472.870605
24069.171469	24472.870605
24069.171469	24472.870605
24069.171469	24472.870605
24069.171591	24472.870728
24069.171591	24472.870728
24069.171591	24472.870728
24069.171591	24472.870728
24069.171591	24472.870728
24069.171591	24472.870728
24069.171591	24472.870728
24069.171591	24472.870728
24069.171713	24472.87085
24069.171713	24472.87085
24069.171713	24472.87085
24069.171713	24472.87085
24069.171713	24472.87085
24069.171713	24472.87085
24069.171713	24472.87085
24069.171713	24472.87085
24069.171835	24472.870972
24069.171835	24472.870972
24069.171835	24472.870972
24069.171835	24472.870972
24069.171835	24472.870972
24069.171835	24472.870972
24069.171835	24472.870972
24069.171835	24472.870972
24069.171835	24472.870972
24069.171957	24472.871094
24069.171957	24472.871094
24069.171957	24472.871094
24069.171957	24472.871094
24069.172079	24472.871216
24069.172079	24472.871216
24069.172079	24472.871216
24069.172079	24472.871216
24069.172079	24472.871216
24069.172079	24472.871216
24069.172201	24472.871338
24069.172201	24472.871338
24069.172201	24472.871338
24069.172201	24472.871338
24069.172201	24472.871338
24069.172201	24472.871338
24069.172323	24472.87146
24069.172323	24472.87146
24069.172323	24472.87146
24069.172323	24472.87146
24069.172323	24472.87146
24069.172445	24472.871582
24069.172445	24472.871582
24069.172445	24472.871582
24069.172445	24472.871582
24069.172445	24472.871582
24069.172445	24472.871582
24069.172567	24472.871704
24069.172567	24472.871704
24069.172567	24472.871704
24069.172567	24472.871704
24069.172567	24472.871704
24069.172567	24472.871704
24069.172689	24472.871826
24069.172689	24472.871826
24069.172689	24472.871826
24069.172689	24472.871826
24069.172689	24472.871826
24069.172689	24472.871826
24069.172689	24472.871826
24069.172689	24472.871826
24069.172811	24472.871948
24069.172811	24472.871948
24069.172811	24472.871948
24069.172811	24472.871948
24069.172811	24472.871948
24069.172811	24472.871948
24069.172811	24472.871948
24069.172933	24472.87207
24069.173055	24472.872192
24069.173055	24472.872192
24069.173055	24472.872192
24069.173055	24472.872192
24069.173055	24472.872192
24069.173055	24472.872192
24069.173055	24472.872192
24069.173055	24472.872192
24069.173055	24472.872192
24069.173178	24472.872314
24069.173178	24472.872314
24069.1733	24472.872437
24069.1733	24472.872437
24069.173422	24472.872559
24069.173422	24472.872559
24069.173422	24472.872559
24069.173422	24472.872559
24069.173544	24472.872681
24069.173544	24472.872681
24069.173544	24472.872681
24069.173544	24472.872681
24069.173666	24472.872803
24069.173666	24472.872803
24069.173788	24472.872925
24069.173788	24472.872925
24069.173788	24472.872925
24069.173788	24472.872925
24069.17391	24472.873047
24069.17391	24472.873047
24069.17391	24472.873047
24069.17391	24472.873047
24069.174032	24472.873169
24069.174032	24472.873169
24069.174032	24472.873169
24069.174032	24472.873169
24069.174032	24472.873169
24069.174154	24472.873291
24069.174154	24472.873291
24069.174154	24472.873291
24069.174154	24472.873291
24069.174276	24472.873413
24069.174276	24472.873413
24069.174276	24472.873413
24069.174398	24472.873535
24069.174398	24472.873535
24069.174398	24472.873535
24069.174398	24472.873535
24069.174398	24472.873535
24069.174398	24472.873535
24069.174398	24472.873535
24069.17452	24472.873657
24069.17452	24472.873657
24069.17452	24472.873657
24069.17452	24472.873657
24069.17452	24472.873657
24069.17452	24472.873657
24069.174642	24472.873779
24069.174642	24472.873779
24069.174642	24472.873779
24069.174642	24472.873779
24069.174642	24472.873779
24069.174764	24472.873901
24069.174764	24472.873901
24069.174764	24472.873901
24069.174764	24472.873901
24069.174764	24472.873901
24069.174886	24472.874023
24069.174886	24472.874023
24069.174886	24472.874023
24069.174886	24472.874023
24069.174886	24472.874023
24069.174886	24472.874023
24069.174886	24472.874023
24069.175008	24472.874146
24069.175008	24472.874146
24069.175008	24472.874146
24069.175008	24472.874146
24069.175008	24472.874146
24069.175008	24472.874146
24069.175008	24472.874146
24069.175008	24472.874146
24069.175008	24472.874146
24069.175008	24472.874146
24069.175131	24472.874268
24069.175131	24472.874268
24069.175131	24472.874268
24069.175131	24472.874268
24069.175131	24472.874268
24069.175253	24472.87439
24069.175253	24472.87439
24069.175253	24472.87439
24069.175375	24472.874512
24069.175375	24472.874512
24069.175375	24472.874512
24069.175497	24472.874634
24069.175497	24472.874634
24069.175497	24472.874634
24069.175497	24472.874634
24069.175497	24472.874634
24069.175497	24472.874634
24069.175497	24472.874634
24069.175497	24472.874634
24069.175497	24472.874634
24069.175619	24472.874756
24069.175619	24472.874756
24069.175619	24472.874756
24069.175619	24472.874756
24069.175619	24472.874756
24069.175741	24472.874878
24069.175741	24472.874878
24069.175741	24472.874878
24069.175863	24472.875
24069.175863	24472.875
24069.175863	24472.875
24069.175985	24472.875122
24069.175985	24472.875122
24069.175985	24472.875122
24069.175985	24472.875122
24069.175985	24472.875122
24069.175985	24472.875122
24069.176107	24472.875244
24069.176107	24472.875244
24069.176107	24472.875244
24069.176107	24472.875244
24069.176229	24472.875366
24069.176229	24472.875366
24069.176229	24472.875366
24069.176229	24472.875366
24069.176229	24472.875366
24069.176351	24472.875488
24069.176473	24472.87561
24069.176473	24472.87561
24069.176473	24472.87561
24069.176473	24472.87561
24069.176473	24472.87561
24069.176473	24472.87561
24069.176473	24472.87561
24069.176595	24472.875732
24069.176717	24472.875854
24069.176717	24472.875854
24069.176717	24472.875854
24069.176717	24472.875854
24069.176717	24472.875854
24069.176717	24472.875854
24069.176839	24472.875977
24069.176839	24472.875977
24069.176839	24472.875977
24069.176839	24472.875977
24069.176839	24472.875977
24069.176961	24472.876099
24069.177084	24472.876221
24069.177084	24472.876221
24069.177206	24472.876343
24069.177206	24472.876343
24069.177206	24472.876343
24069.177206	24472.876343
24069.177206	24472.876343
24069.177206	24472.876343
24069.177206	24472.876343
24069.177206	24472.876343
24069.177328	24472.876465
24069.177328	24472.876465
24069.177328	24472.876465
24069.17745	24472.876587
24069.17745	24472.876587
24069.17745	24472.876587
24069.177572	24472.876709
24069.177572	24472.876709
24069.177572	24472.876709
24069.177572	24472.876709
24069.177572	24472.876709
24069.177694	24472.876831
24069.177694	24472.876831
24069.177694	24472.876831
24069.177816	24472.876953
24069.177938	24472.877075
24069.17806	24472.877197
24069.178182	24472.877319
24069.178182	24472.877319
24069.178182	24472.877319
24069.178182	24472.877319
24069.178182	24472.877319
24069.178182	24472.877319
24069.178304	24472.877441
24069.178304	24472.877441
24069.178304	24472.877441
24069.178304	24472.877441
24069.178304	24472.877441
24069.178304	24472.877441
24069.178426	24472.877563
24069.178426	24472.877563
24069.178426	24472.877563
24069.178426	24472.877563
24069.178548	24472.877686
24069.178548	24472.877686
24069.178548	24472.877686
24069.17867	24472.877808
24069.17867	24472.877808
24069.178792	24472.87793
24069.178792	24472.87793
24069.178792	24472.87793
24069.178792	24472.87793
24069.178792	24472.87793
24069.178914	24472.878052
24069.178914	24472.878052
24069.178914	24472.878052
24069.178914	24472.878052
24069.178914	24472.878052
24069.178914	24472.878052
24069.179036	24472.878174
24069.179159	24472.878296
24069.179281	24472.878418
24069.179281	24472.878418
24069.179281	24472.878418
24069.179281	24472.878418
24069.179281	24472.878418
24069.179403	24472.87854
24069.179525	24472.878662
24069.179525	24472.878662
24069.179525	24472.878662
24069.179647	24472.878784
24069.179647	24472.878784
24069.179769	24472.878906
24069.179769	24472.878906
24069.179769	24472.878906
24069.179769	24472.878906
24069.179891	24472.879028
24069.179891	24472.879028
24069.180013	24472.87915
24069.180013	24472.87915
24069.180013	24472.87915
24069.180135	24472.879272
24069.180135	24472.879272
24069.180135	24472.879272
24069.180257	24472.879395
24069.180379	24472.879517
24069.180379	24472.879517
24069.180623	24472.879761
24069.180623	24472.879761
24069.180745	24472.879883
24069.180867	24472.880005
24069.180989	24472.880127
24069.180989	24472.880127
24069.180989	24472.880127
24069.180989	24472.880127
24069.181112	24472.880249
24069.181234	24472.880371
24069.181234	24472.880371
24069.181356	24472.880493
24069.181478	24472.880615
24069.181478	24472.880615
24069.181478	24472.880615
24069.181478	24472.880615
24069.181478	24472.880615
24069.181478	24472.880615
24069.1816	24472.880737
24069.181722	24472.880859
24069.181722	24472.880859
24069.181722	24472.880859
24069.181722	24472.880859
24069.181844	24472.880981
24069.181844	24472.880981
24069.181966	24472.881104
24069.181966	24472.881104
24069.181966	24472.881104
24069.182088	24472.881226
24069.182088	24472.881226
24069.18221	24472.881348
24069.18221	24472.881348
24069.18221	24472.881348
24069.18221	24472.881348
24069.18221	24472.881348
24069.18221	24472.881348
24069.18221	24472.881348
24069.18221	24472.881348
24069.182332	24472.88147
24069.182332	24472.88147
24069.182454	24472.881592
24069.182576	24472.881714
24069.182576	24472.881714
24069.182576	24472.881714
24069.182576	24472.881714
24069.182576	24472.881714
24069.182698	24472.881836
24069.182698	24472.881836
24069.182698	24472.881836
24069.18282	24472.881958
24069.182942	24472.88208
24069.182942	24472.88208
24069.182942	24472.88208
24069.183064	24472.882202
24069.183064	24472.882202
24069.183187	24472.882324
24069.183187	24472.882324
24069.183187	24472.882324
24069.183309	24472.882446
24069.183431	24472.882568
24069.183553	24472.88269
24069.183553	24472.88269
24069.183553	24472.88269
24069.183675	24472.882813
24069.183675	24472.882813
24069.183675	24472.882813
24069.183675	24472.882813
24069.183797	24472.882935
24069.183797	24472.882935
24069.183797	24472.882935
24069.183797	24472.882935
24069.183797	24472.882935
24069.183797	24472.882935
24069.183919	24472.883057
24069.183919	24472.883057
24069.183919	24472.883057
24069.183919	24472.883057
24069.183919	24472.883057
24069.183919	24472.883057
24069.184041	24472.883179
24069.184041	24472.883179
24069.184041	24472.883179
24069.184041	24472.883179
24069.184163	24472.883301
24069.184163	24472.883301
24069.184163	24472.883301
24069.184285	24472.883423
24069.184285	24472.883423
24069.184407	24472.883545
24069.184407	24472.883545
24069.184407	24472.883545
24069.184407	24472.883545
24069.184529	24472.883667
24069.184529	24472.883667
24069.184529	24472.883667
24069.184529	24472.883667
24069.184529	24472.883667
24069.184651	24472.883789
24069.184651	24472.883789
24069.184773	24472.883911
24069.184895	24472.884033
24069.184895	24472.884033
24069.184895	24472.884033
24069.185017	24472.884155
24069.185017	24472.884155
24069.185017	24472.884155
24069.18514	24472.884277
24069.18514	24472.884277
24069.18514	24472.884277
24069.18514	24472.884277
24069.185262	24472.884399
24069.185262	24472.884399
24069.185262	24472.884399
24069.185384	24472.884521
24069.185384	24472.884521
24069.185384	24472.884521
24069.185384	24472.884521
24069.185506	24472.884644
24069.185506	24472.884644
24069.185506	24472.884644
24069.185628	24472.884766
24069.185628	24472.884766
24069.185628	24472.884766
24069.185628	24472.884766
24069.185628	24472.884766
24069.185628	24472.884766
24069.185628	24472.884766
24069.18575	24472.884888
24069.18575	24472.884888
24069.18575	24472.884888
24069.185872	24472.88501
24069.185872	24472.88501
24069.185872	24472.88501
24069.185872	24472.88501
24069.185994	24472.885132
24069.185994	24472.885132
24069.185994	24472.885132
24069.185994	24472.885132
24069.185994	24472.885132
24069.186116	24472.885254
24069.186116	24472.885254
24069.186116	24472.885254
24069.18636	24472.885498
24069.186482	24472.88562
24069.186482	24472.88562
24069.186482	24472.88562
24069.186482	24472.88562
24069.186482	24472.88562
24069.186604	24472.885742
24069.186604	24472.885742
24069.186604	24472.885742
24069.186604	24472.885742
24069.186726	24472.885864
24069.186726	24472.885864
24069.186726	24472.885864
24069.186726	24472.885864
24069.186726	24472.885864
24069.186726	24472.885864
24069.186726	24472.885864
24069.186848	24472.885986
24069.186848	24472.885986
24069.186848	24472.885986
24069.186848	24472.885986
24069.18697	24472.886108
24069.187093	24472.88623
24069.187215	24472.886353
24069.187215	24472.886353
24069.187215	24472.886353
24069.187215	24472.886353
24069.187337	24472.886475
24069.187337	24472.886475
24069.187337	24472.886475
24069.187337	24472.886475
24069.187459	24472.886597
24069.187459	24472.886597
24069.187459	24472.886597
24069.187581	24472.886719
24069.187581	24472.886719
24069.187581	24472.886719
24069.187703	24472.886841
24069.187703	24472.886841
24069.187703	24472.886841
24069.187703	24472.886841
24069.187825	24472.886963
24069.187825	24472.886963
24069.187947	24472.887085
24069.187947	24472.887085
24069.187947	24472.887085
24069.187947	24472.887085
24069.187947	24472.887085
24069.188069	24472.887207
24069.188069	24472.887207
24069.188069	24472.887207
24069.188069	24472.887207
24069.188069	24472.887207
24069.188191	24472.887329
24069.188191	24472.887329
24069.188191	24472.887329
24069.188191	24472.887329
24069.188191	24472.887329
24069.188191	24472.887329
24069.188191	24472.887329
24069.188191	24472.887329
24069.188191	24472.887329
24069.188313	24472.887451
24069.188313	24472.887451
24069.188435	24472.887573
24069.188435	24472.887573
24069.188435	24472.887573
24069.188435	24472.887573
24069.188435	24472.887573
24069.188557	24472.887695
24069.188557	24472.887695
24069.188557	24472.887695
24069.188679	24472.887817
24069.188679	24472.887817
24069.188679	24472.887817
24069.188679	24472.887817
24069.188679	24472.887817
24069.188679	24472.887817
24069.188679	24472.887817
24069.188679	24472.887817
24069.188801	24472.887939
24069.188801	24472.887939
24069.188801	24472.887939
24069.188801	24472.887939
24069.188923	24472.888062
24069.188923	24472.888062
24069.188923	24472.888062
24069.188923	24472.888062
24069.188923	24472.888062
24069.188923	24472.888062
24069.189045	24472.888184
24069.189045	24472.888184
24069.189045	24472.888184
24069.189045	24472.888184
24069.189045	24472.888184
24069.189045	24472.888184
24069.189045	24472.888184
24069.189045	24472.888184
24069.189045	24472.888184
24069.189045	24472.888184
24069.189168	24472.888306
24069.189168	24472.888306
24069.189168	24472.888306
24069.189168	24472.888306
24069.189168	24472.888306
24069.189168	24472.888306
24069.18929	24472.888428
24069.18929	24472.888428
24069.18929	24472.888428
24069.18929	24472.888428
24069.18929	24472.888428
24069.18929	24472.888428
24069.189412	24472.88855
24069.189412	24472.88855
24069.189412	24472.88855
24069.189412	24472.88855
24069.189412	24472.88855
24069.189412	24472.88855
24069.189534	24472.888672
24069.189534	24472.888672
24069.189534	24472.888672
24069.189534	24472.888672
24069.189534	24472.888672
24069.189534	24472.888672
24069.189534	24472.888672
24069.189534	24472.888672
24069.189656	24472.888794
24069.189656	24472.888794
24069.189656	24472.888794
24069.189656	24472.888794
24069.189656	24472.888794
24069.189656	24472.888794
24069.189656	24472.888794
24069.189656	24472.888794
24069.189778	24472.888916
24069.189778	24472.888916
24069.189778	24472.888916
24069.1899	24472.889038
24069.1899	24472.889038
24069.1899	24472.889038
24069.1899	24472.889038
24069.190022	24472.88916
24069.190022	24472.88916
24069.190022	24472.88916
24069.190022	24472.88916
24069.190022	24472.88916
24069.190022	24472.88916
24069.190022	24472.88916
24069.190022	24472.88916
24069.190022	24472.88916
24069.190022	24472.88916
24069.190022	24472.88916
24069.190022	24472.88916
24069.190144	24472.889282
24069.190144	24472.889282
24069.190144	24472.889282
24069.190144	24472.889282
24069.190144	24472.889282
24069.190266	24472.889404
24069.190266	24472.889404
24069.190266	24472.889404
24069.190266	24472.889404
24069.190266	24472.889404
24069.190266	24472.889404
24069.190266	24472.889404
24069.190388	24472.889526
24069.190388	24472.889526
24069.190388	24472.889526
24069.190388	24472.889526
24069.190388	24472.889526
24069.190388	24472.889526
24069.190388	24472.889526
24069.190388	24472.889526
24069.19051	24472.889648
24069.19051	24472.889648
24069.19051	24472.889648
24069.19051	24472.889648
24069.19051	24472.889648
24069.19051	24472.889648
24069.19051	24472.889648
24069.19051	24472.889648
24069.19051	24472.889648
24069.19051	24472.889648
24069.19051	24472.889648
24069.190632	24472.889771
24069.190632	24472.889771
24069.190632	24472.889771
24069.190632	24472.889771
24069.190632	24472.889771
24069.190632	24472.889771
24069.190632	24472.889771
24069.190632	24472.889771
24069.190632	24472.889771
24069.190754	24472.889893
24069.190754	24472.889893
24069.190754	24472.889893
24069.190754	24472.889893
24069.190754	24472.889893
24069.190754	24472.889893
24069.190876	24472.890015
24069.190876	24472.890015
24069.190876	24472.890015
24069.190876	24472.890015
24069.190876	24472.890015
24069.190876	24472.890015
24069.190998	24472.890137
24069.190998	24472.890137
24069.190998	24472.890137
24069.190998	24472.890137
24069.190998	24472.890137
24069.190998	24472.890137
24069.190998	24472.890137
24069.191121	24472.890259
24069.191121	24472.890259
24069.191121	24472.890259
24069.191121	24472.890259
24069.191121	24472.890259
24069.191121	24472.890259
24069.191121	24472.890259
24069.191121	24472.890259
24069.191121	24472.890259
24069.191121	24472.890259
24069.191121	24472.890259
24069.191243	24472.890381
24069.191243	24472.890381
24069.191243	24472.890381
24069.191243	24472.890381
24069.191243	24472.890381
24069.191243	24472.890381
24069.191365	24472.890503
24069.191365	24472.890503
24069.191365	24472.890503
24069.191365	24472.890503
24069.191365	24472.890503
24069.191365	24472.890503
24069.191365	24472.890503
24069.191365	24472.890503
24069.191365	24472.890503
24069.191365	24472.890503
24069.191365	24472.890503
24069.191365	24472.890503
24069.191487	24472.890625
24069.191487	24472.890625
24069.191487	24472.890625
24069.191487	24472.890625
24069.191487	24472.890625
24069.191487	24472.890625
24069.191487	24472.890625
24069.191487	24472.890625
24069.191487	24472.890625
24069.191487	24472.890625
24069.191487	24472.890625
24069.191609	24472.890747
24069.191609	24472.890747
24069.191609	24472.890747
24069.191609	24472.890747
24069.191609	24472.890747
24069.191731	24472.890869
24069.191731	24472.890869
24069.191731	24472.890869
24069.191731	24472.890869
24069.191731	24472.890869
24069.191731	24472.890869
24069.191853	24472.890991
24069.191853	24472.890991
24069.191853	24472.890991
24069.191853	24472.890991
24069.191975	24472.891113
24069.191975	24472.891113
24069.191975	24472.891113
24069.191975	24472.891113
24069.191975	24472.891113
24069.191975	24472.891113
24069.192097	24472.891235
24069.192097	24472.891235
24069.192097	24472.891235
24069.192097	24472.891235
24069.192097	24472.891235
24069.192097	24472.891235
24069.192097	24472.891235
24069.192219	24472.891357
24069.192219	24472.891357
24069.192219	24472.891357
24069.192341	24472.891479
24069.192341	24472.891479
24069.192341	24472.891479
24069.192341	24472.891479
24069.192341	24472.891479
24069.192341	24472.891479
24069.192341	24472.891479
24069.192341	24472.891479
24069.192341	24472.891479
24069.192341	24472.891479
24069.192463	24472.891602
24069.192463	24472.891602
24069.192463	24472.891602
24069.192463	24472.891602
24069.192463	24472.891602
24069.192463	24472.891602
24069.192463	24472.891602
24069.192585	24472.891724
24069.192585	24472.891724
24069.192585	24472.891724
24069.192585	24472.891724
24069.192585	24472.891724
24069.192585	24472.891724
24069.192585	24472.891724
24069.192707	24472.891846
24069.192707	24472.891846
24069.192707	24472.891846
24069.192707	24472.891846
24069.192829	24472.891968
24069.192829	24472.891968
24069.192829	24472.891968
24069.192829	24472.891968
24069.192951	24472.89209
24069.192951	24472.89209
24069.192951	24472.89209
24069.192951	24472.89209
24069.192951	24472.89209
24069.192951	24472.89209
24069.193073	24472.892212
24069.193073	24472.892212
24069.193073	24472.892212
24069.193073	24472.892212
24069.193196	24472.892334
24069.193196	24472.892334
24069.193196	24472.892334
24069.193196	24472.892334
24069.193196	24472.892334
24069.193196	24472.892334
24069.193196	24472.892334
24069.193196	24472.892334
24069.193196	24472.892334
24069.193318	24472.892456
24069.193318	24472.892456
24069.193318	24472.892456
24069.193318	24472.892456
24069.193318	24472.892456
24069.193318	24472.892456
24069.19344	24472.892578
24069.19344	24472.892578
24069.19344	24472.892578
24069.19344	24472.892578
24069.193562	24472.8927
24069.193562	24472.8927
24069.193562	24472.8927
24069.193562	24472.8927
24069.193562	24472.8927
24069.193562	24472.8927
24069.193562	24472.8927
24069.193562	24472.8927
24069.193684	24472.892822
24069.193684	24472.892822
24069.193684	24472.892822
24069.193684	24472.892822
24069.193684	24472.892822
24069.193684	24472.892822
24069.193684	24472.892822
24069.193806	24472.892944
24069.193806	24472.892944
24069.193806	24472.892944
24069.193806	24472.892944
24069.193806	24472.892944
24069.193806	24472.892944
24069.193806	24472.892944
24069.193806	24472.892944
24069.193928	24472.893066
24069.193928	24472.893066
24069.193928	24472.893066
24069.193928	24472.893066
24069.193928	24472.893066
24069.19405	24472.893188
24069.19405	24472.893188
24069.19405	24472.893188
24069.19405	24472.893188
24069.19405	24472.893188
24069.19405	24472.893188
24069.19405	24472.893188
24069.19405	24472.893188
24069.19405	24472.893188
24069.19405	24472.893188
24069.194172	24472.893311
24069.194172	24472.893311
24069.194172	24472.893311
24069.194172	24472.893311
24069.194172	24472.893311
24069.194172	24472.893311
24069.194172	24472.893311
24069.194294	24472.893433
24069.194294	24472.893433
24069.194294	24472.893433
24069.194416	24472.893555
24069.194416	24472.893555
24069.194416	24472.893555
24069.194416	24472.893555
24069.194538	24472.893677
24069.194538	24472.893677
24069.194538	24472.893677
24069.19466	24472.893799
24069.19466	24472.893799
24069.19466	24472.893799
24069.19466	24472.893799
24069.19466	24472.893799
24069.19466	24472.893799
24069.19466	24472.893799
24069.194782	24472.893921
24069.194782	24472.893921
24069.194904	24472.894043
24069.194904	24472.894043
24069.194904	24472.894043
24069.194904	24472.894043
24069.195026	24472.894165
24069.195026	24472.894165
24069.195026	24472.894165
24069.195026	24472.894165
24069.195026	24472.894165
24069.195026	24472.894165
24069.195026	24472.894165
24069.195026	24472.894165
24069.195149	24472.894287
24069.195271	24472.894409
24069.195271	24472.894409
24069.195271	24472.894409
24069.195393	24472.894531
24069.195393	24472.894531
24069.195393	24472.894531
24069.195393	24472.894531
24069.195393	24472.894531
24069.195393	24472.894531
24069.195393	24472.894531
24069.195393	24472.894531
24069.195393	24472.894531
24069.195515	24472.894653
24069.195515	24472.894653
24069.195515	24472.894653
24069.195515	24472.894653
24069.195637	24472.894775
24069.195637	24472.894775
24069.195637	24472.894775
24069.195637	24472.894775
24069.195637	24472.894775
24069.195637	24472.894775
24069.195759	24472.894897
24069.195759	24472.894897
24069.195759	24472.894897
24069.195759	24472.894897
24069.195759	24472.894897
24069.195759	24472.894897
24069.195881	24472.89502
24069.195881	24472.89502
24069.196003	24472.895142
24069.196003	24472.895142
24069.196003	24472.895142
24069.196003	24472.895142
24069.196003	24472.895142
24069.196125	24472.895264
24069.196125	24472.895264
24069.196125	24472.895264
24069.196247	24472.895386
24069.196247	24472.895386
24069.196247	24472.895386
24069.196247	24472.895386
24069.196247	24472.895386
24069.196369	24472.895508
24069.196369	24472.895508
24069.196369	24472.895508
24069.196369	24472.895508
24069.196369	24472.895508
24069.196369	24472.895508
24069.196491	24472.89563
24069.196491	24472.89563
24069.196491	24472.89563
24069.196491	24472.89563
24069.196491	24472.89563
24069.196491	24472.89563
24069.196491	24472.89563
24069.196491	24472.89563
24069.196613	24472.895752
24069.196613	24472.895752
24069.196613	24472.895752
24069.196613	24472.895752
24069.196613	24472.895752
24069.196613	24472.895752
24069.196735	24472.895874
24069.196735	24472.895874
24069.196735	24472.895874
24069.196735	24472.895874
24069.196735	24472.895874
24069.196735	24472.895874
24069.196735	24472.895874
24069.196857	24472.895996
24069.196857	24472.895996
24069.196857	24472.895996
24069.196857	24472.895996
24069.196857	24472.895996
24069.196857	24472.895996
24069.196857	24472.895996
24069.196857	24472.895996
24069.196979	24472.896118
24069.196979	24472.896118
24069.196979	24472.896118
24069.196979	24472.896118
24069.196979	24472.896118
24069.196979	24472.896118
24069.196979	24472.896118
24069.196979	24472.896118
24069.196979	24472.896118
24069.196979	24472.896118
24069.197101	24472.89624
24069.197101	24472.89624
24069.197224	24472.896362
24069.197224	24472.896362
24069.197224	24472.896362
24069.197224	24472.896362
24069.197224	24472.896362
24069.197224	24472.896362
24069.197346	24472.896484
24069.197346	24472.896484
24069.197346	24472.896484
24069.197346	24472.896484
24069.197346	24472.896484
24069.197346	24472.896484
24069.197346	24472.896484
24069.197346	24472.896484
24069.197346	24472.896484
24069.197468	24472.896606
24069.197468	24472.896606
24069.197468	24472.896606
24069.197468	24472.896606
24069.19759	24472.896729
24069.19759	24472.896729
24069.19759	24472.896729
24069.19759	24472.896729
24069.197712	24472.896851
24069.197712	24472.896851
24069.197712	24472.896851
24069.197712	24472.896851
24069.197712	24472.896851
24069.197712	24472.896851
24069.197712	24472.896851
24069.197712	24472.896851
24069.197712	24472.896851
24069.197834	24472.896973
24069.197834	24472.896973
24069.197834	24472.896973
24069.197834	24472.896973
24069.197834	24472.896973
24069.197834	24472.896973
24069.197956	24472.897095
24069.197956	24472.897095
24069.197956	24472.897095
24069.197956	24472.897095
24069.197956	24472.897095
24069.198078	24472.897217
24069.198078	24472.897217
24069.198078	24472.897217
24069.198078	24472.897217
24069.198078	24472.897217
24069.1982	24472.897339
24069.1982	24472.897339
24069.1982	24472.897339
24069.1982	24472.897339
24069.1982	24472.897339
24069.198322	24472.897461
24069.198322	24472.897461
24069.198322	24472.897461
24069.198322	24472.897461
24069.198322	24472.897461
24069.198322	24472.897461
24069.198322	24472.897461
24069.198322	24472.897461
24069.198322	24472.897461
24069.198444	24472.897583
24069.198444	24472.897583
24069.198444	24472.897583
24069.198444	24472.897583
24069.198444	24472.897583
24069.198566	24472.897705
24069.198566	24472.897705
24069.198566	24472.897705
24069.198566	24472.897705
24069.198566	24472.897705
24069.198566	24472.897705
24069.198688	24472.897827
24069.198688	24472.897827
24069.198688	24472.897827
24069.198688	24472.897827
24069.19881	24472.897949
24069.19881	24472.897949
24069.19881	24472.897949
24069.19881	24472.897949
24069.198932	24472.898071
24069.198932	24472.898071
24069.199054	24472.898193
24069.199054	24472.898193
24069.199177	24472.898315
24069.199177	24472.898315
24069.199177	24472.898315
24069.199299	24472.898438
24069.199299	24472.898438
24069.199299	24472.898438
24069.199299	24472.898438
24069.199299	24472.898438
24069.199299	24472.898438
24069.199421	24472.89856
24069.199421	24472.89856
24069.199543	24472.898682
24069.199543	24472.898682
24069.199543	24472.898682
24069.199543	24472.898682
24069.199543	24472.898682
24069.199665	24472.898804
24069.199665	24472.898804
24069.199665	24472.898804
24069.199665	24472.898804
24069.199787	24472.898926
24069.199787	24472.898926
24069.199787	24472.898926
24069.199787	24472.898926
24069.199909	24472.899048
24069.199909	24472.899048
24069.199909	24472.899048
24069.199909	24472.899048
24069.200031	24472.89917
24069.200031	24472.89917
24069.200031	24472.89917
24069.200153	24472.899292
24069.200153	24472.899292
24069.200153	24472.899292
24069.200153	24472.899292
24069.200275	24472.899414
24069.200275	24472.899414
24069.200397	24472.899536
24069.200397	24472.899536
24069.200397	24472.899536
24069.200397	24472.899536
24069.200397	24472.899536
24069.200519	24472.899658
24069.200519	24472.899658
24069.200519	24472.899658
24069.200519	24472.899658
24069.200641	24472.89978
24069.200641	24472.89978
24069.200641	24472.89978
24069.200641	24472.89978
24069.200763	24472.899902
24069.200885	24472.900024
24069.200885	24472.900024
24069.200885	24472.900024
24069.201007	24472.900146
24069.201007	24472.900146
24069.201007	24472.900146
24069.20113	24472.900269
24069.20113	24472.900269
24069.20113	24472.900269
24069.20113	24472.900269
24069.20113	24472.900269
24069.201252	24472.900391
24069.201252	24472.900391
24069.201374	24472.900513
24069.201496	24472.900635
24069.201496	24472.900635
24069.201496	24472.900635
24069.201496	24472.900635
24069.201496	24472.900635
24069.201618	24472.900757
24069.201618	24472.900757
24069.201618	24472.900757
24069.201618	24472.900757
24069.20174	24472.900879
24069.20174	24472.900879
24069.201862	24472.901001
24069.201984	24472.901123
24069.201984	24472.901123
24069.201984	24472.901123
24069.202106	24472.901245
24069.202228	24472.901367
24069.202228	24472.901367
24069.202228	24472.901367
24069.202228	24472.901367
24069.202228	24472.901367
24069.20235	24472.901489
24069.20235	24472.901489
24069.20235	24472.901489
24069.202472	24472.901611
24069.202472	24472.901611
24069.202472	24472.901611
24069.202472	24472.901611
24069.202716	24472.901855
24069.202716	24472.901855
24069.20296	24472.9021
24069.20296	24472.9021
24069.20296	24472.9021
24069.20296	24472.9021
24069.203082	24472.902222
24069.203082	24472.902222
24069.203205	24472.902344
24069.203205	24472.902344
24069.203205	24472.902344
24069.203327	24472.902466
24069.203327	24472.902466
24069.203327	24472.902466
24069.203449	24472.902588
24069.203449	24472.902588
24069.203571	24472.90271
24069.203693	24472.902832
24069.203693	24472.902832
24069.203693	24472.902832
24069.203693	24472.902832
24069.203693	24472.902832
24069.203815	24472.902954
24069.203815	24472.902954
24069.203937	24472.903076
24069.204181	24472.90332
24069.204303	24472.903442
24069.204303	24472.903442
24069.204425	24472.903564
24069.204425	24472.903564
24069.204425	24472.903564
24069.204547	24472.903687
24069.204547	24472.903687
24069.204669	24472.903809
24069.204791	24472.903931
24069.204791	24472.903931
24069.204791	24472.903931
24069.204791	24472.903931
24069.204913	24472.904053
24069.204913	24472.904053
24069.205035	24472.904175
24069.205035	24472.904175
24069.205035	24472.904175
24069.205035	24472.904175
24069.205158	24472.904297
24069.205158	24472.904297
24069.205158	24472.904297
24069.205158	24472.904297
24069.20528	24472.904419
24069.20528	24472.904419
24069.20528	24472.904419
24069.205402	24472.904541
24069.205524	24472.904663
24069.205524	24472.904663
24069.205646	24472.904785
24069.205646	24472.904785
24069.205646	24472.904785
24069.205768	24472.904907
24069.205768	24472.904907
24069.205768	24472.904907
24069.205768	24472.904907
24069.20589	24472.905029
24069.20589	24472.905029
24069.20589	24472.905029
24069.20589	24472.905029
24069.206012	24472.905151
24069.206012	24472.905151
24069.206012	24472.905151
24069.206134	24472.905273
24069.206256	24472.905396
24069.206256	24472.905396
24069.206256	24472.905396
24069.2065	24472.90564
24069.206622	24472.905762
24069.206622	24472.905762
24069.206622	24472.905762
24069.206866	24472.906006
24069.206866	24472.906006
24069.206866	24472.906006
24069.206988	24472.906128
24069.207111	24472.90625
24069.207233	24472.906372
24069.207233	24472.906372
24069.207233	24472.906372
24069.207355	24472.906494
24069.207477	24472.906616
24069.207477	24472.906616
24069.207599	24472.906738
24069.207599	24472.906738
24069.207599	24472.906738
24069.207599	24472.906738
24069.207599	24472.906738
24069.207843	24472.906982
24069.207843	24472.906982
24069.207965	24472.907104
24069.208087	24472.907227
24069.208209	24472.907349
24069.208209	24472.907349
24069.208209	24472.907349
24069.208209	24472.907349
24069.208331	24472.907471
24069.208453	24472.907593
24069.208453	24472.907593
24069.208575	24472.907715
24069.208575	24472.907715
24069.208575	24472.907715
24069.208697	24472.907837
24069.208697	24472.907837
24069.208941	24472.908081
24069.208941	24472.908081
24069.209063	24472.908203
24069.209063	24472.908203
24069.209063	24472.908203
24069.209063	24472.908203
24069.209186	24472.908325
24069.209308	24472.908447
24069.20943	24472.908569
24069.20943	24472.908569
24069.209552	24472.908691
24069.209552	24472.908691
24069.209674	24472.908813
24069.209674	24472.908813
24069.209674	24472.908813
24069.209796	24472.908936
24069.209796	24472.908936
24069.209796	24472.908936
24069.209918	24472.909058
24069.209918	24472.909058
24069.21004	24472.90918
24069.21004	24472.90918
24069.210162	24472.909302
24069.210162	24472.909302
24069.210284	24472.909424
24069.210406	24472.909546
24069.210406	24472.909546
24069.210528	24472.909668
24069.210528	24472.909668
24069.21065	24472.90979
24069.21065	24472.90979
24069.210772	24472.909912
24069.210894	24472.910034
24069.210894	24472.910034
24069.211139	24472.910278
24069.211139	24472.910278
24069.211261	24472.9104
24069.211261	24472.9104
24069.211261	24472.9104
24069.211261	24472.9104
24069.211261	24472.9104
24069.211383	24472.910522
24069.211383	24472.910522
24069.211505	24472.910645
24069.211505	24472.910645
24069.211505	24472.910645
24069.211627	24472.910767
24069.211749	24472.910889
24069.211749	24472.910889
24069.211993	24472.911133
24069.211993	24472.911133
24069.211993	24472.911133
24069.211993	24472.911133
24069.212115	24472.911255
24069.212115	24472.911255
24069.212115	24472.911255
24069.212237	24472.911377
24069.212237	24472.911377
24069.212237	24472.911377
24069.212359	24472.911499
24069.212481	24472.911621
24069.212603	24472.911743
24069.212603	24472.911743
24069.212725	24472.911865
24069.212725	24472.911865
24069.212969	24472.912109
24069.213091	24472.912231
24069.213091	24472.912231
24069.213091	24472.912231
24069.213336	24472.912476
24069.213336	24472.912476
24069.213336	24472.912476
24069.213336	24472.912476
24069.213336	24472.912476
24069.213336	24472.912476
24069.21358	24472.91272
24069.21358	24472.91272
24069.21358	24472.91272
24069.21358	24472.91272
24069.213702	24472.912842
24069.213702	24472.912842
24069.213824	24472.912964
24069.213946	24472.913086
24069.213946	24472.913086
24069.213946	24472.913086
24069.214068	24472.913208
24069.21419	24472.91333
24069.21419	24472.91333
24069.214556	24472.913696
24069.2148	24472.91394
24069.2148	24472.91394
24069.214922	24472.914063
24069.215044	24472.914185
24069.215044	24472.914185
24069.215167	24472.914307
24069.215289	24472.914429
24069.215289	24472.914429
24069.215289	24472.914429
24069.215289	24472.914429
24069.215411	24472.914551
24069.215655	24472.914795
24069.215655	24472.914795
24069.215899	24472.915039
24069.216021	24472.915161
24069.216143	24472.915283
24069.216143	24472.915283
24069.216631	24472.915771
24069.216753	24472.915894
24069.216753	24472.915894
24069.216753	24472.915894
24069.216875	24472.916016
24069.216875	24472.916016
24069.216997	24472.916138
24069.217119	24472.91626
24069.217364	24472.916504
24069.217608	24472.916748
24069.217608	24472.916748
24069.21773	24472.91687
24069.21773	24472.91687
24069.217852	24472.916992
24069.217852	24472.916992
24069.217852	24472.916992
24069.217852	24472.916992
24069.217974	24472.917114
24069.217974	24472.917114
24069.217974	24472.917114
24069.217974	24472.917114
24069.218096	24472.917236
24069.218096	24472.917236
24069.218096	24472.917236
24069.218218	24472.917358
24069.21834	24472.91748
24069.21834	24472.91748
24069.218462	24472.917603
24069.218462	24472.917603
24069.218462	24472.917603
24069.218584	24472.917725
24069.218706	24472.917847
24069.218706	24472.917847
24069.21895	24472.918091
24069.21895	24472.918091
24069.219072	24472.918213
24069.219072	24472.918213
24069.219195	24472.918335
24069.219195	24472.918335
24069.219195	24472.918335
24069.219195	24472.918335
24069.219317	24472.918457
24069.219317	24472.918457
24069.219439	24472.918579
24069.219561	24472.918701
24069.219561	24472.918701
24069.219683	24472.918823
24069.219805	24472.918945
24069.219927	24472.919067
24069.219927	24472.919067
24069.219927	24472.919067
24069.220049	24472.919189
24069.220049	24472.919189
24069.220171	24472.919312
24069.220171	24472.919312
24069.220171	24472.919312
24069.220415	24472.919556
24069.220415	24472.919556
24069.220415	24472.919556
24069.220537	24472.919678
24069.220537	24472.919678
24069.220537	24472.919678
24069.220659	24472.9198
24069.220659	24472.9198
24069.220781	24472.919922
24069.220781	24472.919922
24069.220781	24472.919922
24069.220903	24472.920044
24069.221025	24472.920166
24069.221025	24472.920166
24069.221147	24472.920288
24069.221147	24472.920288
24069.221147	24472.920288
24069.221147	24472.920288
24069.22127	24472.92041
24069.221514	24472.920654
24069.221636	24472.920776
24069.221758	24472.920898
24069.221758	24472.920898
24069.222002	24472.921143
24069.222002	24472.921143
24069.222124	24472.921265
24069.222124	24472.921265
24069.222124	24472.921265
24069.222246	24472.921387
24069.222246	24472.921387
24069.222368	24472.921509
24069.222368	24472.921509
24069.222368	24472.921509
24069.222368	24472.921509
24069.22249	24472.921631
24069.222612	24472.921753
24069.222856	24472.921997
24069.222978	24472.922119
24069.2231	24472.922241
24069.2231	24472.922241
24069.2231	24472.922241
24069.2231	24472.922241
24069.223223	24472.922363
24069.223223	24472.922363
24069.223345	24472.922485
24069.223345	24472.922485
24069.223345	24472.922485
24069.223467	24472.922607
24069.223467	24472.922607
24069.223589	24472.922729
24069.223589	24472.922729
24069.223711	24472.922852
24069.223711	24472.922852
24069.223833	24472.922974
24069.223833	24472.922974
24069.223955	24472.923096
24069.223955	24472.923096
24069.224077	24472.923218
24069.224077	24472.923218
24069.224199	24472.92334
24069.224321	24472.923462
24069.224321	24472.923462
24069.224321	24472.923462
24069.224443	24472.923584
24069.224443	24472.923584
24069.224565	24472.923706
24069.224565	24472.923706
24069.224565	24472.923706
24069.224809	24472.92395
24069.224809	24472.92395
24069.224931	24472.924072
24069.225053	24472.924194
24069.225053	24472.924194
24069.225298	24472.924438
24069.225298	24472.924438
24069.225298	24472.924438
24069.225298	24472.924438
24069.225298	24472.924438
24069.22542	24472.924561
24069.22542	24472.924561
24069.22542	24472.924561
24069.22542	24472.924561
24069.225542	24472.924683
24069.225542	24472.924683
24069.225664	24472.924805
24069.225664	24472.924805
24069.225786	24472.924927
24069.225786	24472.924927
24069.225908	24472.925049
24069.22603	24472.925171
24069.226152	24472.925293
24069.226152	24472.925293
24069.226152	24472.925293
24069.226396	24472.925537
24069.226396	24472.925537
24069.226518	24472.925659
24069.22664	24472.925781
24069.22664	24472.925781
24069.226762	24472.925903
24069.226762	24472.925903
24069.226884	24472.926025
24069.227006	24472.926147
24069.227006	24472.926147
24069.227128	24472.92627
24069.227251	24472.926392
24069.227373	24472.926514
24069.227495	24472.926636
24069.227617	24472.926758
24069.227739	24472.92688
24069.227739	24472.92688
24069.227861	24472.927002
24069.227861	24472.927002
24069.227861	24472.927002
24069.227861	24472.927002
24069.227983	24472.927124
24069.227983	24472.927124
24069.227983	24472.927124
24069.228227	24472.927368
24069.228349	24472.92749
24069.228349	24472.92749
24069.228471	24472.927612
24069.228715	24472.927856
24069.228715	24472.927856
24069.228837	24472.927979
24069.228837	24472.927979
24069.229204	24472.928345
24069.229204	24472.928345
24069.229204	24472.928345
24069.229448	24472.928589
24069.229814	24472.928955
24069.229814	24472.928955
24069.229814	24472.928955
24069.229814	24472.928955
24069.229936	24472.929077
24069.23018	24472.929321
24069.230302	24472.929443
24069.230302	24472.929443
24069.230302	24472.929443
24069.230424	24472.929565
24069.231034	24472.930176
24069.231034	24472.930176
24069.231034	24472.930176
24069.231523	24472.930664
24069.231645	24472.930786
24069.231889	24472.93103
24069.231889	24472.93103
24069.232011	24472.931152
24069.232133	24472.931274
24069.232255	24472.931396
24069.232377	24472.931519
24069.232743	24472.931885
24069.232865	24472.932007
24069.232865	24472.932007
24069.233109	24472.932251
24069.233232	24472.932373
24069.233354	24472.932495
24069.233598	24472.932739
24069.23372	24472.932861
24069.233842	24472.932983
24069.233964	24472.933105
24069.234086	24472.933228
24069.234208	24472.93335
24069.23433	24472.933472
24069.23433	24472.933472
24069.234452	24472.933594
24069.234574	24472.933716
24069.234696	24472.933838
24069.234818	24472.93396
24069.234818	24472.93396
24069.235185	24472.934326
24069.235185	24472.934326
24069.235307	24472.934448
24069.235429	24472.93457
24069.235429	24472.93457
24069.235551	24472.934692
24069.235551	24472.934692
24069.235673	24472.934814
24069.236283	24472.935425
24069.236405	24472.935547
24069.236405	24472.935547
24069.236527	24472.935669
24069.236771	24472.935913
24069.23726	24472.936401
24069.23726	24472.936401
24069.237382	24472.936523
24069.237382	24472.936523
24069.237382	24472.936523
24069.237626	24472.936768
24069.237748	24472.93689
24069.237748	24472.93689
24069.23787	24472.937012
24069.238114	24472.937256
24069.238114	24472.937256
24069.238236	24472.937378
24069.23848	24472.937622
24069.238968	24472.93811
24069.238968	24472.93811
24069.23909	24472.938232
24069.23909	24472.938232
24069.239213	24472.938354
24069.239457	24472.938599
24069.240189	24472.939331
24069.240189	24472.939331
24069.240311	24472.939453
24069.240799	24472.939941
24069.241288	24472.94043
24069.241288	24472.94043
24069.241532	24472.940674
24069.241776	24472.940918
24069.242264	24472.941406
24069.242386	24472.941528
24069.242874	24472.942017
24069.242996	24472.942139
24069.242996	24472.942139
24069.243118	24472.942261
24069.243729	24472.942871
24069.243729	24472.942871
24069.243729	24472.942871
24069.244095	24472.943237
24069.244461	24472.943604
24069.244827	24472.94397
24069.245438	24472.94458
24069.245682	24472.944824
24069.245682	24472.944824
24069.245804	24472.944946
24069.247024	24472.946167
24069.247146	24472.946289
24069.248855	24472.947998
24069.248977	24472.94812
24069.249222	24472.948364
24069.249588	24472.94873
24069.25032	24472.949463
24069.250564	24472.949707
24069.250808	24472.949951
24069.251174	24472.950317
24069.251541	24472.950684
24069.253127	24472.952271
24069.254104	24472.953247
24069.254592	24472.953735
24069.254836	24472.953979
24069.255447	24472.95459
24069.255691	24472.954834
24069.255935	24472.955078
24069.256057	24472.9552
24069.256179	24472.955322
24069.257155	24472.956299
24069.258132	24472.957275
24069.258864	24472.958008
24069.258986	24472.95813
24069.259353	24472.958496
24069.259475	24472.958618
24069.259475	24472.958618
24069.260817	24472.959961
24069.260939	24472.960083
24069.261794	24472.960938
24069.261794	24472.960938
24069.26216	24472.961304
24069.262526	24472.96167
24069.262526	24472.96167
24069.262892	24472.962036
24069.262892	24472.962036
24069.263503	24472.962646
24069.263625	24472.962769
24069.264235	24472.963379
24069.264845	24472.963989
24069.266554	24472.965698
24069.267164	24472.966309
24069.267287	24472.966431
24069.268385	24472.967529
24069.26924	24472.968384
24069.269484	24472.968628
24069.26985	24472.968994
24069.27046	24472.969604
24069.271192	24472.970337
24069.271559	24472.970703
24069.271681	24472.970825
24069.271803	24472.970947
24069.272535	24472.97168
24069.27339	24472.972534
24069.273878	24472.973022
24069.274488	24472.973633
24069.27461	24472.973755
24069.275953	24472.975098
24069.277662	24472.976807
