#ttrig = 90918480.3784
# time 	 unbarycentered time 
12915.957856	13320.596802
12915.965424	13320.60437
12915.977752	13320.616699
12915.978729	13320.617676
12915.978973	13320.61792
12915.980682	13320.619629
12915.981292	13320.620239
12915.981902	13320.62085
12915.982269	13320.621216
12915.982635	13320.621582
12915.982757	13320.621704
12915.982757	13320.621704
12915.985198	13320.624146
12915.985442	13320.62439
12915.987761	13320.626709
12915.990691	13320.629639
12915.990691	13320.629639
12915.991911	13320.630859
12915.993376	13320.632324
12915.994963	13320.633911
12915.996184	13320.635132
12915.996428	13320.635376
12916.001799	13320.640747
12916.002653	13320.641602
12916.003263	13320.642212
12916.00363	13320.642578
12916.00363	13320.642578
12916.004118	13320.643066
12916.004484	13320.643433
12916.005338	13320.644287
12916.006437	13320.645386
12916.00778	13320.646729
12916.008146	13320.647095
12916.008634	13320.647583
12916.008634	13320.647583
12916.010587	13320.649536
12916.014981	13320.653931
12916.015103	13320.654053
12916.01547	13320.654419
12916.01547	13320.654419
12916.015592	13320.654541
12916.01608	13320.655029
12916.016812	13320.655762
12916.017056	13320.656006
12916.017301	13320.65625
12916.017789	13320.656738
12916.018521	13320.657471
12916.018887	13320.657837
12916.01962	13320.658569
12916.019864	13320.658813
12916.021451	13320.6604
12916.022183	13320.661133
12916.022183	13320.661133
12916.022305	13320.661255
12916.022305	13320.661255
12916.023404	13320.662354
12916.024746	13320.663696
12916.025601	13320.664551
12916.025967	13320.664917
12916.025967	13320.664917
12916.027676	13320.666626
12916.029507	13320.668457
12916.030117	13320.669067
12916.030605	13320.669556
12916.030727	13320.669678
12916.031582	13320.670532
12916.031826	13320.670776
12916.032925	13320.671875
12916.032925	13320.671875
12916.034145	13320.673096
12916.034267	13320.673218
12916.034267	13320.673218
12916.034878	13320.673828
12916.035122	13320.674072
12916.035488	13320.674438
12916.035732	13320.674683
12916.036587	13320.675537
12916.036831	13320.675781
12916.037075	13320.676025
12916.037685	13320.676636
12916.038906	13320.677856
12916.039028	13320.677979
12916.040493	13320.679443
12916.040615	13320.679565
12916.046596	13320.685547
12916.047084	13320.686035
12916.050502	13320.689453
12916.050746	13320.689697
12916.051722	13320.690674
12916.051844	13320.690796
12916.052211	13320.691162
12916.054164	13320.693115
12916.055262	13320.694214
12916.056849	13320.695801
12916.056849	13320.695801
12916.059901	13320.698853
12916.060145	13320.699097
12916.061487	13320.700439
12916.061976	13320.700928
12916.062708	13320.70166
12916.062952	13320.701904
12916.063807	13320.702759
12916.063929	13320.702881
12916.064295	13320.703247
12916.064539	13320.703491
12916.066248	13320.7052
12916.06637	13320.705322
12916.068689	13320.707642
12916.069177	13320.70813
12916.071374	13320.710327
12916.073327	13320.71228
12916.073694	13320.712646
12916.074304	13320.713257
12916.075403	13320.714355
12916.075525	13320.714478
12916.075891	13320.714844
12916.076135	13320.715088
12916.076623	13320.715576
12916.078332	13320.717285
12916.080773	13320.719727
12916.080773	13320.719727
12916.083092	13320.722046
12916.084557	13320.723511
12916.084557	13320.723511
12916.084923	13320.723877
12916.084923	13320.723877
12916.084923	13320.723877
12916.085412	13320.724365
12916.086388	13320.725342
12916.086632	13320.725586
12916.087365	13320.726318
12916.087853	13320.726807
12916.088341	13320.727295
12916.089074	13320.728027
12916.089318	13320.728271
12916.089684	13320.728638
12916.089806	13320.72876
12916.090294	13320.729248
12916.091149	13320.730103
12916.092003	13320.730957
12916.094933	13320.733887
12916.095177	13320.734131
12916.095543	13320.734497
12916.095665	13320.734619
12916.096153	13320.735107
12916.096397	13320.735352
12916.097008	13320.735962
12916.101524	13320.740479
12916.103111	13320.742065
12916.103721	13320.742676
12916.104087	13320.743042
12916.104453	13320.743408
12916.10543	13320.744385
12916.105796	13320.744751
12916.106895	13320.74585
12916.107139	13320.746094
12916.107383	13320.746338
12916.107993	13320.746948
12916.108482	13320.747437
12916.109092	13320.748047
12916.109092	13320.748047
12916.109946	13320.748901
12916.11019	13320.749146
12916.111289	13320.750244
12916.111655	13320.75061
12916.115683	13320.754639
12916.116904	13320.755859
12916.116904	13320.755859
12916.118125	13320.75708
12916.118979	13320.757935
12916.119955	13320.758911
12916.121298	13320.760254
12916.12142	13320.760376
12916.122275	13320.76123
12916.122641	13320.761597
12916.124228	13320.763184
12916.12435	13320.763306
12916.124838	13320.763794
12916.125082	13320.764038
12916.125448	13320.764404
12916.125448	13320.764404
12916.126181	13320.765137
12916.126303	13320.765259
12916.126425	13320.765381
12916.127279	13320.766235
12916.127279	13320.766235
12916.128866	13320.767822
12916.129354	13320.768311
12916.130331	13320.769287
12916.130453	13320.769409
12916.132772	13320.771729
12916.133016	13320.771973
12916.133749	13320.772705
12916.133871	13320.772827
12916.134847	13320.773804
12916.136312	13320.775269
12916.138631	13320.777588
12916.140218	13320.779175
12916.14864	13320.787598
12916.149983	13320.78894
12916.156452	13320.79541
12916.157185	13320.796143
12916.158894	13320.797852
12916.160358	13320.799316
12916.160847	13320.799805
12916.16341	13320.802368
12916.163654	13320.802612
12916.167804	13320.806763
12916.169391	13320.80835
12916.169757	13320.808716
12916.171222	13320.810181
12916.172931	13320.81189
12916.177813	13320.816772
12916.180865	13320.819824
12916.181597	13320.820557
12916.183794	13320.822754
12916.184283	13320.823242
12916.196245	13320.835205
12916.198198	13320.837158
12916.203202	13320.842163
12916.204423	13320.843384
12916.204911	13320.843872
12916.205033	13320.843994
12916.208207	13320.847168
12916.208695	13320.847656
12916.21016	13320.849121
12916.211503	13320.850464
12916.213578	13320.852539
12916.214066	13320.853027
12916.219071	13320.858032
12916.219925	13320.858887
12916.220291	13320.859253
12916.220413	13320.859375
12916.222366	13320.861328
12916.228469	13320.867432
12916.229568	13320.86853
12916.231521	13320.870483
12916.231887	13320.87085
12916.23738	13320.876343
12916.239333	13320.878296
12916.241408	13320.880371
12916.241896	13320.880859
12916.242385	13320.881348
12916.244093	13320.883057
12916.245558	13320.884521
12916.246657	13320.88562
12916.256544	13320.895508
12916.258497	13320.897461
12916.281323	13320.920288
12916.285595	13320.924561
