#ttrig = 90890757.3784
# time 	 unbarycentered time 
22569.454016	22973.063477
22569.454626	22973.064087
22569.454626	22973.064087
22569.454993	22973.064453
22569.455725	22973.065186
22569.455969	22973.06543
22569.456579	22973.06604
22569.456579	22973.06604
22569.458532	22973.067993
22569.459143	22973.068604
22569.461096	22973.070557
22569.461096	22973.070557
22569.461218	22973.070679
22569.461584	22973.071045
22569.46195	22973.071411
22569.462072	22973.071533
22569.462805	22973.072266
22569.463781	22973.073242
22569.464147	22973.073608
22569.464147	22973.073608
22569.464758	22973.074219
22569.46488	22973.074341
22569.46488	22973.074341
22569.465368	22973.074829
22569.46549	22973.074951
22569.465734	22973.075195
22569.467565	22973.077026
22569.468176	22973.077637
22569.468176	22973.077637
22569.468298	22973.077759
22569.46842	22973.077881
22569.468542	22973.078003
22569.469274	22973.078735
22569.469518	22973.078979
22569.469762	22973.079224
22569.470251	22973.079712
22569.470373	22973.079834
22569.470495	22973.079956
22569.470495	22973.079956
22569.470617	22973.080078
22569.470861	22973.080322
22569.470861	22973.080322
22569.470861	22973.080322
22569.471349	22973.080811
22569.471349	22973.080811
22569.471349	22973.080811
22569.471471	22973.080933
22569.471471	22973.080933
22569.471471	22973.080933
22569.471593	22973.081055
22569.471716	22973.081177
22569.471716	22973.081177
22569.471716	22973.081177
22569.471716	22973.081177
22569.471716	22973.081177
22569.471838	22973.081299
22569.471838	22973.081299
22569.471838	22973.081299
22569.471838	22973.081299
22569.47196	22973.081421
22569.47196	22973.081421
22569.472082	22973.081543
22569.472082	22973.081543
22569.472204	22973.081665
22569.472204	22973.081665
22569.472326	22973.081787
22569.472326	22973.081787
22569.472326	22973.081787
22569.472326	22973.081787
22569.472326	22973.081787
22569.472326	22973.081787
22569.472448	22973.081909
22569.472448	22973.081909
22569.472448	22973.081909
22569.472448	22973.081909
22569.472448	22973.081909
22569.472448	22973.081909
22569.47257	22973.082031
22569.47257	22973.082031
22569.47257	22973.082031
22569.472692	22973.082153
22569.472692	22973.082153
22569.472692	22973.082153
22569.472692	22973.082153
22569.472692	22973.082153
22569.472692	22973.082153
22569.472692	22973.082153
22569.472692	22973.082153
22569.472692	22973.082153
22569.472814	22973.082275
22569.472814	22973.082275
22569.472814	22973.082275
22569.472814	22973.082275
22569.472814	22973.082275
22569.472936	22973.082397
22569.472936	22973.082397
22569.472936	22973.082397
22569.472936	22973.082397
22569.472936	22973.082397
22569.472936	22973.082397
22569.473058	22973.08252
22569.473058	22973.08252
22569.473058	22973.08252
22569.473058	22973.08252
22569.473058	22973.08252
22569.473058	22973.08252
22569.473058	22973.08252
22569.473058	22973.08252
22569.47318	22973.082642
22569.47318	22973.082642
22569.47318	22973.082642
22569.47318	22973.082642
22569.47318	22973.082642
22569.47318	22973.082642
22569.473302	22973.082764
22569.473302	22973.082764
22569.473302	22973.082764
22569.473302	22973.082764
22569.473302	22973.082764
22569.473424	22973.082886
22569.473424	22973.082886
22569.473424	22973.082886
22569.473546	22973.083008
22569.473546	22973.083008
22569.473546	22973.083008
22569.473546	22973.083008
22569.473546	22973.083008
22569.473546	22973.083008
22569.473546	22973.083008
22569.473546	22973.083008
22569.473546	22973.083008
22569.473669	22973.08313
22569.473669	22973.08313
22569.473669	22973.08313
22569.473669	22973.08313
22569.473791	22973.083252
22569.473791	22973.083252
22569.473791	22973.083252
22569.473913	22973.083374
22569.473913	22973.083374
22569.473913	22973.083374
22569.473913	22973.083374
22569.473913	22973.083374
22569.473913	22973.083374
22569.474035	22973.083496
22569.474035	22973.083496
22569.474035	22973.083496
22569.474157	22973.083618
22569.474157	22973.083618
22569.474157	22973.083618
22569.474157	22973.083618
22569.474157	22973.083618
22569.474157	22973.083618
22569.474157	22973.083618
22569.474157	22973.083618
22569.474279	22973.08374
22569.474279	22973.08374
22569.474279	22973.08374
22569.474279	22973.08374
22569.474279	22973.08374
22569.474279	22973.08374
22569.474401	22973.083862
22569.474401	22973.083862
22569.474401	22973.083862
22569.474401	22973.083862
22569.474523	22973.083984
22569.474523	22973.083984
22569.474523	22973.083984
22569.474523	22973.083984
22569.474523	22973.083984
22569.474523	22973.083984
22569.474523	22973.083984
22569.474523	22973.083984
22569.474523	22973.083984
22569.474645	22973.084106
22569.474645	22973.084106
22569.474767	22973.084229
22569.474767	22973.084229
22569.474767	22973.084229
22569.474767	22973.084229
22569.474889	22973.084351
22569.474889	22973.084351
22569.474889	22973.084351
22569.474889	22973.084351
22569.475011	22973.084473
22569.475011	22973.084473
22569.475011	22973.084473
22569.475011	22973.084473
22569.475133	22973.084595
22569.475133	22973.084595
22569.475133	22973.084595
22569.475133	22973.084595
22569.475133	22973.084595
22569.475255	22973.084717
22569.475255	22973.084717
22569.475255	22973.084717
22569.475255	22973.084717
22569.475255	22973.084717
22569.475255	22973.084717
22569.475255	22973.084717
22569.475377	22973.084839
22569.475377	22973.084839
22569.475377	22973.084839
22569.475377	22973.084839
22569.475377	22973.084839
22569.4755	22973.084961
22569.4755	22973.084961
22569.4755	22973.084961
22569.4755	22973.084961
22569.475622	22973.085083
22569.475622	22973.085083
22569.475622	22973.085083
22569.475622	22973.085083
22569.475622	22973.085083
22569.475744	22973.085205
22569.475744	22973.085205
22569.475744	22973.085205
22569.475744	22973.085205
22569.475744	22973.085205
22569.475744	22973.085205
22569.475744	22973.085205
22569.475866	22973.085327
22569.475866	22973.085327
22569.475866	22973.085327
22569.475866	22973.085327
22569.475866	22973.085327
22569.475866	22973.085327
22569.475988	22973.085449
22569.475988	22973.085449
22569.475988	22973.085449
22569.475988	22973.085449
22569.475988	22973.085449
22569.475988	22973.085449
22569.47611	22973.085571
22569.47611	22973.085571
22569.47611	22973.085571
22569.47611	22973.085571
22569.47611	22973.085571
22569.47611	22973.085571
22569.476232	22973.085693
22569.476232	22973.085693
22569.476232	22973.085693
22569.476232	22973.085693
22569.476354	22973.085815
22569.476354	22973.085815
22569.476354	22973.085815
22569.476476	22973.085938
22569.476476	22973.085938
22569.476476	22973.085938
22569.476598	22973.08606
22569.476598	22973.08606
22569.476598	22973.08606
22569.476842	22973.086304
22569.476842	22973.086304
22569.476964	22973.086426
22569.476964	22973.086426
22569.476964	22973.086426
22569.476964	22973.086426
22569.476964	22973.086426
22569.476964	22973.086426
22569.477086	22973.086548
22569.477086	22973.086548
22569.477208	22973.08667
22569.477208	22973.08667
22569.477208	22973.08667
22569.477208	22973.08667
22569.477208	22973.08667
22569.477331	22973.086792
22569.477331	22973.086792
22569.477331	22973.086792
22569.477331	22973.086792
22569.477331	22973.086792
22569.477453	22973.086914
22569.477453	22973.086914
22569.477453	22973.086914
22569.477575	22973.087036
22569.477575	22973.087036
22569.477575	22973.087036
22569.477575	22973.087036
22569.477575	22973.087036
22569.477697	22973.087158
22569.477697	22973.087158
22569.477697	22973.087158
22569.477697	22973.087158
22569.477697	22973.087158
22569.477819	22973.08728
22569.477819	22973.08728
22569.477819	22973.08728
22569.477941	22973.087402
22569.477941	22973.087402
22569.477941	22973.087402
22569.477941	22973.087402
22569.477941	22973.087402
22569.477941	22973.087402
22569.478063	22973.087524
22569.478063	22973.087524
22569.478063	22973.087524
22569.478185	22973.087646
22569.478185	22973.087646
22569.478185	22973.087646
22569.478185	22973.087646
22569.478185	22973.087646
22569.478185	22973.087646
22569.478185	22973.087646
22569.478185	22973.087646
22569.478307	22973.087769
22569.478307	22973.087769
22569.478429	22973.087891
22569.478429	22973.087891
22569.478429	22973.087891
22569.478429	22973.087891
22569.478429	22973.087891
22569.478551	22973.088013
22569.478673	22973.088135
22569.478673	22973.088135
22569.478673	22973.088135
22569.478673	22973.088135
22569.478673	22973.088135
22569.478795	22973.088257
22569.478795	22973.088257
22569.478795	22973.088257
22569.478917	22973.088379
22569.478917	22973.088379
22569.479039	22973.088501
22569.479039	22973.088501
22569.479039	22973.088501
22569.479161	22973.088623
22569.479161	22973.088623
22569.479161	22973.088623
22569.479161	22973.088623
22569.479284	22973.088745
22569.479406	22973.088867
22569.479406	22973.088867
22569.479528	22973.088989
22569.479528	22973.088989
22569.479528	22973.088989
22569.479528	22973.088989
22569.479528	22973.088989
22569.479528	22973.088989
22569.47965	22973.089111
22569.47965	22973.089111
22569.47965	22973.089111
22569.47965	22973.089111
22569.479772	22973.089233
22569.479894	22973.089355
22569.480016	22973.089478
22569.480016	22973.089478
22569.480016	22973.089478
22569.480016	22973.089478
22569.480138	22973.0896
22569.480138	22973.0896
22569.480138	22973.0896
22569.48026	22973.089722
22569.48026	22973.089722
22569.48026	22973.089722
22569.480382	22973.089844
22569.480382	22973.089844
22569.480504	22973.089966
22569.480504	22973.089966
22569.480504	22973.089966
22569.480504	22973.089966
22569.480504	22973.089966
22569.480504	22973.089966
22569.480626	22973.090088
22569.480626	22973.090088
22569.480626	22973.090088
22569.480748	22973.09021
22569.480748	22973.09021
22569.480748	22973.09021
22569.48087	22973.090332
22569.48087	22973.090332
22569.48087	22973.090332
22569.480992	22973.090454
22569.481115	22973.090576
22569.481237	22973.090698
22569.481237	22973.090698
22569.481237	22973.090698
22569.481237	22973.090698
22569.481237	22973.090698
22569.481359	22973.09082
22569.481359	22973.09082
22569.481359	22973.09082
22569.481481	22973.090942
22569.481481	22973.090942
22569.481481	22973.090942
22569.481481	22973.090942
22569.481603	22973.091064
22569.481603	22973.091064
22569.481725	22973.091187
22569.481725	22973.091187
22569.481725	22973.091187
22569.481725	22973.091187
22569.481725	22973.091187
22569.481725	22973.091187
22569.481847	22973.091309
22569.481847	22973.091309
22569.481847	22973.091309
22569.481969	22973.091431
22569.481969	22973.091431
22569.481969	22973.091431
22569.481969	22973.091431
22569.481969	22973.091431
22569.481969	22973.091431
22569.481969	22973.091431
22569.482091	22973.091553
22569.482091	22973.091553
22569.482091	22973.091553
22569.482091	22973.091553
22569.482091	22973.091553
22569.482213	22973.091675
22569.482213	22973.091675
22569.482335	22973.091797
22569.482335	22973.091797
22569.482335	22973.091797
22569.482335	22973.091797
22569.482457	22973.091919
22569.482457	22973.091919
22569.482457	22973.091919
22569.482579	22973.092041
22569.482579	22973.092041
22569.482579	22973.092041
22569.482579	22973.092041
22569.482701	22973.092163
22569.482701	22973.092163
22569.482701	22973.092163
22569.482701	22973.092163
22569.482823	22973.092285
22569.482823	22973.092285
22569.482823	22973.092285
22569.482946	22973.092407
22569.482946	22973.092407
22569.482946	22973.092407
22569.482946	22973.092407
22569.483068	22973.092529
22569.483068	22973.092529
22569.483068	22973.092529
22569.483068	22973.092529
22569.48319	22973.092651
22569.48319	22973.092651
22569.483312	22973.092773
22569.483312	22973.092773
22569.483312	22973.092773
22569.483312	22973.092773
22569.483312	22973.092773
22569.483434	22973.092896
22569.483434	22973.092896
22569.483434	22973.092896
22569.483434	22973.092896
22569.483556	22973.093018
22569.483556	22973.093018
22569.483556	22973.093018
22569.483556	22973.093018
22569.483556	22973.093018
22569.483556	22973.093018
22569.483556	22973.093018
22569.483556	22973.093018
22569.483678	22973.09314
22569.483678	22973.09314
22569.483678	22973.09314
22569.483678	22973.09314
22569.483678	22973.09314
22569.483678	22973.09314
22569.483678	22973.09314
22569.4838	22973.093262
22569.4838	22973.093262
22569.4838	22973.093262
22569.4838	22973.093262
22569.4838	22973.093262
22569.4838	22973.093262
22569.4838	22973.093262
22569.4838	22973.093262
22569.483922	22973.093384
22569.483922	22973.093384
22569.483922	22973.093384
22569.483922	22973.093384
22569.483922	22973.093384
22569.484044	22973.093506
22569.484044	22973.093506
22569.484044	22973.093506
22569.484166	22973.093628
22569.484166	22973.093628
22569.484166	22973.093628
22569.484166	22973.093628
22569.484166	22973.093628
22569.484166	22973.093628
22569.484288	22973.09375
22569.484288	22973.09375
22569.484288	22973.09375
22569.484288	22973.09375
22569.484288	22973.09375
22569.48441	22973.093872
22569.48441	22973.093872
22569.48441	22973.093872
22569.48441	22973.093872
22569.48441	22973.093872
22569.484532	22973.093994
22569.484532	22973.093994
22569.484532	22973.093994
22569.484654	22973.094116
22569.484654	22973.094116
22569.484654	22973.094116
22569.484777	22973.094238
22569.484777	22973.094238
22569.484777	22973.094238
22569.484777	22973.094238
22569.484777	22973.094238
22569.484777	22973.094238
22569.484777	22973.094238
22569.484777	22973.094238
22569.484899	22973.09436
22569.484899	22973.09436
22569.484899	22973.09436
22569.484899	22973.09436
22569.484899	22973.09436
22569.484899	22973.09436
22569.485021	22973.094482
22569.485021	22973.094482
22569.485021	22973.094482
22569.485021	22973.094482
22569.485021	22973.094482
22569.485143	22973.094604
22569.485143	22973.094604
22569.485143	22973.094604
22569.485143	22973.094604
22569.485143	22973.094604
22569.485143	22973.094604
22569.485143	22973.094604
22569.485143	22973.094604
22569.485143	22973.094604
22569.485143	22973.094604
22569.485143	22973.094604
22569.485143	22973.094604
22569.485143	22973.094604
22569.485143	22973.094604
22569.485265	22973.094727
22569.485265	22973.094727
22569.485265	22973.094727
22569.485265	22973.094727
22569.485265	22973.094727
22569.485387	22973.094849
22569.485387	22973.094849
22569.485387	22973.094849
22569.485387	22973.094849
22569.485387	22973.094849
22569.485387	22973.094849
22569.485509	22973.094971
22569.485509	22973.094971
22569.485509	22973.094971
22569.485631	22973.095093
22569.485631	22973.095093
22569.485631	22973.095093
22569.485753	22973.095215
22569.485753	22973.095215
22569.485753	22973.095215
22569.485875	22973.095337
22569.485875	22973.095337
22569.485875	22973.095337
22569.485997	22973.095459
22569.485997	22973.095459
22569.485997	22973.095459
22569.485997	22973.095459
22569.486119	22973.095581
22569.486119	22973.095581
22569.486119	22973.095581
22569.486119	22973.095581
22569.486241	22973.095703
22569.486241	22973.095703
22569.486241	22973.095703
22569.486363	22973.095825
22569.486363	22973.095825
22569.486363	22973.095825
22569.486363	22973.095825
22569.486363	22973.095825
22569.486363	22973.095825
22569.486363	22973.095825
22569.486363	22973.095825
22569.486485	22973.095947
22569.486485	22973.095947
22569.486485	22973.095947
22569.486485	22973.095947
22569.486607	22973.096069
22569.486607	22973.096069
22569.486607	22973.096069
22569.486607	22973.096069
22569.486607	22973.096069
22569.486607	22973.096069
22569.486607	22973.096069
22569.48673	22973.096191
22569.48673	22973.096191
22569.48673	22973.096191
22569.48673	22973.096191
22569.48673	22973.096191
22569.48673	22973.096191
22569.48673	22973.096191
22569.486852	22973.096313
22569.486852	22973.096313
22569.486852	22973.096313
22569.486852	22973.096313
22569.486974	22973.096436
22569.486974	22973.096436
22569.486974	22973.096436
22569.486974	22973.096436
22569.486974	22973.096436
22569.486974	22973.096436
22569.486974	22973.096436
22569.487096	22973.096558
22569.487096	22973.096558
22569.487218	22973.09668
22569.487218	22973.09668
22569.487218	22973.09668
22569.487218	22973.09668
22569.487218	22973.09668
22569.487218	22973.09668
22569.48734	22973.096802
22569.48734	22973.096802
22569.48734	22973.096802
22569.48734	22973.096802
22569.48734	22973.096802
22569.487462	22973.096924
22569.487462	22973.096924
22569.487462	22973.096924
22569.487462	22973.096924
22569.487462	22973.096924
22569.487584	22973.097046
22569.487584	22973.097046
22569.487584	22973.097046
22569.487584	22973.097046
22569.487584	22973.097046
22569.487706	22973.097168
22569.487706	22973.097168
22569.487706	22973.097168
22569.487706	22973.097168
22569.487706	22973.097168
22569.487828	22973.09729
22569.487828	22973.09729
22569.487828	22973.09729
22569.487828	22973.09729
22569.487828	22973.09729
22569.487828	22973.09729
22569.48795	22973.097412
22569.48795	22973.097412
22569.48795	22973.097412
22569.48795	22973.097412
22569.488072	22973.097534
22569.488072	22973.097534
22569.488194	22973.097656
22569.488194	22973.097656
22569.488194	22973.097656
22569.488194	22973.097656
22569.488194	22973.097656
22569.488316	22973.097778
22569.488316	22973.097778
22569.488316	22973.097778
22569.488316	22973.097778
22569.488316	22973.097778
22569.488316	22973.097778
22569.488316	22973.097778
22569.488316	22973.097778
22569.488316	22973.097778
22569.488316	22973.097778
22569.488438	22973.0979
22569.488438	22973.0979
22569.488438	22973.0979
22569.488438	22973.0979
22569.488438	22973.0979
22569.488561	22973.098022
22569.488561	22973.098022
22569.488561	22973.098022
22569.488561	22973.098022
22569.488561	22973.098022
22569.488561	22973.098022
22569.488561	22973.098022
22569.488683	22973.098145
22569.488683	22973.098145
22569.488683	22973.098145
22569.488683	22973.098145
22569.488683	22973.098145
22569.488683	22973.098145
22569.488805	22973.098267
22569.488805	22973.098267
22569.488805	22973.098267
22569.488805	22973.098267
22569.488805	22973.098267
22569.488805	22973.098267
22569.488805	22973.098267
22569.488805	22973.098267
22569.488927	22973.098389
22569.488927	22973.098389
22569.488927	22973.098389
22569.488927	22973.098389
22569.488927	22973.098389
22569.489049	22973.098511
22569.489049	22973.098511
22569.489049	22973.098511
22569.489049	22973.098511
22569.489171	22973.098633
22569.489171	22973.098633
22569.489171	22973.098633
22569.489171	22973.098633
22569.489171	22973.098633
22569.489293	22973.098755
22569.489293	22973.098755
22569.489293	22973.098755
22569.489293	22973.098755
22569.489415	22973.098877
22569.489415	22973.098877
22569.489415	22973.098877
22569.489537	22973.098999
22569.489537	22973.098999
22569.489537	22973.098999
22569.489537	22973.098999
22569.489537	22973.098999
22569.489537	22973.098999
22569.489659	22973.099121
22569.489659	22973.099121
22569.489659	22973.099121
22569.489659	22973.099121
22569.489659	22973.099121
22569.489781	22973.099243
22569.489781	22973.099243
22569.489781	22973.099243
22569.489781	22973.099243
22569.489781	22973.099243
22569.489781	22973.099243
22569.489781	22973.099243
22569.489781	22973.099243
22569.489781	22973.099243
22569.489781	22973.099243
22569.489903	22973.099365
22569.489903	22973.099365
22569.489903	22973.099365
22569.490025	22973.099487
22569.490025	22973.099487
22569.490025	22973.099487
22569.490025	22973.099487
22569.490025	22973.099487
22569.490025	22973.099487
22569.490147	22973.099609
22569.490147	22973.099609
22569.490147	22973.099609
22569.490147	22973.099609
22569.490147	22973.099609
22569.490147	22973.099609
22569.490269	22973.099731
22569.490269	22973.099731
22569.490269	22973.099731
22569.490269	22973.099731
22569.490391	22973.099854
22569.490391	22973.099854
22569.490391	22973.099854
22569.490391	22973.099854
22569.490391	22973.099854
22569.490391	22973.099854
22569.490391	22973.099854
22569.490514	22973.099976
22569.490514	22973.099976
22569.490514	22973.099976
22569.490514	22973.099976
22569.490514	22973.099976
22569.490514	22973.099976
22569.490514	22973.099976
22569.490514	22973.099976
22569.490636	22973.100098
22569.490636	22973.100098
22569.490636	22973.100098
22569.490636	22973.100098
22569.490758	22973.10022
22569.490758	22973.10022
22569.490758	22973.10022
22569.490758	22973.10022
22569.490758	22973.10022
22569.49088	22973.100342
22569.49088	22973.100342
22569.49088	22973.100342
22569.491002	22973.100464
22569.491002	22973.100464
22569.491002	22973.100464
22569.491002	22973.100464
22569.491002	22973.100464
22569.491002	22973.100464
22569.491002	22973.100464
22569.491124	22973.100586
22569.491124	22973.100586
22569.491124	22973.100586
22569.491124	22973.100586
22569.491124	22973.100586
22569.491246	22973.100708
22569.491246	22973.100708
22569.491246	22973.100708
22569.491246	22973.100708
22569.491246	22973.100708
22569.491246	22973.100708
22569.491246	22973.100708
22569.491368	22973.10083
22569.491368	22973.10083
22569.491368	22973.10083
22569.491368	22973.10083
22569.491368	22973.10083
22569.49149	22973.100952
22569.49149	22973.100952
22569.49149	22973.100952
22569.49149	22973.100952
22569.49149	22973.100952
22569.491612	22973.101074
22569.491612	22973.101074
22569.491612	22973.101074
22569.491612	22973.101074
22569.491612	22973.101074
22569.491612	22973.101074
22569.491734	22973.101196
22569.491734	22973.101196
22569.491734	22973.101196
22569.491734	22973.101196
22569.491856	22973.101318
22569.491856	22973.101318
22569.491856	22973.101318
22569.491856	22973.101318
22569.491856	22973.101318
22569.491978	22973.10144
22569.491978	22973.10144
22569.491978	22973.10144
22569.491978	22973.10144
22569.491978	22973.10144
22569.491978	22973.10144
22569.4921	22973.101563
22569.4921	22973.101563
22569.4921	22973.101563
22569.4921	22973.101563
22569.4921	22973.101563
22569.492222	22973.101685
22569.492222	22973.101685
22569.492222	22973.101685
22569.492345	22973.101807
22569.492345	22973.101807
22569.492345	22973.101807
22569.492345	22973.101807
22569.492345	22973.101807
22569.492345	22973.101807
22569.492467	22973.101929
22569.492467	22973.101929
22569.492467	22973.101929
22569.492467	22973.101929
22569.492589	22973.102051
22569.492589	22973.102051
22569.492589	22973.102051
22569.492711	22973.102173
22569.492711	22973.102173
22569.492711	22973.102173
22569.492711	22973.102173
22569.492711	22973.102173
22569.492711	22973.102173
22569.492711	22973.102173
22569.492711	22973.102173
22569.492833	22973.102295
22569.492833	22973.102295
22569.492833	22973.102295
22569.492833	22973.102295
22569.492833	22973.102295
22569.492833	22973.102295
22569.492955	22973.102417
22569.492955	22973.102417
22569.492955	22973.102417
22569.492955	22973.102417
22569.492955	22973.102417
22569.492955	22973.102417
22569.493077	22973.102539
22569.493077	22973.102539
22569.493077	22973.102539
22569.493199	22973.102661
22569.493199	22973.102661
22569.493321	22973.102783
22569.493321	22973.102783
22569.493321	22973.102783
22569.493321	22973.102783
22569.493443	22973.102905
22569.493443	22973.102905
22569.493443	22973.102905
22569.493443	22973.102905
22569.493443	22973.102905
22569.493443	22973.102905
22569.493565	22973.103027
22569.493565	22973.103027
22569.493565	22973.103027
22569.493565	22973.103027
22569.493565	22973.103027
22569.493565	22973.103027
22569.493687	22973.103149
22569.493687	22973.103149
22569.493687	22973.103149
22569.493687	22973.103149
22569.493809	22973.103271
22569.493809	22973.103271
22569.493809	22973.103271
22569.493809	22973.103271
22569.493809	22973.103271
22569.493809	22973.103271
22569.493931	22973.103394
22569.493931	22973.103394
22569.493931	22973.103394
22569.493931	22973.103394
22569.493931	22973.103394
22569.493931	22973.103394
22569.493931	22973.103394
22569.493931	22973.103394
22569.493931	22973.103394
22569.494053	22973.103516
22569.494053	22973.103516
22569.494053	22973.103516
22569.494053	22973.103516
22569.494053	22973.103516
22569.494053	22973.103516
22569.494053	22973.103516
22569.494053	22973.103516
22569.494053	22973.103516
22569.494053	22973.103516
22569.494176	22973.103638
22569.494176	22973.103638
22569.494176	22973.103638
22569.494176	22973.103638
22569.494176	22973.103638
22569.494176	22973.103638
22569.494176	22973.103638
22569.494298	22973.10376
22569.494298	22973.10376
22569.494298	22973.10376
22569.494298	22973.10376
22569.494298	22973.10376
22569.49442	22973.103882
22569.49442	22973.103882
22569.49442	22973.103882
22569.49442	22973.103882
22569.49442	22973.103882
22569.494542	22973.104004
22569.494542	22973.104004
22569.494542	22973.104004
22569.494664	22973.104126
22569.494664	22973.104126
22569.494664	22973.104126
22569.494664	22973.104126
22569.494786	22973.104248
22569.494786	22973.104248
22569.494786	22973.104248
22569.494786	22973.104248
22569.494786	22973.104248
22569.494786	22973.104248
22569.494786	22973.104248
22569.494908	22973.10437
22569.494908	22973.10437
22569.494908	22973.10437
22569.49503	22973.104492
22569.49503	22973.104492
22569.49503	22973.104492
22569.49503	22973.104492
22569.495152	22973.104614
22569.495152	22973.104614
22569.495152	22973.104614
22569.495152	22973.104614
22569.495152	22973.104614
22569.495152	22973.104614
22569.495274	22973.104736
22569.495274	22973.104736
22569.495274	22973.104736
22569.495274	22973.104736
22569.495274	22973.104736
22569.495274	22973.104736
22569.495396	22973.104858
22569.495396	22973.104858
22569.495396	22973.104858
22569.495396	22973.104858
22569.495396	22973.104858
22569.495396	22973.104858
22569.495396	22973.104858
22569.495518	22973.10498
22569.495518	22973.10498
22569.495518	22973.10498
22569.495518	22973.10498
22569.495518	22973.10498
22569.49564	22973.105103
22569.49564	22973.105103
22569.49564	22973.105103
22569.49564	22973.105103
22569.495762	22973.105225
22569.495762	22973.105225
22569.495762	22973.105225
22569.495884	22973.105347
22569.495884	22973.105347
22569.495884	22973.105347
22569.495884	22973.105347
22569.495884	22973.105347
22569.495884	22973.105347
22569.495884	22973.105347
22569.495884	22973.105347
22569.496006	22973.105469
22569.496006	22973.105469
22569.496006	22973.105469
22569.496006	22973.105469
22569.496006	22973.105469
22569.496006	22973.105469
22569.496129	22973.105591
22569.496129	22973.105591
22569.496129	22973.105591
22569.496129	22973.105591
22569.496129	22973.105591
22569.496129	22973.105591
22569.496251	22973.105713
22569.496251	22973.105713
22569.496251	22973.105713
22569.496373	22973.105835
22569.496373	22973.105835
22569.496373	22973.105835
22569.496495	22973.105957
22569.496495	22973.105957
22569.496495	22973.105957
22569.496495	22973.105957
22569.496495	22973.105957
22569.496495	22973.105957
22569.496617	22973.106079
22569.496617	22973.106079
22569.496617	22973.106079
22569.496617	22973.106079
22569.496617	22973.106079
22569.496617	22973.106079
22569.496617	22973.106079
22569.496739	22973.106201
22569.496739	22973.106201
22569.496739	22973.106201
22569.496739	22973.106201
22569.496739	22973.106201
22569.496739	22973.106201
22569.496739	22973.106201
22569.496739	22973.106201
22569.496739	22973.106201
22569.496861	22973.106323
22569.496861	22973.106323
22569.496861	22973.106323
22569.496861	22973.106323
22569.496861	22973.106323
22569.496861	22973.106323
22569.496861	22973.106323
22569.496983	22973.106445
22569.496983	22973.106445
22569.496983	22973.106445
22569.496983	22973.106445
22569.496983	22973.106445
22569.496983	22973.106445
22569.496983	22973.106445
22569.496983	22973.106445
22569.497105	22973.106567
22569.497105	22973.106567
22569.497105	22973.106567
22569.497105	22973.106567
22569.497105	22973.106567
22569.497105	22973.106567
22569.497227	22973.106689
22569.497227	22973.106689
22569.497227	22973.106689
22569.497227	22973.106689
22569.497227	22973.106689
22569.497227	22973.106689
22569.497227	22973.106689
22569.497227	22973.106689
22569.497227	22973.106689
22569.497227	22973.106689
22569.497349	22973.106812
22569.497349	22973.106812
22569.497471	22973.106934
22569.497471	22973.106934
22569.497471	22973.106934
22569.497471	22973.106934
22569.497471	22973.106934
22569.497593	22973.107056
22569.497593	22973.107056
22569.497593	22973.107056
22569.497593	22973.107056
22569.497593	22973.107056
22569.497593	22973.107056
22569.497715	22973.107178
22569.497715	22973.107178
22569.497715	22973.107178
22569.497715	22973.107178
22569.497715	22973.107178
22569.497715	22973.107178
22569.497837	22973.1073
22569.49796	22973.107422
22569.49796	22973.107422
22569.49796	22973.107422
22569.49796	22973.107422
22569.49796	22973.107422
22569.498082	22973.107544
22569.498082	22973.107544
22569.498082	22973.107544
22569.498082	22973.107544
22569.498082	22973.107544
22569.498082	22973.107544
22569.498082	22973.107544
22569.498082	22973.107544
22569.498082	22973.107544
22569.498204	22973.107666
22569.498204	22973.107666
22569.498204	22973.107666
22569.498204	22973.107666
22569.498204	22973.107666
22569.498204	22973.107666
22569.498326	22973.107788
22569.498326	22973.107788
22569.498326	22973.107788
22569.498326	22973.107788
22569.498326	22973.107788
22569.498326	22973.107788
22569.498326	22973.107788
22569.498326	22973.107788
22569.498448	22973.10791
22569.498448	22973.10791
22569.498448	22973.10791
22569.498448	22973.10791
22569.498448	22973.10791
22569.498448	22973.10791
22569.498448	22973.10791
22569.49857	22973.108032
22569.49857	22973.108032
22569.49857	22973.108032
22569.49857	22973.108032
22569.49857	22973.108032
22569.49857	22973.108032
22569.498692	22973.108154
22569.498692	22973.108154
22569.498692	22973.108154
22569.498692	22973.108154
22569.498692	22973.108154
22569.498692	22973.108154
22569.498692	22973.108154
22569.498692	22973.108154
22569.498814	22973.108276
22569.498814	22973.108276
22569.498814	22973.108276
22569.498814	22973.108276
22569.498814	22973.108276
22569.498814	22973.108276
22569.498814	22973.108276
22569.498814	22973.108276
22569.498936	22973.108398
22569.498936	22973.108398
22569.498936	22973.108398
22569.498936	22973.108398
22569.498936	22973.108398
22569.498936	22973.108398
22569.499058	22973.108521
22569.499058	22973.108521
22569.499058	22973.108521
22569.499058	22973.108521
22569.499058	22973.108521
22569.499058	22973.108521
22569.499058	22973.108521
22569.499058	22973.108521
22569.49918	22973.108643
22569.49918	22973.108643
22569.49918	22973.108643
22569.499302	22973.108765
22569.499302	22973.108765
22569.499302	22973.108765
22569.499302	22973.108765
22569.499302	22973.108765
22569.499302	22973.108765
22569.499302	22973.108765
22569.499302	22973.108765
22569.499424	22973.108887
22569.499424	22973.108887
22569.499424	22973.108887
22569.499424	22973.108887
22569.499424	22973.108887
22569.499546	22973.109009
22569.499546	22973.109009
22569.499546	22973.109009
22569.499546	22973.109009
22569.499546	22973.109009
22569.499546	22973.109009
22569.499668	22973.109131
22569.499668	22973.109131
22569.499668	22973.109131
22569.499668	22973.109131
22569.499668	22973.109131
22569.499791	22973.109253
22569.499913	22973.109375
22569.499913	22973.109375
22569.499913	22973.109375
22569.499913	22973.109375
22569.499913	22973.109375
22569.500035	22973.109497
22569.500035	22973.109497
22569.500035	22973.109497
22569.500035	22973.109497
22569.500035	22973.109497
22569.500035	22973.109497
22569.500035	22973.109497
22569.500035	22973.109497
22569.500035	22973.109497
22569.500157	22973.109619
22569.500157	22973.109619
22569.500157	22973.109619
22569.500157	22973.109619
22569.500157	22973.109619
22569.500157	22973.109619
22569.500157	22973.109619
22569.500157	22973.109619
22569.500279	22973.109741
22569.500279	22973.109741
22569.500279	22973.109741
22569.500279	22973.109741
22569.500279	22973.109741
22569.500279	22973.109741
22569.500401	22973.109863
22569.500401	22973.109863
22569.500401	22973.109863
22569.500401	22973.109863
22569.500401	22973.109863
22569.500401	22973.109863
22569.500523	22973.109985
22569.500523	22973.109985
22569.500523	22973.109985
22569.500523	22973.109985
22569.500523	22973.109985
22569.500645	22973.110107
22569.500645	22973.110107
22569.500645	22973.110107
22569.500767	22973.110229
22569.500767	22973.110229
22569.500767	22973.110229
22569.500767	22973.110229
22569.500889	22973.110352
22569.500889	22973.110352
22569.500889	22973.110352
22569.500889	22973.110352
22569.500889	22973.110352
22569.500889	22973.110352
22569.500889	22973.110352
22569.501011	22973.110474
22569.501011	22973.110474
22569.501011	22973.110474
22569.501133	22973.110596
22569.501133	22973.110596
22569.501133	22973.110596
22569.501133	22973.110596
22569.501133	22973.110596
22569.501133	22973.110596
22569.501133	22973.110596
22569.501255	22973.110718
22569.501255	22973.110718
22569.501255	22973.110718
22569.501255	22973.110718
22569.501377	22973.11084
22569.501377	22973.11084
22569.501377	22973.11084
22569.501377	22973.11084
22569.501377	22973.11084
22569.501377	22973.11084
22569.501377	22973.11084
22569.501377	22973.11084
22569.501377	22973.11084
22569.501499	22973.110962
22569.501499	22973.110962
22569.501499	22973.110962
22569.501499	22973.110962
22569.501499	22973.110962
22569.501622	22973.111084
22569.501622	22973.111084
22569.501622	22973.111084
22569.501622	22973.111084
22569.501622	22973.111084
22569.501622	22973.111084
22569.501744	22973.111206
22569.501744	22973.111206
22569.501744	22973.111206
22569.501744	22973.111206
22569.501866	22973.111328
22569.501866	22973.111328
22569.501866	22973.111328
22569.501866	22973.111328
22569.501866	22973.111328
22569.501988	22973.11145
22569.501988	22973.11145
22569.501988	22973.11145
22569.501988	22973.11145
22569.50211	22973.111572
22569.50211	22973.111572
22569.50211	22973.111572
22569.50211	22973.111572
22569.50211	22973.111572
22569.50211	22973.111572
22569.502232	22973.111694
22569.502232	22973.111694
22569.502232	22973.111694
22569.502232	22973.111694
22569.502232	22973.111694
22569.502232	22973.111694
22569.502232	22973.111694
22569.502232	22973.111694
22569.502232	22973.111694
22569.502232	22973.111694
22569.502232	22973.111694
22569.502354	22973.111816
22569.502354	22973.111816
22569.502354	22973.111816
22569.502354	22973.111816
22569.502354	22973.111816
22569.502354	22973.111816
22569.502354	22973.111816
22569.502476	22973.111938
22569.502476	22973.111938
22569.502476	22973.111938
22569.502476	22973.111938
22569.502476	22973.111938
22569.502598	22973.112061
22569.502598	22973.112061
22569.502598	22973.112061
22569.502598	22973.112061
22569.50272	22973.112183
22569.50272	22973.112183
22569.50272	22973.112183
22569.50272	22973.112183
22569.50272	22973.112183
22569.502842	22973.112305
22569.502842	22973.112305
22569.502842	22973.112305
22569.502842	22973.112305
22569.502842	22973.112305
22569.502842	22973.112305
22569.502842	22973.112305
22569.502842	22973.112305
22569.502842	22973.112305
22569.502842	22973.112305
22569.502964	22973.112427
22569.502964	22973.112427
22569.502964	22973.112427
22569.502964	22973.112427
22569.503086	22973.112549
22569.503086	22973.112549
22569.503086	22973.112549
22569.503086	22973.112549
22569.503086	22973.112549
22569.503208	22973.112671
22569.503208	22973.112671
22569.503208	22973.112671
22569.503208	22973.112671
22569.503208	22973.112671
22569.50333	22973.112793
22569.50333	22973.112793
22569.50333	22973.112793
22569.50333	22973.112793
22569.50333	22973.112793
22569.50333	22973.112793
22569.50333	22973.112793
22569.50333	22973.112793
22569.50333	22973.112793
22569.50333	22973.112793
22569.50333	22973.112793
22569.50333	22973.112793
22569.50333	22973.112793
22569.503452	22973.112915
22569.503452	22973.112915
22569.503452	22973.112915
22569.503452	22973.112915
22569.503452	22973.112915
22569.503575	22973.113037
22569.503575	22973.113037
22569.503575	22973.113037
22569.503575	22973.113037
22569.503575	22973.113037
22569.503575	22973.113037
22569.503575	22973.113037
22569.503697	22973.113159
22569.503697	22973.113159
22569.503697	22973.113159
22569.503697	22973.113159
22569.503819	22973.113281
22569.503819	22973.113281
22569.503819	22973.113281
22569.503819	22973.113281
22569.503819	22973.113281
22569.503819	22973.113281
22569.503819	22973.113281
22569.503819	22973.113281
22569.503941	22973.113403
22569.503941	22973.113403
22569.503941	22973.113403
22569.503941	22973.113403
22569.503941	22973.113403
22569.504063	22973.113525
22569.504063	22973.113525
22569.504063	22973.113525
22569.504063	22973.113525
22569.504063	22973.113525
22569.504063	22973.113525
22569.504185	22973.113647
22569.504185	22973.113647
22569.504185	22973.113647
22569.504185	22973.113647
22569.504185	22973.113647
22569.504185	22973.113647
22569.504307	22973.11377
22569.504307	22973.11377
22569.504307	22973.11377
22569.504307	22973.11377
22569.504307	22973.11377
22569.504307	22973.11377
22569.504307	22973.11377
22569.504307	22973.11377
22569.504429	22973.113892
22569.504429	22973.113892
22569.504551	22973.114014
22569.504551	22973.114014
22569.504551	22973.114014
22569.504551	22973.114014
22569.504551	22973.114014
22569.504551	22973.114014
22569.504551	22973.114014
22569.504551	22973.114014
22569.504673	22973.114136
22569.504673	22973.114136
22569.504673	22973.114136
22569.504795	22973.114258
22569.504795	22973.114258
22569.504795	22973.114258
22569.504795	22973.114258
22569.504795	22973.114258
22569.504795	22973.114258
22569.504795	22973.114258
22569.504917	22973.11438
22569.504917	22973.11438
22569.504917	22973.11438
22569.504917	22973.11438
22569.504917	22973.11438
22569.504917	22973.11438
22569.504917	22973.11438
22569.504917	22973.11438
22569.505039	22973.114502
22569.505039	22973.114502
22569.505039	22973.114502
22569.505039	22973.114502
22569.505039	22973.114502
22569.505161	22973.114624
22569.505161	22973.114624
22569.505161	22973.114624
22569.505161	22973.114624
22569.505161	22973.114624
22569.505283	22973.114746
22569.505283	22973.114746
22569.505283	22973.114746
22569.505283	22973.114746
22569.505283	22973.114746
22569.505283	22973.114746
22569.505406	22973.114868
22569.505406	22973.114868
22569.505406	22973.114868
22569.505406	22973.114868
22569.505406	22973.114868
22569.505406	22973.114868
22569.505406	22973.114868
22569.505406	22973.114868
22569.505406	22973.114868
22569.505528	22973.11499
22569.505528	22973.11499
22569.505528	22973.11499
22569.505528	22973.11499
22569.505528	22973.11499
22569.505528	22973.11499
22569.505528	22973.11499
22569.50565	22973.115112
22569.50565	22973.115112
22569.50565	22973.115112
22569.50565	22973.115112
22569.505772	22973.115234
22569.505772	22973.115234
22569.505772	22973.115234
22569.505894	22973.115356
22569.505894	22973.115356
22569.505894	22973.115356
22569.505894	22973.115356
22569.505894	22973.115356
22569.505894	22973.115356
22569.506016	22973.115479
22569.506016	22973.115479
22569.506016	22973.115479
22569.506016	22973.115479
22569.506016	22973.115479
22569.506138	22973.115601
22569.50626	22973.115723
22569.50626	22973.115723
22569.50626	22973.115723
22569.506382	22973.115845
22569.506382	22973.115845
22569.506382	22973.115845
22569.506382	22973.115845
22569.506382	22973.115845
22569.506382	22973.115845
22569.506382	22973.115845
22569.506382	22973.115845
22569.506504	22973.115967
22569.506504	22973.115967
22569.506504	22973.115967
22569.506504	22973.115967
22569.506504	22973.115967
22569.506504	22973.115967
22569.506626	22973.116089
22569.506626	22973.116089
22569.506626	22973.116089
22569.506626	22973.116089
22569.506626	22973.116089
22569.506748	22973.116211
22569.506748	22973.116211
22569.506748	22973.116211
22569.506748	22973.116211
22569.506748	22973.116211
22569.50687	22973.116333
22569.50687	22973.116333
22569.50687	22973.116333
22569.506992	22973.116455
22569.506992	22973.116455
22569.506992	22973.116455
22569.506992	22973.116455
22569.506992	22973.116455
22569.506992	22973.116455
22569.507114	22973.116577
22569.507114	22973.116577
22569.507114	22973.116577
22569.507114	22973.116577
22569.507237	22973.116699
22569.507237	22973.116699
22569.507237	22973.116699
22569.507237	22973.116699
22569.507359	22973.116821
22569.507359	22973.116821
22569.507359	22973.116821
22569.507481	22973.116943
22569.507603	22973.117065
22569.507603	22973.117065
22569.507603	22973.117065
22569.507603	22973.117065
22569.507603	22973.117065
22569.507603	22973.117065
22569.507725	22973.117188
22569.507725	22973.117188
22569.507725	22973.117188
22569.507847	22973.11731
22569.507847	22973.11731
22569.507847	22973.11731
22569.507847	22973.11731
22569.507847	22973.11731
22569.507847	22973.11731
22569.507969	22973.117432
22569.507969	22973.117432
22569.507969	22973.117432
22569.507969	22973.117432
22569.508091	22973.117554
22569.508091	22973.117554
22569.508091	22973.117554
22569.508091	22973.117554
22569.508091	22973.117554
22569.508091	22973.117554
22569.508091	22973.117554
22569.508213	22973.117676
22569.508213	22973.117676
22569.508213	22973.117676
22569.508213	22973.117676
22569.508213	22973.117676
22569.508213	22973.117676
22569.508335	22973.117798
22569.508335	22973.117798
22569.508335	22973.117798
22569.508335	22973.117798
22569.508457	22973.11792
22569.508457	22973.11792
22569.508457	22973.11792
22569.508457	22973.11792
22569.508457	22973.11792
22569.508457	22973.11792
22569.508701	22973.118164
22569.508701	22973.118164
22569.508701	22973.118164
22569.508701	22973.118164
22569.508823	22973.118286
22569.508823	22973.118286
22569.508823	22973.118286
22569.508823	22973.118286
22569.508823	22973.118286
22569.508945	22973.118408
22569.508945	22973.118408
22569.509067	22973.11853
22569.509067	22973.11853
22569.509067	22973.11853
22569.509067	22973.11853
22569.509067	22973.11853
22569.50919	22973.118652
22569.509312	22973.118774
22569.509312	22973.118774
22569.509312	22973.118774
22569.509434	22973.118896
22569.509434	22973.118896
22569.509434	22973.118896
22569.509434	22973.118896
22569.509434	22973.118896
22569.509556	22973.119019
22569.509556	22973.119019
22569.509556	22973.119019
22569.509678	22973.119141
22569.509678	22973.119141
22569.509678	22973.119141
22569.509678	22973.119141
22569.5098	22973.119263
22569.5098	22973.119263
22569.5098	22973.119263
22569.5098	22973.119263
22569.5098	22973.119263
22569.5098	22973.119263
22569.509922	22973.119385
22569.509922	22973.119385
22569.509922	22973.119385
22569.510044	22973.119507
22569.510044	22973.119507
22569.510044	22973.119507
22569.510044	22973.119507
22569.510044	22973.119507
22569.510044	22973.119507
22569.510044	22973.119507
22569.510044	22973.119507
22569.510044	22973.119507
22569.510166	22973.119629
22569.510166	22973.119629
22569.510166	22973.119629
22569.510166	22973.119629
22569.510166	22973.119629
22569.510166	22973.119629
22569.510166	22973.119629
22569.510166	22973.119629
22569.510166	22973.119629
22569.510288	22973.119751
22569.510288	22973.119751
22569.510288	22973.119751
22569.510288	22973.119751
22569.51041	22973.119873
22569.51041	22973.119873
22569.51041	22973.119873
22569.51041	22973.119873
22569.51041	22973.119873
22569.51041	22973.119873
22569.510532	22973.119995
22569.510532	22973.119995
22569.510532	22973.119995
22569.510532	22973.119995
22569.510532	22973.119995
22569.510532	22973.119995
22569.510532	22973.119995
22569.510532	22973.119995
22569.510654	22973.120117
22569.510654	22973.120117
22569.510654	22973.120117
22569.510654	22973.120117
22569.510654	22973.120117
22569.510654	22973.120117
22569.510654	22973.120117
22569.510776	22973.120239
22569.510776	22973.120239
22569.510776	22973.120239
22569.510776	22973.120239
22569.510898	22973.120361
22569.510898	22973.120361
22569.510898	22973.120361
22569.510898	22973.120361
22569.510898	22973.120361
22569.510898	22973.120361
22569.511021	22973.120483
22569.511021	22973.120483
22569.511021	22973.120483
22569.511021	22973.120483
22569.511021	22973.120483
22569.511021	22973.120483
22569.511021	22973.120483
22569.511021	22973.120483
22569.511143	22973.120605
22569.511143	22973.120605
22569.511143	22973.120605
22569.511143	22973.120605
22569.511143	22973.120605
22569.511265	22973.120728
22569.511265	22973.120728
22569.511265	22973.120728
22569.511265	22973.120728
22569.511265	22973.120728
22569.511387	22973.12085
22569.511387	22973.12085
22569.511387	22973.12085
22569.511387	22973.12085
22569.511509	22973.120972
22569.511509	22973.120972
22569.511509	22973.120972
22569.511631	22973.121094
22569.511631	22973.121094
22569.511631	22973.121094
22569.511631	22973.121094
22569.511631	22973.121094
22569.511631	22973.121094
22569.511753	22973.121216
22569.511753	22973.121216
22569.511753	22973.121216
22569.511753	22973.121216
22569.511753	22973.121216
22569.511753	22973.121216
22569.511753	22973.121216
22569.511753	22973.121216
22569.511875	22973.121338
22569.511875	22973.121338
22569.511875	22973.121338
22569.511875	22973.121338
22569.511875	22973.121338
22569.511875	22973.121338
22569.511997	22973.12146
22569.511997	22973.12146
22569.511997	22973.12146
22569.511997	22973.12146
22569.511997	22973.12146
22569.511997	22973.12146
22569.512119	22973.121582
22569.512119	22973.121582
22569.512119	22973.121582
22569.512119	22973.121582
22569.512119	22973.121582
22569.512119	22973.121582
22569.512119	22973.121582
22569.512119	22973.121582
22569.512241	22973.121704
22569.512241	22973.121704
22569.512241	22973.121704
22569.512241	22973.121704
22569.512241	22973.121704
22569.512241	22973.121704
22569.512241	22973.121704
22569.512363	22973.121826
22569.512363	22973.121826
22569.512363	22973.121826
22569.512363	22973.121826
22569.512363	22973.121826
22569.512363	22973.121826
22569.512363	22973.121826
22569.512485	22973.121948
22569.512485	22973.121948
22569.512485	22973.121948
22569.512485	22973.121948
22569.512607	22973.12207
22569.512607	22973.12207
22569.512607	22973.12207
22569.512607	22973.12207
22569.512607	22973.12207
22569.512729	22973.122192
22569.512729	22973.122192
22569.512729	22973.122192
22569.512729	22973.122192
22569.512729	22973.122192
22569.512729	22973.122192
22569.512729	22973.122192
22569.512729	22973.122192
22569.512851	22973.122314
22569.512851	22973.122314
22569.512851	22973.122314
22569.512974	22973.122437
22569.512974	22973.122437
22569.512974	22973.122437
22569.512974	22973.122437
22569.512974	22973.122437
22569.512974	22973.122437
22569.512974	22973.122437
22569.513096	22973.122559
22569.513096	22973.122559
22569.513096	22973.122559
22569.513218	22973.122681
22569.513218	22973.122681
22569.513218	22973.122681
22569.51334	22973.122803
22569.51334	22973.122803
22569.51334	22973.122803
22569.51334	22973.122803
22569.51334	22973.122803
22569.513462	22973.122925
22569.513462	22973.122925
22569.513462	22973.122925
22569.513462	22973.122925
22569.513584	22973.123047
22569.513584	22973.123047
22569.513584	22973.123047
22569.513584	22973.123047
22569.513584	22973.123047
22569.513584	22973.123047
22569.513584	22973.123047
22569.513584	22973.123047
22569.513584	22973.123047
22569.513584	22973.123047
22569.513706	22973.123169
22569.513706	22973.123169
22569.513706	22973.123169
22569.513706	22973.123169
22569.513706	22973.123169
22569.513828	22973.123291
22569.513828	22973.123291
22569.513828	22973.123291
22569.513828	22973.123291
22569.51395	22973.123413
22569.51395	22973.123413
22569.51395	22973.123413
22569.51395	22973.123413
22569.514072	22973.123535
22569.514072	22973.123535
22569.514072	22973.123535
22569.514194	22973.123657
22569.514194	22973.123657
22569.514194	22973.123657
22569.514194	22973.123657
22569.514194	22973.123657
22569.514194	22973.123657
22569.514194	22973.123657
22569.514316	22973.123779
22569.514316	22973.123779
22569.514316	22973.123779
22569.514316	22973.123779
22569.514316	22973.123779
22569.514438	22973.123901
22569.514438	22973.123901
22569.514438	22973.123901
22569.51456	22973.124023
22569.51456	22973.124023
22569.51456	22973.124023
22569.51456	22973.124023
22569.514682	22973.124146
22569.514682	22973.124146
22569.514682	22973.124146
22569.514682	22973.124146
22569.514682	22973.124146
22569.514682	22973.124146
22569.514805	22973.124268
22569.514805	22973.124268
22569.514805	22973.124268
22569.514805	22973.124268
22569.514805	22973.124268
22569.514805	22973.124268
22569.514805	22973.124268
22569.514805	22973.124268
22569.514927	22973.12439
22569.514927	22973.12439
22569.514927	22973.12439
22569.514927	22973.12439
22569.514927	22973.12439
22569.515049	22973.124512
22569.515049	22973.124512
22569.515049	22973.124512
22569.515049	22973.124512
22569.515171	22973.124634
22569.515171	22973.124634
22569.515171	22973.124634
22569.515171	22973.124634
22569.515171	22973.124634
22569.515171	22973.124634
22569.515171	22973.124634
22569.515293	22973.124756
22569.515293	22973.124756
22569.515293	22973.124756
22569.515293	22973.124756
22569.515293	22973.124756
22569.515415	22973.124878
22569.515415	22973.124878
22569.515415	22973.124878
22569.515415	22973.124878
22569.515415	22973.124878
22569.515537	22973.125
22569.515537	22973.125
22569.515537	22973.125
22569.515537	22973.125
22569.515659	22973.125122
22569.515659	22973.125122
22569.515659	22973.125122
22569.515659	22973.125122
22569.515659	22973.125122
22569.515659	22973.125122
22569.515659	22973.125122
22569.515781	22973.125244
22569.515781	22973.125244
22569.515781	22973.125244
22569.515781	22973.125244
22569.515781	22973.125244
22569.515903	22973.125366
22569.515903	22973.125366
22569.515903	22973.125366
22569.515903	22973.125366
22569.515903	22973.125366
22569.516025	22973.125488
22569.516025	22973.125488
22569.516025	22973.125488
22569.516025	22973.125488
22569.516147	22973.12561
22569.516147	22973.12561
22569.516147	22973.12561
22569.516147	22973.12561
22569.516147	22973.12561
22569.516147	22973.12561
22569.516147	22973.12561
22569.516147	22973.12561
22569.516269	22973.125732
22569.516269	22973.125732
22569.516269	22973.125732
22569.516269	22973.125732
22569.516269	22973.125732
22569.516391	22973.125854
22569.516391	22973.125854
22569.516391	22973.125854
22569.516391	22973.125854
22569.516391	22973.125854
22569.516391	22973.125854
22569.516391	22973.125854
22569.516391	22973.125854
22569.516513	22973.125977
22569.516513	22973.125977
22569.516513	22973.125977
22569.516513	22973.125977
22569.516513	22973.125977
22569.516636	22973.126099
22569.516758	22973.126221
22569.516758	22973.126221
22569.516758	22973.126221
22569.516758	22973.126221
22569.516758	22973.126221
22569.51688	22973.126343
22569.51688	22973.126343
22569.51688	22973.126343
22569.51688	22973.126343
22569.51688	22973.126343
22569.51688	22973.126343
22569.517002	22973.126465
22569.517002	22973.126465
22569.517002	22973.126465
22569.517002	22973.126465
22569.517124	22973.126587
22569.517124	22973.126587
22569.517124	22973.126587
22569.517124	22973.126587
22569.517124	22973.126587
22569.517124	22973.126587
22569.517124	22973.126587
22569.517124	22973.126587
22569.517246	22973.126709
22569.517246	22973.126709
22569.517246	22973.126709
22569.517246	22973.126709
22569.517368	22973.126831
22569.517368	22973.126831
22569.517368	22973.126831
22569.517368	22973.126831
22569.517368	22973.126831
22569.517368	22973.126831
22569.517368	22973.126831
22569.51749	22973.126953
22569.51749	22973.126953
22569.51749	22973.126953
22569.51749	22973.126953
22569.51749	22973.126953
22569.51749	22973.126953
22569.517612	22973.127075
22569.517612	22973.127075
22569.517612	22973.127075
22569.517612	22973.127075
22569.517612	22973.127075
22569.517734	22973.127197
22569.517734	22973.127197
22569.517734	22973.127197
22569.517734	22973.127197
22569.517734	22973.127197
22569.517856	22973.127319
22569.517856	22973.127319
22569.517856	22973.127319
22569.517856	22973.127319
22569.517856	22973.127319
22569.517978	22973.127441
22569.517978	22973.127441
22569.517978	22973.127441
22569.5181	22973.127563
22569.5181	22973.127563
22569.5181	22973.127563
22569.5181	22973.127563
22569.5181	22973.127563
22569.5181	22973.127563
22569.518222	22973.127686
22569.518222	22973.127686
22569.518222	22973.127686
22569.518222	22973.127686
22569.518222	22973.127686
22569.518344	22973.127808
22569.518344	22973.127808
22569.518467	22973.12793
22569.518467	22973.12793
22569.518589	22973.128052
22569.518589	22973.128052
22569.518589	22973.128052
22569.518589	22973.128052
22569.518711	22973.128174
22569.518833	22973.128296
22569.518833	22973.128296
22569.518833	22973.128296
22569.518955	22973.128418
22569.518955	22973.128418
22569.518955	22973.128418
22569.519077	22973.12854
22569.519199	22973.128662
22569.519199	22973.128662
22569.519199	22973.128662
22569.519199	22973.128662
22569.519199	22973.128662
22569.519321	22973.128784
22569.519321	22973.128784
22569.519443	22973.128906
22569.519443	22973.128906
22569.519443	22973.128906
22569.519565	22973.129028
22569.519565	22973.129028
22569.519565	22973.129028
22569.519565	22973.129028
22569.519565	22973.129028
22569.519687	22973.12915
22569.519687	22973.12915
22569.519687	22973.12915
22569.519687	22973.12915
22569.519687	22973.12915
22569.519809	22973.129272
22569.519809	22973.129272
22569.519809	22973.129272
22569.519931	22973.129395
22569.519931	22973.129395
22569.519931	22973.129395
22569.519931	22973.129395
22569.519931	22973.129395
22569.520053	22973.129517
22569.520053	22973.129517
22569.520053	22973.129517
22569.520175	22973.129639
22569.520175	22973.129639
22569.520175	22973.129639
22569.520297	22973.129761
22569.520297	22973.129761
22569.520297	22973.129761
22569.520297	22973.129761
22569.52042	22973.129883
22569.52042	22973.129883
22569.52042	22973.129883
22569.52042	22973.129883
22569.520542	22973.130005
22569.520542	22973.130005
22569.520542	22973.130005
22569.520542	22973.130005
22569.520542	22973.130005
22569.520542	22973.130005
22569.520542	22973.130005
22569.520664	22973.130127
22569.520664	22973.130127
22569.520664	22973.130127
22569.520786	22973.130249
22569.520786	22973.130249
22569.520786	22973.130249
22569.520908	22973.130371
22569.520908	22973.130371
22569.520908	22973.130371
22569.520908	22973.130371
22569.520908	22973.130371
22569.52103	22973.130493
22569.52103	22973.130493
22569.52103	22973.130493
22569.52103	22973.130493
22569.521152	22973.130615
22569.521152	22973.130615
22569.521274	22973.130737
22569.521274	22973.130737
22569.521274	22973.130737
22569.521274	22973.130737
22569.521274	22973.130737
22569.521274	22973.130737
22569.521396	22973.130859
22569.521518	22973.130981
22569.521518	22973.130981
22569.52164	22973.131104
22569.52164	22973.131104
22569.52164	22973.131104
22569.52164	22973.131104
22569.52164	22973.131104
22569.52164	22973.131104
22569.521762	22973.131226
22569.521762	22973.131226
22569.521762	22973.131226
22569.521762	22973.131226
22569.521884	22973.131348
22569.521884	22973.131348
22569.521884	22973.131348
22569.522006	22973.13147
22569.522006	22973.13147
22569.522006	22973.13147
22569.522006	22973.13147
22569.522128	22973.131592
22569.522128	22973.131592
22569.522251	22973.131714
22569.522373	22973.131836
22569.522373	22973.131836
22569.522373	22973.131836
22569.522373	22973.131836
22569.522373	22973.131836
22569.522495	22973.131958
22569.522495	22973.131958
22569.522495	22973.131958
22569.522617	22973.13208
22569.522617	22973.13208
22569.522617	22973.13208
22569.522617	22973.13208
22569.522617	22973.13208
22569.522617	22973.13208
22569.522739	22973.132202
22569.522739	22973.132202
22569.522739	22973.132202
22569.522739	22973.132202
22569.522739	22973.132202
22569.522861	22973.132324
22569.522861	22973.132324
22569.522983	22973.132446
22569.522983	22973.132446
22569.522983	22973.132446
22569.523105	22973.132568
22569.523105	22973.132568
22569.523105	22973.132568
22569.523105	22973.132568
22569.523227	22973.13269
22569.523227	22973.13269
22569.523227	22973.13269
22569.523227	22973.13269
22569.523227	22973.13269
22569.523227	22973.13269
22569.523349	22973.132813
22569.523349	22973.132813
22569.523349	22973.132813
22569.523471	22973.132935
22569.523471	22973.132935
22569.523471	22973.132935
22569.523593	22973.133057
22569.523593	22973.133057
22569.523593	22973.133057
22569.523593	22973.133057
22569.523593	22973.133057
22569.523715	22973.133179
22569.523715	22973.133179
22569.523837	22973.133301
22569.523959	22973.133423
22569.523959	22973.133423
22569.524082	22973.133545
22569.524082	22973.133545
22569.524204	22973.133667
22569.524204	22973.133667
22569.524204	22973.133667
22569.524326	22973.133789
22569.524326	22973.133789
22569.524326	22973.133789
22569.524326	22973.133789
22569.524326	22973.133789
22569.524448	22973.133911
22569.524448	22973.133911
22569.524448	22973.133911
22569.524448	22973.133911
22569.52457	22973.134033
22569.52457	22973.134033
22569.52457	22973.134033
22569.52457	22973.134033
22569.52457	22973.134033
22569.52457	22973.134033
22569.52457	22973.134033
22569.52457	22973.134033
22569.524692	22973.134155
22569.524692	22973.134155
22569.524814	22973.134277
22569.524814	22973.134277
22569.524814	22973.134277
22569.524814	22973.134277
22569.524814	22973.134277
22569.524814	22973.134277
22569.524814	22973.134277
22569.524814	22973.134277
22569.524936	22973.134399
22569.524936	22973.134399
22569.524936	22973.134399
22569.525058	22973.134521
22569.525058	22973.134521
22569.525058	22973.134521
22569.525058	22973.134521
22569.525058	22973.134521
22569.52518	22973.134644
22569.52518	22973.134644
22569.52518	22973.134644
22569.525302	22973.134766
22569.525424	22973.134888
22569.525424	22973.134888
22569.525424	22973.134888
22569.525424	22973.134888
22569.525424	22973.134888
22569.525424	22973.134888
22569.525546	22973.13501
22569.525546	22973.13501
22569.52579	22973.135254
22569.52579	22973.135254
22569.525912	22973.135376
22569.525912	22973.135376
22569.525912	22973.135376
22569.525912	22973.135376
22569.526035	22973.135498
22569.526035	22973.135498
22569.526035	22973.135498
22569.526035	22973.135498
22569.526157	22973.13562
22569.526157	22973.13562
22569.526157	22973.13562
22569.526157	22973.13562
22569.526279	22973.135742
22569.526279	22973.135742
22569.526401	22973.135864
22569.526401	22973.135864
22569.526401	22973.135864
22569.526401	22973.135864
22569.526401	22973.135864
22569.526401	22973.135864
22569.526523	22973.135986
22569.526523	22973.135986
22569.526523	22973.135986
22569.526523	22973.135986
22569.526523	22973.135986
22569.526523	22973.135986
22569.526523	22973.135986
22569.526645	22973.136108
22569.526645	22973.136108
22569.526645	22973.136108
22569.526645	22973.136108
22569.526645	22973.136108
22569.526767	22973.13623
22569.526767	22973.13623
22569.526767	22973.13623
22569.526767	22973.13623
22569.526767	22973.13623
22569.526767	22973.13623
22569.526767	22973.13623
22569.526767	22973.13623
22569.526889	22973.136353
22569.526889	22973.136353
22569.526889	22973.136353
22569.526889	22973.136353
22569.526889	22973.136353
22569.526889	22973.136353
22569.527011	22973.136475
22569.527011	22973.136475
22569.527011	22973.136475
22569.527011	22973.136475
22569.527011	22973.136475
22569.527011	22973.136475
22569.527011	22973.136475
22569.527011	22973.136475
22569.527133	22973.136597
22569.527133	22973.136597
22569.527133	22973.136597
22569.527133	22973.136597
22569.527133	22973.136597
22569.527133	22973.136597
22569.527255	22973.136719
22569.527255	22973.136719
22569.527255	22973.136719
22569.527255	22973.136719
22569.527255	22973.136719
22569.527255	22973.136719
22569.527377	22973.136841
22569.527377	22973.136841
22569.527377	22973.136841
22569.527377	22973.136841
22569.527377	22973.136841
22569.527377	22973.136841
22569.527377	22973.136841
22569.527377	22973.136841
22569.527377	22973.136841
22569.527377	22973.136841
22569.527499	22973.136963
22569.527499	22973.136963
22569.527499	22973.136963
22569.527499	22973.136963
22569.527499	22973.136963
22569.527621	22973.137085
22569.527621	22973.137085
22569.527743	22973.137207
22569.527743	22973.137207
22569.527743	22973.137207
22569.527743	22973.137207
22569.527743	22973.137207
22569.527743	22973.137207
22569.527743	22973.137207
22569.527866	22973.137329
22569.527866	22973.137329
22569.527866	22973.137329
22569.527866	22973.137329
22569.527988	22973.137451
22569.527988	22973.137451
22569.527988	22973.137451
22569.527988	22973.137451
22569.527988	22973.137451
22569.52811	22973.137573
22569.52811	22973.137573
22569.52811	22973.137573
22569.52811	22973.137573
22569.52811	22973.137573
22569.52811	22973.137573
22569.52811	22973.137573
22569.52811	22973.137573
22569.52811	22973.137573
22569.528232	22973.137695
22569.528232	22973.137695
22569.528232	22973.137695
22569.528232	22973.137695
22569.528232	22973.137695
22569.528354	22973.137817
22569.528354	22973.137817
22569.528354	22973.137817
22569.528354	22973.137817
22569.528354	22973.137817
22569.528476	22973.137939
22569.528476	22973.137939
22569.528476	22973.137939
22569.528476	22973.137939
22569.528476	22973.137939
22569.528476	22973.137939
22569.528476	22973.137939
22569.528598	22973.138062
22569.528598	22973.138062
22569.528598	22973.138062
22569.52872	22973.138184
22569.52872	22973.138184
22569.52872	22973.138184
22569.52872	22973.138184
22569.528842	22973.138306
22569.528842	22973.138306
22569.528842	22973.138306
22569.528842	22973.138306
22569.528964	22973.138428
22569.528964	22973.138428
22569.528964	22973.138428
22569.528964	22973.138428
22569.528964	22973.138428
22569.528964	22973.138428
22569.528964	22973.138428
22569.529086	22973.13855
22569.529086	22973.13855
22569.529208	22973.138672
22569.529208	22973.138672
22569.529208	22973.138672
22569.529208	22973.138672
22569.529208	22973.138672
22569.52933	22973.138794
22569.52933	22973.138794
22569.52933	22973.138794
22569.52933	22973.138794
22569.52933	22973.138794
22569.529452	22973.138916
22569.529452	22973.138916
22569.529452	22973.138916
22569.529574	22973.139038
22569.529574	22973.139038
22569.529574	22973.139038
22569.529574	22973.139038
22569.529697	22973.13916
22569.529697	22973.13916
22569.529697	22973.13916
22569.529697	22973.13916
22569.529819	22973.139282
22569.529819	22973.139282
22569.529819	22973.139282
22569.529819	22973.139282
22569.529819	22973.139282
22569.529819	22973.139282
22569.529941	22973.139404
22569.529941	22973.139404
22569.529941	22973.139404
22569.530063	22973.139526
22569.530185	22973.139648
22569.530185	22973.139648
22569.530185	22973.139648
22569.530185	22973.139648
22569.530307	22973.139771
22569.530307	22973.139771
22569.530429	22973.139893
22569.530429	22973.139893
22569.530551	22973.140015
22569.530551	22973.140015
22569.530551	22973.140015
22569.530673	22973.140137
22569.530673	22973.140137
22569.530795	22973.140259
22569.530795	22973.140259
22569.530795	22973.140259
22569.530795	22973.140259
22569.530795	22973.140259
22569.530917	22973.140381
22569.530917	22973.140381
22569.530917	22973.140381
22569.530917	22973.140381
22569.530917	22973.140381
22569.531039	22973.140503
22569.531039	22973.140503
22569.531039	22973.140503
22569.531039	22973.140503
22569.531161	22973.140625
22569.531161	22973.140625
22569.531161	22973.140625
22569.531161	22973.140625
22569.531283	22973.140747
22569.531283	22973.140747
22569.531283	22973.140747
22569.531405	22973.140869
22569.531405	22973.140869
22569.531405	22973.140869
22569.531405	22973.140869
22569.531405	22973.140869
22569.531405	22973.140869
22569.531405	22973.140869
22569.531527	22973.140991
22569.531527	22973.140991
22569.531527	22973.140991
22569.531527	22973.140991
22569.531527	22973.140991
22569.531527	22973.140991
22569.531527	22973.140991
22569.53165	22973.141113
22569.53165	22973.141113
22569.53165	22973.141113
22569.53165	22973.141113
22569.53165	22973.141113
22569.531772	22973.141235
22569.531772	22973.141235
22569.531894	22973.141357
22569.531894	22973.141357
22569.531894	22973.141357
22569.531894	22973.141357
22569.531894	22973.141357
22569.531894	22973.141357
22569.531894	22973.141357
22569.532016	22973.141479
22569.532016	22973.141479
22569.532016	22973.141479
22569.532016	22973.141479
22569.532016	22973.141479
22569.532016	22973.141479
22569.532138	22973.141602
22569.532138	22973.141602
22569.53226	22973.141724
22569.53226	22973.141724
22569.53226	22973.141724
22569.532382	22973.141846
22569.532382	22973.141846
22569.532382	22973.141846
22569.532382	22973.141846
22569.532504	22973.141968
22569.532504	22973.141968
22569.532504	22973.141968
22569.532504	22973.141968
22569.532504	22973.141968
22569.532626	22973.14209
22569.532626	22973.14209
22569.532626	22973.14209
22569.532626	22973.14209
22569.532626	22973.14209
22569.532748	22973.142212
22569.532748	22973.142212
22569.532748	22973.142212
22569.532748	22973.142212
22569.53287	22973.142334
22569.53287	22973.142334
22569.53287	22973.142334
22569.53287	22973.142334
22569.53287	22973.142334
22569.53287	22973.142334
22569.532992	22973.142456
22569.532992	22973.142456
22569.532992	22973.142456
22569.532992	22973.142456
22569.533114	22973.142578
22569.533114	22973.142578
22569.533114	22973.142578
22569.533114	22973.142578
22569.533236	22973.1427
22569.533236	22973.1427
22569.533236	22973.1427
22569.533236	22973.1427
22569.533236	22973.1427
22569.533236	22973.1427
22569.533236	22973.1427
22569.533236	22973.1427
22569.533236	22973.1427
22569.533358	22973.142822
22569.533358	22973.142822
22569.533358	22973.142822
22569.533481	22973.142944
22569.533481	22973.142944
22569.533481	22973.142944
22569.533481	22973.142944
22569.533481	22973.142944
22569.533481	22973.142944
22569.533481	22973.142944
22569.533603	22973.143066
22569.533603	22973.143066
22569.533603	22973.143066
22569.533603	22973.143066
22569.533603	22973.143066
22569.533603	22973.143066
22569.533725	22973.143188
22569.533725	22973.143188
22569.533725	22973.143188
22569.533725	22973.143188
22569.533725	22973.143188
22569.533725	22973.143188
22569.533847	22973.143311
22569.533847	22973.143311
22569.533847	22973.143311
22569.533847	22973.143311
22569.533969	22973.143433
22569.533969	22973.143433
22569.534091	22973.143555
22569.534091	22973.143555
22569.534091	22973.143555
22569.534091	22973.143555
22569.534091	22973.143555
22569.534091	22973.143555
22569.534213	22973.143677
22569.534213	22973.143677
22569.534335	22973.143799
22569.534335	22973.143799
22569.534335	22973.143799
22569.534335	22973.143799
22569.534457	22973.143921
22569.534457	22973.143921
22569.534457	22973.143921
22569.534457	22973.143921
22569.534457	22973.143921
22569.534457	22973.143921
22569.534579	22973.144043
22569.534701	22973.144165
22569.534823	22973.144287
22569.534823	22973.144287
22569.534823	22973.144287
22569.534823	22973.144287
22569.534823	22973.144287
22569.534945	22973.144409
22569.534945	22973.144409
22569.535067	22973.144531
22569.535067	22973.144531
22569.535067	22973.144531
22569.535067	22973.144531
22569.535067	22973.144531
22569.535067	22973.144531
22569.535312	22973.144775
22569.535312	22973.144775
22569.535312	22973.144775
22569.535434	22973.144897
22569.535434	22973.144897
22569.535434	22973.144897
22569.535434	22973.144897
22569.535434	22973.144897
22569.535556	22973.14502
22569.535556	22973.14502
22569.535556	22973.14502
22569.535556	22973.14502
22569.535678	22973.145142
22569.535678	22973.145142
22569.535678	22973.145142
22569.535678	22973.145142
22569.535678	22973.145142
22569.5358	22973.145264
22569.5358	22973.145264
22569.535922	22973.145386
22569.535922	22973.145386
22569.536044	22973.145508
22569.536044	22973.145508
22569.536044	22973.145508
22569.536044	22973.145508
22569.536166	22973.14563
22569.536166	22973.14563
22569.536166	22973.14563
22569.536288	22973.145752
22569.536288	22973.145752
22569.536288	22973.145752
22569.536288	22973.145752
22569.536288	22973.145752
22569.536288	22973.145752
22569.536288	22973.145752
22569.536288	22973.145752
22569.53641	22973.145874
22569.53641	22973.145874
22569.53641	22973.145874
22569.53641	22973.145874
22569.536532	22973.145996
22569.536532	22973.145996
22569.536532	22973.145996
22569.536532	22973.145996
22569.536654	22973.146118
22569.536654	22973.146118
22569.536654	22973.146118
22569.536654	22973.146118
22569.536654	22973.146118
22569.536654	22973.146118
22569.536654	22973.146118
22569.536654	22973.146118
22569.536654	22973.146118
22569.536776	22973.14624
22569.536776	22973.14624
22569.536776	22973.14624
22569.536776	22973.14624
22569.536776	22973.14624
22569.536776	22973.14624
22569.536776	22973.14624
22569.536898	22973.146362
22569.536898	22973.146362
22569.536898	22973.146362
22569.536898	22973.146362
22569.536898	22973.146362
22569.53702	22973.146484
22569.53702	22973.146484
22569.53702	22973.146484
22569.53702	22973.146484
22569.537265	22973.146729
22569.537387	22973.146851
22569.537387	22973.146851
22569.537387	22973.146851
22569.537509	22973.146973
22569.537509	22973.146973
22569.537631	22973.147095
22569.537631	22973.147095
22569.537631	22973.147095
22569.537753	22973.147217
22569.537753	22973.147217
22569.537753	22973.147217
22569.537753	22973.147217
22569.537875	22973.147339
22569.537875	22973.147339
22569.537875	22973.147339
22569.537875	22973.147339
22569.537997	22973.147461
22569.537997	22973.147461
22569.537997	22973.147461
22569.538119	22973.147583
22569.538119	22973.147583
22569.538119	22973.147583
22569.538119	22973.147583
22569.538119	22973.147583
22569.538119	22973.147583
22569.538363	22973.147827
22569.538363	22973.147827
22569.538363	22973.147827
22569.538485	22973.147949
22569.538485	22973.147949
22569.538607	22973.148071
22569.538607	22973.148071
22569.538607	22973.148071
22569.538729	22973.148193
22569.538729	22973.148193
22569.538851	22973.148315
22569.538851	22973.148315
22569.538851	22973.148315
22569.538973	22973.148438
22569.538973	22973.148438
22569.538973	22973.148438
22569.538973	22973.148438
22569.538973	22973.148438
22569.538973	22973.148438
22569.538973	22973.148438
22569.539096	22973.14856
22569.539096	22973.14856
22569.539218	22973.148682
22569.539218	22973.148682
22569.539218	22973.148682
22569.539218	22973.148682
22569.53934	22973.148804
22569.53934	22973.148804
22569.53934	22973.148804
22569.53934	22973.148804
22569.53934	22973.148804
22569.539462	22973.148926
22569.539462	22973.148926
22569.539462	22973.148926
22569.539462	22973.148926
22569.539462	22973.148926
22569.539462	22973.148926
22569.539584	22973.149048
22569.539584	22973.149048
22569.539584	22973.149048
22569.539584	22973.149048
22569.539828	22973.149292
22569.539828	22973.149292
22569.539828	22973.149292
22569.539828	22973.149292
22569.539828	22973.149292
22569.53995	22973.149414
22569.53995	22973.149414
22569.53995	22973.149414
22569.540072	22973.149536
22569.540072	22973.149536
22569.540072	22973.149536
22569.540072	22973.149536
22569.540194	22973.149658
22569.540194	22973.149658
22569.540194	22973.149658
22569.540194	22973.149658
22569.540194	22973.149658
22569.540316	22973.14978
22569.540316	22973.14978
22569.540316	22973.14978
22569.540316	22973.14978
22569.540316	22973.14978
22569.540316	22973.14978
22569.540316	22973.14978
22569.540438	22973.149902
22569.540438	22973.149902
22569.540438	22973.149902
22569.540438	22973.149902
22569.54056	22973.150024
22569.54056	22973.150024
22569.540682	22973.150146
22569.540682	22973.150146
22569.540682	22973.150146
22569.540682	22973.150146
22569.540682	22973.150146
22569.540804	22973.150269
22569.540804	22973.150269
22569.540804	22973.150269
22569.540804	22973.150269
22569.540804	22973.150269
22569.540927	22973.150391
22569.540927	22973.150391
22569.540927	22973.150391
22569.540927	22973.150391
22569.541049	22973.150513
22569.541049	22973.150513
22569.541049	22973.150513
22569.541049	22973.150513
22569.541171	22973.150635
22569.541171	22973.150635
22569.541293	22973.150757
22569.541415	22973.150879
22569.541537	22973.151001
22569.541537	22973.151001
22569.541537	22973.151001
22569.541537	22973.151001
22569.541537	22973.151001
22569.541537	22973.151001
22569.541537	22973.151001
22569.541537	22973.151001
22569.541659	22973.151123
22569.541659	22973.151123
22569.541781	22973.151245
22569.541781	22973.151245
22569.541903	22973.151367
22569.541903	22973.151367
22569.541903	22973.151367
22569.541903	22973.151367
22569.542025	22973.151489
22569.542147	22973.151611
22569.542147	22973.151611
22569.542269	22973.151733
22569.542269	22973.151733
22569.542391	22973.151855
22569.542391	22973.151855
22569.542513	22973.151978
22569.542513	22973.151978
22569.542513	22973.151978
22569.542635	22973.1521
22569.542635	22973.1521
22569.542635	22973.1521
22569.542635	22973.1521
22569.542757	22973.152222
22569.542757	22973.152222
22569.54288	22973.152344
22569.543002	22973.152466
22569.543124	22973.152588
22569.543124	22973.152588
22569.543124	22973.152588
22569.543124	22973.152588
22569.543246	22973.15271
22569.543246	22973.15271
22569.543246	22973.15271
22569.543246	22973.15271
22569.543246	22973.15271
22569.543368	22973.152832
22569.543368	22973.152832
22569.54349	22973.152954
22569.54349	22973.152954
22569.54349	22973.152954
22569.54349	22973.152954
22569.543612	22973.153076
22569.543612	22973.153076
22569.543612	22973.153076
22569.543612	22973.153076
22569.543612	22973.153076
22569.543612	22973.153076
22569.543612	22973.153076
22569.543612	22973.153076
22569.543734	22973.153198
22569.543734	22973.153198
22569.543978	22973.153442
22569.543978	22973.153442
22569.543978	22973.153442
22569.543978	22973.153442
22569.543978	22973.153442
22569.543978	22973.153442
22569.543978	22973.153442
22569.543978	22973.153442
22569.5441	22973.153564
22569.5441	22973.153564
22569.5441	22973.153564
22569.5441	22973.153564
22569.544222	22973.153687
22569.544222	22973.153687
22569.544344	22973.153809
22569.544466	22973.153931
22569.544466	22973.153931
22569.544466	22973.153931
22569.544588	22973.154053
22569.544588	22973.154053
22569.544588	22973.154053
22569.544711	22973.154175
22569.544711	22973.154175
22569.544711	22973.154175
22569.544711	22973.154175
22569.544711	22973.154175
22569.544833	22973.154297
22569.544833	22973.154297
22569.544833	22973.154297
22569.544833	22973.154297
22569.544955	22973.154419
22569.544955	22973.154419
22569.544955	22973.154419
22569.545077	22973.154541
22569.545077	22973.154541
22569.545199	22973.154663
22569.545199	22973.154663
22569.545443	22973.154907
22569.545443	22973.154907
22569.545443	22973.154907
22569.545443	22973.154907
22569.545565	22973.155029
22569.545687	22973.155151
22569.545809	22973.155273
22569.545809	22973.155273
22569.545809	22973.155273
22569.545809	22973.155273
22569.545809	22973.155273
22569.545809	22973.155273
22569.545931	22973.155396
22569.545931	22973.155396
22569.546053	22973.155518
22569.546053	22973.155518
22569.546175	22973.15564
22569.546297	22973.155762
22569.546419	22973.155884
22569.546419	22973.155884
22569.546419	22973.155884
22569.546419	22973.155884
22569.546542	22973.156006
22569.546542	22973.156006
22569.546664	22973.156128
22569.546664	22973.156128
22569.546786	22973.15625
22569.546786	22973.15625
22569.546786	22973.15625
22569.546786	22973.15625
22569.546908	22973.156372
22569.54703	22973.156494
22569.54703	22973.156494
22569.547152	22973.156616
22569.547274	22973.156738
22569.547274	22973.156738
22569.547274	22973.156738
22569.547274	22973.156738
22569.547396	22973.15686
22569.547396	22973.15686
22569.547396	22973.15686
22569.547396	22973.15686
22569.547518	22973.156982
22569.547518	22973.156982
22569.54764	22973.157104
22569.54764	22973.157104
22569.54764	22973.157104
22569.54764	22973.157104
22569.547762	22973.157227
22569.547884	22973.157349
22569.547884	22973.157349
22569.547884	22973.157349
22569.548006	22973.157471
22569.548006	22973.157471
22569.548006	22973.157471
22569.548128	22973.157593
22569.54825	22973.157715
22569.548372	22973.157837
22569.548372	22973.157837
22569.548495	22973.157959
22569.548495	22973.157959
22569.548495	22973.157959
22569.548495	22973.157959
22569.548617	22973.158081
22569.548739	22973.158203
22569.548739	22973.158203
22569.548739	22973.158203
22569.548739	22973.158203
22569.548861	22973.158325
22569.548861	22973.158325
22569.549105	22973.158569
22569.549105	22973.158569
22569.549227	22973.158691
22569.549227	22973.158691
22569.549227	22973.158691
22569.549349	22973.158813
22569.549349	22973.158813
22569.549349	22973.158813
22569.549471	22973.158936
22569.549471	22973.158936
22569.549471	22973.158936
22569.549593	22973.159058
22569.549593	22973.159058
22569.549593	22973.159058
22569.549715	22973.15918
22569.549715	22973.15918
22569.549715	22973.15918
22569.549715	22973.15918
22569.549837	22973.159302
22569.549959	22973.159424
22569.549959	22973.159424
22569.549959	22973.159424
22569.550081	22973.159546
22569.550081	22973.159546
22569.550203	22973.159668
22569.550326	22973.15979
22569.550326	22973.15979
22569.550448	22973.159912
22569.550448	22973.159912
22569.550448	22973.159912
22569.550448	22973.159912
22569.55057	22973.160034
22569.550692	22973.160156
22569.550692	22973.160156
22569.550692	22973.160156
22569.550936	22973.1604
22569.550936	22973.1604
22569.550936	22973.1604
22569.551058	22973.160522
22569.551302	22973.160767
22569.551302	22973.160767
22569.551424	22973.160889
22569.551424	22973.160889
22569.551546	22973.161011
22569.551546	22973.161011
22569.551668	22973.161133
22569.551912	22973.161377
22569.552034	22973.161499
22569.552034	22973.161499
22569.552157	22973.161621
22569.552157	22973.161621
22569.552157	22973.161621
22569.552157	22973.161621
22569.552279	22973.161743
22569.552401	22973.161865
22569.552523	22973.161987
22569.552523	22973.161987
22569.552523	22973.161987
22569.552523	22973.161987
22569.552523	22973.161987
22569.552523	22973.161987
22569.552523	22973.161987
22569.552645	22973.162109
22569.552767	22973.162231
22569.552889	22973.162354
22569.552889	22973.162354
22569.553133	22973.162598
22569.553255	22973.16272
22569.553255	22973.16272
22569.553255	22973.16272
22569.553499	22973.162964
22569.553499	22973.162964
22569.553499	22973.162964
22569.553499	22973.162964
22569.553621	22973.163086
22569.553621	22973.163086
22569.553621	22973.163086
22569.553743	22973.163208
22569.553743	22973.163208
22569.553743	22973.163208
22569.553743	22973.163208
22569.553743	22973.163208
22569.553865	22973.16333
22569.553865	22973.16333
22569.553865	22973.16333
22569.553865	22973.16333
22569.553987	22973.163452
22569.553987	22973.163452
22569.55411	22973.163574
22569.55411	22973.163574
22569.55411	22973.163574
22569.554232	22973.163696
22569.554232	22973.163696
22569.554354	22973.163818
22569.554354	22973.163818
22569.554354	22973.163818
22569.554354	22973.163818
22569.554476	22973.16394
22569.554476	22973.16394
22569.554476	22973.16394
22569.554598	22973.164063
22569.554598	22973.164063
22569.554842	22973.164307
22569.554842	22973.164307
22569.554842	22973.164307
22569.554964	22973.164429
22569.555086	22973.164551
22569.555086	22973.164551
22569.555086	22973.164551
22569.555086	22973.164551
22569.555086	22973.164551
22569.555208	22973.164673
22569.55533	22973.164795
22569.55533	22973.164795
22569.55533	22973.164795
22569.55533	22973.164795
22569.55533	22973.164795
22569.555452	22973.164917
22569.555452	22973.164917
22569.555574	22973.165039
22569.555696	22973.165161
22569.555696	22973.165161
22569.555818	22973.165283
22569.555818	22973.165283
22569.555818	22973.165283
22569.555818	22973.165283
22569.555941	22973.165405
22569.555941	22973.165405
22569.555941	22973.165405
22569.556063	22973.165527
22569.556063	22973.165527
22569.556063	22973.165527
22569.556063	22973.165527
22569.556185	22973.165649
22569.556307	22973.165771
22569.556307	22973.165771
22569.556307	22973.165771
22569.556429	22973.165894
22569.556429	22973.165894
22569.556429	22973.165894
22569.556429	22973.165894
22569.556551	22973.166016
22569.556673	22973.166138
22569.556673	22973.166138
22569.556673	22973.166138
22569.556673	22973.166138
22569.556795	22973.16626
22569.556795	22973.16626
22569.556795	22973.16626
22569.556917	22973.166382
22569.556917	22973.166382
22569.556917	22973.166382
22569.556917	22973.166382
22569.556917	22973.166382
22569.556917	22973.166382
22569.557039	22973.166504
22569.557039	22973.166504
22569.557161	22973.166626
22569.557161	22973.166626
22569.557161	22973.166626
22569.557161	22973.166626
22569.557161	22973.166626
22569.557161	22973.166626
22569.557283	22973.166748
22569.557405	22973.16687
22569.557405	22973.16687
22569.557405	22973.16687
22569.557405	22973.16687
22569.557405	22973.16687
22569.557649	22973.167114
22569.557649	22973.167114
22569.557772	22973.167236
22569.557772	22973.167236
22569.557772	22973.167236
22569.557772	22973.167236
22569.557772	22973.167236
22569.557894	22973.167358
22569.557894	22973.167358
22569.558016	22973.16748
22569.558016	22973.16748
22569.558138	22973.167603
22569.558138	22973.167603
22569.558138	22973.167603
22569.558138	22973.167603
22569.55826	22973.167725
22569.558382	22973.167847
22569.558382	22973.167847
22569.558382	22973.167847
22569.558382	22973.167847
22569.558504	22973.167969
22569.558504	22973.167969
22569.558504	22973.167969
22569.558504	22973.167969
22569.558626	22973.168091
22569.558748	22973.168213
22569.558748	22973.168213
22569.55887	22973.168335
22569.55887	22973.168335
22569.55887	22973.168335
22569.558992	22973.168457
22569.558992	22973.168457
22569.558992	22973.168457
22569.558992	22973.168457
22569.558992	22973.168457
22569.559114	22973.168579
22569.559114	22973.168579
22569.559236	22973.168701
22569.559236	22973.168701
22569.559358	22973.168823
22569.559358	22973.168823
22569.55948	22973.168945
22569.55948	22973.168945
22569.55948	22973.168945
22569.559602	22973.169067
22569.559725	22973.169189
22569.559847	22973.169312
22569.559847	22973.169312
22569.559969	22973.169434
22569.559969	22973.169434
22569.559969	22973.169434
22569.559969	22973.169434
22569.560091	22973.169556
22569.560091	22973.169556
22569.560091	22973.169556
22569.560213	22973.169678
22569.560213	22973.169678
22569.560213	22973.169678
22569.560213	22973.169678
22569.560213	22973.169678
22569.560335	22973.1698
22569.560335	22973.1698
22569.560579	22973.170044
22569.560579	22973.170044
22569.560579	22973.170044
22569.560579	22973.170044
22569.560701	22973.170166
22569.560823	22973.170288
22569.560945	22973.17041
22569.561067	22973.170532
22569.561189	22973.170654
22569.561189	22973.170654
22569.561189	22973.170654
22569.561189	22973.170654
22569.561189	22973.170654
22569.561189	22973.170654
22569.561189	22973.170654
22569.561311	22973.170776
22569.561433	22973.170898
22569.561556	22973.171021
22569.561556	22973.171021
22569.561556	22973.171021
22569.561678	22973.171143
22569.561678	22973.171143
22569.561678	22973.171143
22569.5618	22973.171265
22569.5618	22973.171265
22569.562166	22973.171631
22569.562166	22973.171631
22569.562166	22973.171631
22569.562288	22973.171753
22569.56241	22973.171875
22569.562532	22973.171997
22569.562532	22973.171997
22569.562532	22973.171997
22569.562654	22973.172119
22569.562776	22973.172241
22569.562776	22973.172241
22569.562776	22973.172241
22569.562898	22973.172363
22569.56302	22973.172485
22569.563142	22973.172607
22569.563142	22973.172607
22569.563387	22973.172852
22569.563387	22973.172852
22569.563631	22973.173096
22569.563631	22973.173096
22569.563753	22973.173218
22569.563753	22973.173218
22569.563753	22973.173218
22569.563753	22973.173218
22569.563997	22973.173462
22569.564119	22973.173584
22569.564241	22973.173706
22569.564363	22973.173828
22569.564485	22973.17395
22569.564485	22973.17395
22569.564607	22973.174072
22569.564607	22973.174072
22569.564729	22973.174194
22569.564851	22973.174316
22569.564851	22973.174316
22569.564851	22973.174316
22569.564851	22973.174316
22569.564973	22973.174438
22569.565217	22973.174683
22569.565462	22973.174927
22569.565706	22973.175171
22569.565706	22973.175171
22569.565706	22973.175171
22569.565828	22973.175293
22569.565828	22973.175293
22569.565828	22973.175293
22569.565828	22973.175293
22569.565828	22973.175293
22569.56595	22973.175415
22569.56595	22973.175415
22569.56595	22973.175415
22569.566072	22973.175537
22569.566072	22973.175537
22569.566194	22973.175659
22569.566438	22973.175903
22569.566438	22973.175903
22569.566438	22973.175903
22569.566438	22973.175903
22569.566438	22973.175903
22569.56656	22973.176025
22569.56656	22973.176025
22569.56656	22973.176025
22569.56656	22973.176025
22569.566682	22973.176147
22569.566682	22973.176147
22569.566926	22973.176392
22569.566926	22973.176392
22569.566926	22973.176392
22569.567048	22973.176514
22569.567048	22973.176514
22569.567171	22973.176636
22569.567415	22973.17688
22569.567415	22973.17688
22569.567415	22973.17688
22569.567537	22973.177002
22569.567659	22973.177124
22569.567903	22973.177368
22569.567903	22973.177368
22569.568025	22973.17749
22569.568025	22973.17749
22569.568269	22973.177734
22569.568513	22973.177979
22569.568635	22973.178101
22569.568757	22973.178223
22569.568879	22973.178345
22569.569002	22973.178467
22569.569246	22973.178711
22569.56949	22973.178955
22569.569612	22973.179077
22569.569734	22973.179199
22569.569856	22973.179321
22569.569856	22973.179321
22569.570222	22973.179688
22569.570466	22973.179932
22569.570832	22973.180298
22569.571077	22973.180542
22569.571199	22973.180664
22569.571321	22973.180786
22569.571565	22973.18103
22569.572175	22973.181641
22569.572541	22973.182007
22569.572786	22973.182251
22569.57303	22973.182495
22569.573274	22973.182739
22569.573518	22973.182983
22569.57364	22973.183105
22569.57364	22973.183105
22569.573762	22973.183228
22569.574006	22973.183472
22569.574128	22973.183594
22569.57425	22973.183716
22569.574372	22973.183838
22569.574739	22973.184204
22569.575105	22973.18457
22569.575959	22973.185425
22569.57657	22973.186035
22569.576814	22973.186279
22569.576814	22973.186279
22569.576936	22973.186401
22569.577058	22973.186523
22569.577424	22973.18689
22569.577546	22973.187012
22569.577546	22973.187012
22569.577546	22973.187012
22569.57779	22973.187256
22569.578401	22973.187866
22569.579011	22973.188477
22569.579865	22973.189331
22569.579865	22973.189331
22569.580109	22973.189575
22569.580476	22973.189941
22569.58072	22973.190186
22569.580964	22973.19043
