#ttrig = 90918480.3784
# time 	 unbarycentered time 
11905.132828	12309.723267
11905.133682	12309.724121
11905.135025	12309.725464
11905.135391	12309.72583
11905.136978	12309.727417
11905.136978	12309.727417
11905.138443	12309.728882
11905.139786	12309.730225
11905.139908	12309.730347
11905.140518	12309.730957
11905.14064	12309.731079
11905.143814	12309.734253
11905.14479	12309.735229
11905.146133	12309.736572
11905.146377	12309.736816
11905.148574	12309.739014
11905.149795	12309.740234
11905.150527	12309.740967
11905.150649	12309.741089
11905.150894	12309.741333
11905.151504	12309.741943
11905.151626	12309.742065
11905.15187	12309.74231
11905.152114	12309.742554
11905.152114	12309.742554
11905.152725	12309.743164
11905.152969	12309.743408
11905.152969	12309.743408
11905.152969	12309.743408
11905.152969	12309.743408
11905.153213	12309.743652
11905.153335	12309.743774
11905.153579	12309.744019
11905.153823	12309.744263
11905.153823	12309.744263
11905.154067	12309.744507
11905.154067	12309.744507
11905.154189	12309.744629
11905.154189	12309.744629
11905.154311	12309.744751
11905.154433	12309.744873
11905.154556	12309.744995
11905.154922	12309.745361
11905.155166	12309.745605
11905.155288	12309.745728
11905.15541	12309.74585
11905.155532	12309.745972
11905.155532	12309.745972
11905.155532	12309.745972
11905.155776	12309.746216
11905.155776	12309.746216
11905.155898	12309.746338
11905.156264	12309.746704
11905.156264	12309.746704
11905.156386	12309.746826
11905.156386	12309.746826
11905.156509	12309.746948
11905.156509	12309.746948
11905.156631	12309.74707
11905.156875	12309.747314
11905.157119	12309.747559
11905.157119	12309.747559
11905.157241	12309.747681
11905.157363	12309.747803
11905.157485	12309.747925
11905.157485	12309.747925
11905.157485	12309.747925
11905.157851	12309.748291
11905.158217	12309.748657
11905.158217	12309.748657
11905.158217	12309.748657
11905.15834	12309.748779
11905.158462	12309.748901
11905.158462	12309.748901
11905.158584	12309.749023
11905.158706	12309.749146
11905.15895	12309.74939
11905.159072	12309.749512
11905.159194	12309.749634
11905.159316	12309.749756
11905.159316	12309.749756
11905.15956	12309.75
11905.159804	12309.750244
11905.160048	12309.750488
11905.160048	12309.750488
11905.160415	12309.750854
11905.160415	12309.750854
11905.160415	12309.750854
11905.160903	12309.751343
11905.161025	12309.751465
11905.161147	12309.751587
11905.161391	12309.751831
11905.161513	12309.751953
11905.161757	12309.752197
11905.162002	12309.752441
11905.162124	12309.752563
11905.162246	12309.752686
11905.162246	12309.752686
11905.16249	12309.75293
11905.162612	12309.753052
11905.162612	12309.753052
11905.162856	12309.753296
11905.1631	12309.75354
11905.163466	12309.753906
11905.16371	12309.75415
11905.163833	12309.754272
11905.163955	12309.754395
11905.164077	12309.754517
11905.164199	12309.754639
11905.165175	12309.755615
11905.165175	12309.755615
11905.165297	12309.755737
11905.165297	12309.755737
11905.165663	12309.756104
11905.165908	12309.756348
11905.165908	12309.756348
11905.166152	12309.756592
11905.166152	12309.756592
11905.166152	12309.756592
11905.166274	12309.756714
11905.166518	12309.756958
11905.16664	12309.75708
11905.166762	12309.757202
11905.166762	12309.757202
11905.167006	12309.757446
11905.167128	12309.757568
11905.167494	12309.757935
11905.167494	12309.757935
11905.167617	12309.758057
11905.167617	12309.758057
11905.167739	12309.758179
11905.167739	12309.758179
11905.167739	12309.758179
11905.167739	12309.758179
11905.167861	12309.758301
11905.167983	12309.758423
11905.167983	12309.758423
11905.167983	12309.758423
11905.167983	12309.758423
11905.167983	12309.758423
11905.168105	12309.758545
11905.168227	12309.758667
11905.168349	12309.758789
11905.168349	12309.758789
11905.168471	12309.758911
11905.168593	12309.759033
11905.168593	12309.759033
11905.168593	12309.759033
11905.168715	12309.759155
11905.168837	12309.759277
11905.168837	12309.759277
11905.168837	12309.759277
11905.168837	12309.759277
11905.168837	12309.759277
11905.168959	12309.759399
11905.169081	12309.759521
11905.169081	12309.759521
11905.169081	12309.759521
11905.169081	12309.759521
11905.169203	12309.759644
11905.169203	12309.759644
11905.169325	12309.759766
11905.169325	12309.759766
11905.169325	12309.759766
11905.169325	12309.759766
11905.169448	12309.759888
11905.169448	12309.759888
11905.169448	12309.759888
11905.169448	12309.759888
11905.169448	12309.759888
11905.169448	12309.759888
11905.169448	12309.759888
11905.16957	12309.76001
11905.16957	12309.76001
11905.16957	12309.76001
11905.16957	12309.76001
11905.169692	12309.760132
11905.169692	12309.760132
11905.169692	12309.760132
11905.169692	12309.760132
11905.169692	12309.760132
11905.169692	12309.760132
11905.169692	12309.760132
11905.169692	12309.760132
11905.169814	12309.760254
11905.169814	12309.760254
11905.169936	12309.760376
11905.169936	12309.760376
11905.170058	12309.760498
11905.170058	12309.760498
11905.170058	12309.760498
11905.170058	12309.760498
11905.17018	12309.76062
11905.17018	12309.76062
11905.17018	12309.76062
11905.17018	12309.76062
11905.17018	12309.76062
11905.17018	12309.76062
11905.170302	12309.760742
11905.170302	12309.760742
11905.170302	12309.760742
11905.170302	12309.760742
11905.170302	12309.760742
11905.170302	12309.760742
11905.170424	12309.760864
11905.170424	12309.760864
11905.170424	12309.760864
11905.170424	12309.760864
11905.170424	12309.760864
11905.170424	12309.760864
11905.170424	12309.760864
11905.170546	12309.760986
11905.170546	12309.760986
11905.170546	12309.760986
11905.170546	12309.760986
11905.170668	12309.761108
11905.170668	12309.761108
11905.170668	12309.761108
11905.17079	12309.76123
11905.170912	12309.761353
11905.171034	12309.761475
11905.171034	12309.761475
11905.171034	12309.761475
11905.171034	12309.761475
11905.171156	12309.761597
11905.171156	12309.761597
11905.171156	12309.761597
11905.171156	12309.761597
11905.171279	12309.761719
11905.171279	12309.761719
11905.171279	12309.761719
11905.171279	12309.761719
11905.171279	12309.761719
11905.171279	12309.761719
11905.171401	12309.761841
11905.171401	12309.761841
11905.171523	12309.761963
11905.171523	12309.761963
11905.171523	12309.761963
11905.171523	12309.761963
11905.171645	12309.762085
11905.171645	12309.762085
11905.171645	12309.762085
11905.171767	12309.762207
11905.171767	12309.762207
11905.171767	12309.762207
11905.171767	12309.762207
11905.171767	12309.762207
11905.171889	12309.762329
11905.171889	12309.762329
11905.171889	12309.762329
11905.171889	12309.762329
11905.171889	12309.762329
11905.171889	12309.762329
11905.171889	12309.762329
11905.172011	12309.762451
11905.172011	12309.762451
11905.172133	12309.762573
11905.172133	12309.762573
11905.172133	12309.762573
11905.172133	12309.762573
11905.172133	12309.762573
11905.172255	12309.762695
11905.172255	12309.762695
11905.172255	12309.762695
11905.172255	12309.762695
11905.172377	12309.762817
11905.172377	12309.762817
11905.172377	12309.762817
11905.172377	12309.762817
11905.172377	12309.762817
11905.172377	12309.762817
11905.172499	12309.762939
11905.172499	12309.762939
11905.172499	12309.762939
11905.172499	12309.762939
11905.172499	12309.762939
11905.172499	12309.762939
11905.172499	12309.762939
11905.172621	12309.763062
11905.172621	12309.763062
11905.172621	12309.763062
11905.172621	12309.763062
11905.172743	12309.763184
11905.172865	12309.763306
11905.172865	12309.763306
11905.172865	12309.763306
11905.172865	12309.763306
11905.172987	12309.763428
11905.172987	12309.763428
11905.172987	12309.763428
11905.17311	12309.76355
11905.173232	12309.763672
11905.173354	12309.763794
11905.173354	12309.763794
11905.173354	12309.763794
11905.173354	12309.763794
11905.173354	12309.763794
11905.173476	12309.763916
11905.173476	12309.763916
11905.173476	12309.763916
11905.173476	12309.763916
11905.173598	12309.764038
11905.173598	12309.764038
11905.173598	12309.764038
11905.173598	12309.764038
11905.17372	12309.76416
11905.17372	12309.76416
11905.17372	12309.76416
11905.173842	12309.764282
11905.173842	12309.764282
11905.173964	12309.764404
11905.173964	12309.764404
11905.173964	12309.764404
11905.173964	12309.764404
11905.173964	12309.764404
11905.173964	12309.764404
11905.173964	12309.764404
11905.174086	12309.764526
11905.174086	12309.764526
11905.174086	12309.764526
11905.174086	12309.764526
11905.174208	12309.764648
11905.174208	12309.764648
11905.174208	12309.764648
11905.174208	12309.764648
11905.17433	12309.764771
11905.17433	12309.764771
11905.174452	12309.764893
11905.174452	12309.764893
11905.174574	12309.765015
11905.174696	12309.765137
11905.174818	12309.765259
11905.174818	12309.765259
11905.17494	12309.765381
11905.17494	12309.765381
11905.17494	12309.765381
11905.175063	12309.765503
11905.175063	12309.765503
11905.175185	12309.765625
11905.175185	12309.765625
11905.175307	12309.765747
11905.175307	12309.765747
11905.175429	12309.765869
11905.175429	12309.765869
11905.175551	12309.765991
11905.175551	12309.765991
11905.175551	12309.765991
11905.175673	12309.766113
11905.175795	12309.766235
11905.175795	12309.766235
11905.175795	12309.766235
11905.175917	12309.766357
11905.175917	12309.766357
11905.175917	12309.766357
11905.176039	12309.766479
11905.176039	12309.766479
11905.176161	12309.766602
11905.176161	12309.766602
11905.176283	12309.766724
11905.176405	12309.766846
11905.176405	12309.766846
11905.176405	12309.766846
11905.176527	12309.766968
11905.176527	12309.766968
11905.176527	12309.766968
11905.176649	12309.76709
11905.176771	12309.767212
11905.176771	12309.767212
11905.176771	12309.767212
11905.177016	12309.767456
11905.177016	12309.767456
11905.177138	12309.767578
11905.177138	12309.767578
11905.177138	12309.767578
11905.17726	12309.7677
11905.17726	12309.7677
11905.177382	12309.767822
11905.177382	12309.767822
11905.177382	12309.767822
11905.17787	12309.768311
11905.177992	12309.768433
11905.178114	12309.768555
11905.178114	12309.768555
11905.178236	12309.768677
11905.178358	12309.768799
11905.178358	12309.768799
11905.17848	12309.768921
11905.17848	12309.768921
11905.17848	12309.768921
11905.17848	12309.768921
11905.17848	12309.768921
11905.178602	12309.769043
11905.178602	12309.769043
11905.178602	12309.769043
11905.178602	12309.769043
11905.178602	12309.769043
11905.178725	12309.769165
11905.178847	12309.769287
11905.178847	12309.769287
11905.178969	12309.769409
11905.179091	12309.769531
11905.179091	12309.769531
11905.179091	12309.769531
11905.179213	12309.769653
11905.179213	12309.769653
11905.179335	12309.769775
11905.179457	12309.769897
11905.179457	12309.769897
11905.179579	12309.77002
11905.179579	12309.77002
11905.179701	12309.770142
11905.179823	12309.770264
11905.179823	12309.770264
11905.179945	12309.770386
11905.179945	12309.770386
11905.180067	12309.770508
11905.180311	12309.770752
11905.180311	12309.770752
11905.180433	12309.770874
11905.180433	12309.770874
11905.180433	12309.770874
11905.180433	12309.770874
11905.180556	12309.770996
11905.1808	12309.77124
11905.181044	12309.771484
11905.181044	12309.771484
11905.181044	12309.771484
11905.181166	12309.771606
11905.181288	12309.771729
11905.181288	12309.771729
11905.18141	12309.771851
11905.181532	12309.771973
11905.181654	12309.772095
11905.181654	12309.772095
11905.181654	12309.772095
11905.18202	12309.772461
11905.18202	12309.772461
11905.182142	12309.772583
11905.182264	12309.772705
11905.182509	12309.772949
11905.182509	12309.772949
11905.182509	12309.772949
11905.182509	12309.772949
11905.182509	12309.772949
11905.182631	12309.773071
11905.182631	12309.773071
11905.182631	12309.773071
11905.183119	12309.77356
11905.183119	12309.77356
11905.183119	12309.77356
11905.183119	12309.77356
11905.183119	12309.77356
11905.183119	12309.77356
11905.183241	12309.773682
11905.183241	12309.773682
11905.183241	12309.773682
11905.183363	12309.773804
11905.183363	12309.773804
11905.183363	12309.773804
11905.183363	12309.773804
11905.183363	12309.773804
11905.183485	12309.773926
11905.183485	12309.773926
11905.183729	12309.77417
11905.183729	12309.77417
11905.183851	12309.774292
11905.183851	12309.774292
11905.183851	12309.774292
11905.183973	12309.774414
11905.183973	12309.774414
11905.183973	12309.774414
11905.183973	12309.774414
11905.184095	12309.774536
11905.184217	12309.774658
11905.184217	12309.774658
11905.184217	12309.774658
11905.18434	12309.77478
11905.18434	12309.77478
11905.18434	12309.77478
11905.184462	12309.774902
11905.184462	12309.774902
11905.184462	12309.774902
11905.184706	12309.775146
11905.184706	12309.775146
11905.184706	12309.775146
11905.184828	12309.775269
11905.184828	12309.775269
11905.184828	12309.775269
11905.18495	12309.775391
11905.18495	12309.775391
11905.185072	12309.775513
11905.185072	12309.775513
11905.185072	12309.775513
11905.185194	12309.775635
11905.185194	12309.775635
11905.185194	12309.775635
11905.185194	12309.775635
11905.185316	12309.775757
11905.185316	12309.775757
11905.185438	12309.775879
11905.185438	12309.775879
11905.185438	12309.775879
11905.185438	12309.775879
11905.18556	12309.776001
11905.18556	12309.776001
11905.185682	12309.776123
11905.185682	12309.776123
11905.185682	12309.776123
11905.185682	12309.776123
11905.185804	12309.776245
11905.185804	12309.776245
11905.185804	12309.776245
11905.185804	12309.776245
11905.185804	12309.776245
11905.185926	12309.776367
11905.185926	12309.776367
11905.185926	12309.776367
11905.185926	12309.776367
11905.186048	12309.776489
11905.186048	12309.776489
11905.186048	12309.776489
11905.186171	12309.776611
11905.186171	12309.776611
11905.186171	12309.776611
11905.186171	12309.776611
11905.186293	12309.776733
11905.186415	12309.776855
11905.186415	12309.776855
11905.186537	12309.776978
11905.186537	12309.776978
11905.186659	12309.7771
11905.186659	12309.7771
11905.186659	12309.7771
11905.186659	12309.7771
11905.186659	12309.7771
11905.186659	12309.7771
11905.186781	12309.777222
11905.186781	12309.777222
11905.186781	12309.777222
11905.186903	12309.777344
11905.187025	12309.777466
11905.187025	12309.777466
11905.187025	12309.777466
11905.187025	12309.777466
11905.187147	12309.777588
11905.187147	12309.777588
11905.187147	12309.777588
11905.187147	12309.777588
11905.187269	12309.77771
11905.187269	12309.77771
11905.187391	12309.777832
11905.187391	12309.777832
11905.187391	12309.777832
11905.187391	12309.777832
11905.187391	12309.777832
11905.187391	12309.777832
11905.187391	12309.777832
11905.187391	12309.777832
11905.187513	12309.777954
11905.187513	12309.777954
11905.187513	12309.777954
11905.187513	12309.777954
11905.187513	12309.777954
11905.187513	12309.777954
11905.187635	12309.778076
11905.187635	12309.778076
11905.187635	12309.778076
11905.187635	12309.778076
11905.187635	12309.778076
11905.187757	12309.778198
11905.187757	12309.778198
11905.187757	12309.778198
11905.187757	12309.778198
11905.187757	12309.778198
11905.187757	12309.778198
11905.187879	12309.77832
11905.187879	12309.77832
11905.187879	12309.77832
11905.187879	12309.77832
11905.187879	12309.77832
11905.187879	12309.77832
11905.187879	12309.77832
11905.187879	12309.77832
11905.188002	12309.778442
11905.188002	12309.778442
11905.188002	12309.778442
11905.188002	12309.778442
11905.188002	12309.778442
11905.188002	12309.778442
11905.188002	12309.778442
11905.188002	12309.778442
11905.188124	12309.778564
11905.188124	12309.778564
11905.188124	12309.778564
11905.188124	12309.778564
11905.188124	12309.778564
11905.188124	12309.778564
11905.188124	12309.778564
11905.188246	12309.778687
11905.188246	12309.778687
11905.188246	12309.778687
11905.188246	12309.778687
11905.188246	12309.778687
11905.188246	12309.778687
11905.188246	12309.778687
11905.188246	12309.778687
11905.188368	12309.778809
11905.188368	12309.778809
11905.188368	12309.778809
11905.188368	12309.778809
11905.18849	12309.778931
11905.18849	12309.778931
11905.18849	12309.778931
11905.18849	12309.778931
11905.188612	12309.779053
11905.188612	12309.779053
11905.188612	12309.779053
11905.188612	12309.779053
11905.188612	12309.779053
11905.188612	12309.779053
11905.188734	12309.779175
11905.188734	12309.779175
11905.188734	12309.779175
11905.188734	12309.779175
11905.188734	12309.779175
11905.188734	12309.779175
11905.188856	12309.779297
11905.188856	12309.779297
11905.188856	12309.779297
11905.188856	12309.779297
11905.188856	12309.779297
11905.188978	12309.779419
11905.188978	12309.779419
11905.188978	12309.779419
11905.188978	12309.779419
11905.1891	12309.779541
11905.1891	12309.779541
11905.1891	12309.779541
11905.1891	12309.779541
11905.1891	12309.779541
11905.189222	12309.779663
11905.189222	12309.779663
11905.189222	12309.779663
11905.189222	12309.779663
11905.189222	12309.779663
11905.189222	12309.779663
11905.189222	12309.779663
11905.189222	12309.779663
11905.189344	12309.779785
11905.189344	12309.779785
11905.189344	12309.779785
11905.189344	12309.779785
11905.189344	12309.779785
11905.189344	12309.779785
11905.189344	12309.779785
11905.189344	12309.779785
11905.189466	12309.779907
11905.189466	12309.779907
11905.189466	12309.779907
11905.189466	12309.779907
11905.189466	12309.779907
11905.189588	12309.780029
11905.189588	12309.780029
11905.189588	12309.780029
11905.189588	12309.780029
11905.189588	12309.780029
11905.189588	12309.780029
11905.18971	12309.780151
11905.18971	12309.780151
11905.18971	12309.780151
11905.18971	12309.780151
11905.18971	12309.780151
11905.18971	12309.780151
11905.18971	12309.780151
11905.189833	12309.780273
11905.189833	12309.780273
11905.189833	12309.780273
11905.189833	12309.780273
11905.189833	12309.780273
11905.189833	12309.780273
11905.189833	12309.780273
11905.189833	12309.780273
11905.189833	12309.780273
11905.189833	12309.780273
11905.189955	12309.780396
11905.189955	12309.780396
11905.189955	12309.780396
11905.189955	12309.780396
11905.189955	12309.780396
11905.189955	12309.780396
11905.189955	12309.780396
11905.189955	12309.780396
11905.189955	12309.780396
11905.190077	12309.780518
11905.190077	12309.780518
11905.190077	12309.780518
11905.190077	12309.780518
11905.190199	12309.78064
11905.190199	12309.78064
11905.190199	12309.78064
11905.190199	12309.78064
11905.190199	12309.78064
11905.190199	12309.78064
11905.190199	12309.78064
11905.190321	12309.780762
11905.190321	12309.780762
11905.190321	12309.780762
11905.190321	12309.780762
11905.190443	12309.780884
11905.190443	12309.780884
11905.190443	12309.780884
11905.190443	12309.780884
11905.190443	12309.780884
11905.190443	12309.780884
11905.190443	12309.780884
11905.190443	12309.780884
11905.190443	12309.780884
11905.190565	12309.781006
11905.190565	12309.781006
11905.190565	12309.781006
11905.190565	12309.781006
11905.190565	12309.781006
11905.190565	12309.781006
11905.190565	12309.781006
11905.190687	12309.781128
11905.190687	12309.781128
11905.190687	12309.781128
11905.190687	12309.781128
11905.190687	12309.781128
11905.190687	12309.781128
11905.190687	12309.781128
11905.190687	12309.781128
11905.190687	12309.781128
11905.190809	12309.78125
11905.190809	12309.78125
11905.190809	12309.78125
11905.190809	12309.78125
11905.190809	12309.78125
11905.190809	12309.78125
11905.190809	12309.78125
11905.190931	12309.781372
11905.190931	12309.781372
11905.190931	12309.781372
11905.190931	12309.781372
11905.190931	12309.781372
11905.190931	12309.781372
11905.191053	12309.781494
11905.191053	12309.781494
11905.191053	12309.781494
11905.191053	12309.781494
11905.191053	12309.781494
11905.191053	12309.781494
11905.191175	12309.781616
11905.191175	12309.781616
11905.191175	12309.781616
11905.191175	12309.781616
11905.191175	12309.781616
11905.191175	12309.781616
11905.191175	12309.781616
11905.191297	12309.781738
11905.191297	12309.781738
11905.191297	12309.781738
11905.191297	12309.781738
11905.191297	12309.781738
11905.191297	12309.781738
11905.191297	12309.781738
11905.191297	12309.781738
11905.191419	12309.78186
11905.191419	12309.78186
11905.191419	12309.78186
11905.191419	12309.78186
11905.191419	12309.78186
11905.191419	12309.78186
11905.191419	12309.78186
11905.191541	12309.781982
11905.191541	12309.781982
11905.191541	12309.781982
11905.191541	12309.781982
11905.191541	12309.781982
11905.191663	12309.782104
11905.191663	12309.782104
11905.191663	12309.782104
11905.191663	12309.782104
11905.191663	12309.782104
11905.191663	12309.782104
11905.191786	12309.782227
11905.191786	12309.782227
11905.191786	12309.782227
11905.191786	12309.782227
11905.191786	12309.782227
11905.191786	12309.782227
11905.191786	12309.782227
11905.191908	12309.782349
11905.191908	12309.782349
11905.191908	12309.782349
11905.191908	12309.782349
11905.191908	12309.782349
11905.191908	12309.782349
11905.191908	12309.782349
11905.19203	12309.782471
11905.19203	12309.782471
11905.19203	12309.782471
11905.192152	12309.782593
11905.192152	12309.782593
11905.192152	12309.782593
11905.192152	12309.782593
11905.192274	12309.782715
11905.192274	12309.782715
11905.192396	12309.782837
11905.192396	12309.782837
11905.192396	12309.782837
11905.192518	12309.782959
11905.192518	12309.782959
11905.192518	12309.782959
11905.192518	12309.782959
11905.19264	12309.783081
11905.19264	12309.783081
11905.19264	12309.783081
11905.19264	12309.783081
11905.19264	12309.783081
11905.19264	12309.783081
11905.192762	12309.783203
11905.192762	12309.783203
11905.192762	12309.783203
11905.192884	12309.783325
11905.192884	12309.783325
11905.192884	12309.783325
11905.192884	12309.783325
11905.192884	12309.783325
11905.193006	12309.783447
11905.193006	12309.783447
11905.193006	12309.783447
11905.193128	12309.783569
11905.19325	12309.783691
11905.19325	12309.783691
11905.19325	12309.783691
11905.19325	12309.783691
11905.19325	12309.783691
11905.193372	12309.783813
11905.193372	12309.783813
11905.193372	12309.783813
11905.193494	12309.783936
11905.193494	12309.783936
11905.193617	12309.784058
11905.193617	12309.784058
11905.193617	12309.784058
11905.193739	12309.78418
11905.193739	12309.78418
11905.193739	12309.78418
11905.193739	12309.78418
11905.193739	12309.78418
11905.193739	12309.78418
11905.193739	12309.78418
11905.193861	12309.784302
11905.193861	12309.784302
11905.193861	12309.784302
11905.193983	12309.784424
11905.193983	12309.784424
11905.193983	12309.784424
11905.193983	12309.784424
11905.193983	12309.784424
11905.194105	12309.784546
11905.194105	12309.784546
11905.194105	12309.784546
11905.194105	12309.784546
11905.194105	12309.784546
11905.194105	12309.784546
11905.194227	12309.784668
11905.194227	12309.784668
11905.194349	12309.78479
11905.194349	12309.78479
11905.194471	12309.784912
11905.194471	12309.784912
11905.194471	12309.784912
11905.194593	12309.785034
11905.194593	12309.785034
11905.194593	12309.785034
11905.194593	12309.785034
11905.194593	12309.785034
11905.194593	12309.785034
11905.194593	12309.785034
11905.194715	12309.785156
11905.194715	12309.785156
11905.194715	12309.785156
11905.194715	12309.785156
11905.194837	12309.785278
11905.194837	12309.785278
11905.194837	12309.785278
11905.194837	12309.785278
11905.194959	12309.7854
11905.195081	12309.785522
11905.195081	12309.785522
11905.195081	12309.785522
11905.195081	12309.785522
11905.195081	12309.785522
11905.195081	12309.785522
11905.195203	12309.785645
11905.195203	12309.785645
11905.195203	12309.785645
11905.195203	12309.785645
11905.195203	12309.785645
11905.195325	12309.785767
11905.195325	12309.785767
11905.195325	12309.785767
11905.195325	12309.785767
11905.195325	12309.785767
11905.195325	12309.785767
11905.195448	12309.785889
11905.19557	12309.786011
11905.19557	12309.786011
11905.19557	12309.786011
11905.19557	12309.786011
11905.19557	12309.786011
11905.195692	12309.786133
11905.195692	12309.786133
11905.195692	12309.786133
11905.195692	12309.786133
11905.195814	12309.786255
11905.195814	12309.786255
11905.195814	12309.786255
11905.195936	12309.786377
11905.195936	12309.786377
11905.195936	12309.786377
11905.195936	12309.786377
11905.195936	12309.786377
11905.196058	12309.786499
11905.196058	12309.786499
11905.196058	12309.786499
11905.196058	12309.786499
11905.19618	12309.786621
11905.19618	12309.786621
11905.19618	12309.786621
11905.196302	12309.786743
11905.196302	12309.786743
11905.196302	12309.786743
11905.196424	12309.786865
11905.196424	12309.786865
11905.196424	12309.786865
11905.196546	12309.786987
11905.196546	12309.786987
11905.196546	12309.786987
11905.196546	12309.786987
11905.196546	12309.786987
11905.196546	12309.786987
11905.196668	12309.787109
11905.196668	12309.787109
11905.196668	12309.787109
11905.19679	12309.787231
11905.19679	12309.787231
11905.19679	12309.787231
11905.196912	12309.787354
11905.196912	12309.787354
11905.196912	12309.787354
11905.196912	12309.787354
11905.197034	12309.787476
11905.197034	12309.787476
11905.197034	12309.787476
11905.197156	12309.787598
11905.197156	12309.787598
11905.197156	12309.787598
11905.197156	12309.787598
11905.197279	12309.78772
11905.197279	12309.78772
11905.197401	12309.787842
11905.197401	12309.787842
11905.197401	12309.787842
11905.197401	12309.787842
11905.197523	12309.787964
11905.197523	12309.787964
11905.197523	12309.787964
11905.197523	12309.787964
11905.197523	12309.787964
11905.197523	12309.787964
11905.197645	12309.788086
11905.197645	12309.788086
11905.197645	12309.788086
11905.197645	12309.788086
11905.197645	12309.788086
11905.197645	12309.788086
11905.197645	12309.788086
11905.197645	12309.788086
11905.197645	12309.788086
11905.197645	12309.788086
11905.197767	12309.788208
11905.197767	12309.788208
11905.197767	12309.788208
11905.197767	12309.788208
11905.197767	12309.788208
11905.197889	12309.78833
11905.197889	12309.78833
11905.197889	12309.78833
11905.197889	12309.78833
11905.197889	12309.78833
11905.198011	12309.788452
11905.198011	12309.788452
11905.198133	12309.788574
11905.198133	12309.788574
11905.198133	12309.788574
11905.198255	12309.788696
11905.198255	12309.788696
11905.198255	12309.788696
11905.198255	12309.788696
11905.198377	12309.788818
11905.198377	12309.788818
11905.198377	12309.788818
11905.198377	12309.788818
11905.198377	12309.788818
11905.198499	12309.78894
11905.198499	12309.78894
11905.198499	12309.78894
11905.198499	12309.78894
11905.198499	12309.78894
11905.198499	12309.78894
11905.198499	12309.78894
11905.198499	12309.78894
11905.198621	12309.789063
11905.198621	12309.789063
11905.198621	12309.789063
11905.198621	12309.789063
11905.198743	12309.789185
11905.198743	12309.789185
11905.198743	12309.789185
11905.198743	12309.789185
11905.198743	12309.789185
11905.198743	12309.789185
11905.198743	12309.789185
11905.198743	12309.789185
11905.198865	12309.789307
11905.198865	12309.789307
11905.198865	12309.789307
11905.198987	12309.789429
11905.198987	12309.789429
11905.198987	12309.789429
11905.198987	12309.789429
11905.19911	12309.789551
11905.19911	12309.789551
11905.19911	12309.789551
11905.19911	12309.789551
11905.19911	12309.789551
11905.199232	12309.789673
11905.199232	12309.789673
11905.199232	12309.789673
11905.199354	12309.789795
11905.199598	12309.790039
11905.199598	12309.790039
11905.19972	12309.790161
11905.19972	12309.790161
11905.19972	12309.790161
11905.199842	12309.790283
11905.199964	12309.790405
11905.199964	12309.790405
11905.199964	12309.790405
11905.199964	12309.790405
11905.200086	12309.790527
11905.200086	12309.790527
11905.200208	12309.790649
11905.200208	12309.790649
11905.200208	12309.790649
11905.200208	12309.790649
11905.20033	12309.790771
11905.200452	12309.790894
11905.200452	12309.790894
11905.200452	12309.790894
11905.200574	12309.791016
11905.200574	12309.791016
11905.200574	12309.791016
11905.200696	12309.791138
11905.200696	12309.791138
11905.200696	12309.791138
11905.200696	12309.791138
11905.200696	12309.791138
11905.200818	12309.79126
11905.200818	12309.79126
11905.20094	12309.791382
11905.20094	12309.791382
11905.20094	12309.791382
11905.201063	12309.791504
11905.201063	12309.791504
11905.201063	12309.791504
11905.201063	12309.791504
11905.201063	12309.791504
11905.201185	12309.791626
11905.201307	12309.791748
11905.201307	12309.791748
11905.201307	12309.791748
11905.201307	12309.791748
11905.201429	12309.79187
11905.201429	12309.79187
11905.201429	12309.79187
11905.201429	12309.79187
11905.201429	12309.79187
11905.201551	12309.791992
11905.201673	12309.792114
11905.201673	12309.792114
11905.201673	12309.792114
11905.201673	12309.792114
11905.201795	12309.792236
11905.201795	12309.792236
11905.201917	12309.792358
11905.201917	12309.792358
11905.201917	12309.792358
11905.202039	12309.79248
11905.202039	12309.79248
11905.202039	12309.79248
11905.202039	12309.79248
11905.202161	12309.792603
11905.202283	12309.792725
11905.202283	12309.792725
11905.202283	12309.792725
11905.202405	12309.792847
11905.202405	12309.792847
11905.202405	12309.792847
11905.202405	12309.792847
11905.202405	12309.792847
11905.202527	12309.792969
11905.202649	12309.793091
11905.202894	12309.793335
11905.203016	12309.793457
11905.203016	12309.793457
11905.203016	12309.793457
11905.203016	12309.793457
11905.203138	12309.793579
11905.203138	12309.793579
11905.203138	12309.793579
11905.203138	12309.793579
11905.203382	12309.793823
11905.203382	12309.793823
11905.203382	12309.793823
11905.203504	12309.793945
11905.203626	12309.794067
11905.203626	12309.794067
11905.203748	12309.794189
11905.203748	12309.794189
11905.203748	12309.794189
11905.203748	12309.794189
11905.203992	12309.794434
11905.203992	12309.794434
11905.203992	12309.794434
11905.204114	12309.794556
11905.204236	12309.794678
11905.20448	12309.794922
11905.20448	12309.794922
11905.204602	12309.795044
11905.204602	12309.795044
11905.204847	12309.795288
11905.204847	12309.795288
11905.204847	12309.795288
11905.204847	12309.795288
11905.204847	12309.795288
11905.204847	12309.795288
11905.204969	12309.79541
11905.204969	12309.79541
11905.205091	12309.795532
11905.205091	12309.795532
11905.205091	12309.795532
11905.205457	12309.795898
11905.205457	12309.795898
11905.205579	12309.796021
11905.205579	12309.796021
11905.205579	12309.796021
11905.205701	12309.796143
11905.205701	12309.796143
11905.205701	12309.796143
11905.205701	12309.796143
11905.205701	12309.796143
11905.205945	12309.796387
11905.206311	12309.796753
11905.206433	12309.796875
11905.206433	12309.796875
11905.206433	12309.796875
11905.206556	12309.796997
11905.206556	12309.796997
11905.206556	12309.796997
11905.206556	12309.796997
11905.2068	12309.797241
11905.207044	12309.797485
11905.207044	12309.797485
11905.207166	12309.797607
11905.207288	12309.797729
11905.207288	12309.797729
11905.207288	12309.797729
11905.20741	12309.797852
11905.20741	12309.797852
11905.20741	12309.797852
11905.207654	12309.798096
11905.207898	12309.79834
11905.208142	12309.798584
11905.208264	12309.798706
11905.208264	12309.798706
11905.208264	12309.798706
11905.208387	12309.798828
11905.208387	12309.798828
11905.208509	12309.79895
11905.208509	12309.79895
11905.208631	12309.799072
11905.208631	12309.799072
11905.209485	12309.799927
11905.209729	12309.800171
11905.209851	12309.800293
11905.209973	12309.800415
11905.209973	12309.800415
11905.209973	12309.800415
11905.209973	12309.800415
11905.210095	12309.800537
11905.210095	12309.800537
11905.21034	12309.800781
11905.210462	12309.800903
11905.210584	12309.801025
11905.210706	12309.801147
11905.210828	12309.80127
11905.210828	12309.80127
11905.21095	12309.801392
11905.211072	12309.801514
11905.211072	12309.801514
11905.211072	12309.801514
11905.211194	12309.801636
11905.211316	12309.801758
11905.21156	12309.802002
11905.211682	12309.802124
11905.211682	12309.802124
11905.211682	12309.802124
11905.211804	12309.802246
11905.211926	12309.802368
11905.212171	12309.802612
11905.212171	12309.802612
11905.212171	12309.802612
11905.212293	12309.802734
11905.212415	12309.802856
11905.212415	12309.802856
11905.212415	12309.802856
11905.212537	12309.802979
11905.212659	12309.803101
11905.212659	12309.803101
11905.213025	12309.803467
11905.213025	12309.803467
11905.213147	12309.803589
11905.213269	12309.803711
11905.213391	12309.803833
11905.213635	12309.804077
11905.213879	12309.804321
11905.213879	12309.804321
11905.214246	12309.804688
11905.214612	12309.805054
11905.214612	12309.805054
11905.214734	12309.805176
11905.214734	12309.805176
11905.2151	12309.805542
11905.2151	12309.805542
11905.215588	12309.80603
11905.21571	12309.806152
11905.216199	12309.806641
11905.216199	12309.806641
11905.216931	12309.807373
11905.217175	12309.807617
11905.217175	12309.807617
11905.217297	12309.807739
11905.217297	12309.807739
11905.217664	12309.808105
11905.21803	12309.808472
11905.218152	12309.808594
11905.218152	12309.808594
11905.218152	12309.808594
11905.218274	12309.808716
11905.21864	12309.809082
11905.218884	12309.809326
11905.21925	12309.809692
11905.219372	12309.809814
11905.219861	12309.810303
11905.219983	12309.810425
11905.219983	12309.810425
11905.220227	12309.810669
11905.220349	12309.810791
11905.220593	12309.811035
11905.220837	12309.811279
11905.221081	12309.811523
11905.221081	12309.811523
11905.221081	12309.811523
11905.221325	12309.811768
11905.22157	12309.812012
11905.22157	12309.812012
11905.221692	12309.812134
11905.222058	12309.8125
11905.22218	12309.812622
11905.22218	12309.812622
11905.222424	12309.812866
11905.22279	12309.813232
11905.223156	12309.813599
11905.223523	12309.813965
11905.223889	12309.814331
11905.224133	12309.814575
11905.224377	12309.814819
11905.224621	12309.815063
11905.224987	12309.81543
11905.225232	12309.815674
11905.225354	12309.815796
11905.22572	12309.816162
11905.22572	12309.816162
11905.225842	12309.816284
11905.225842	12309.816284
11905.226086	12309.816528
11905.226086	12309.816528
11905.226208	12309.81665
11905.22633	12309.816772
11905.22633	12309.816772
11905.226574	12309.817017
11905.227063	12309.817505
11905.227185	12309.817627
11905.227185	12309.817627
11905.227429	12309.817871
11905.227673	12309.818115
11905.227795	12309.818237
11905.227917	12309.818359
11905.228161	12309.818604
11905.228283	12309.818726
11905.228405	12309.818848
11905.228405	12309.818848
11905.228527	12309.81897
11905.228771	12309.819214
11905.228894	12309.819336
11905.228894	12309.819336
11905.228894	12309.819336
11905.22926	12309.819702
11905.22926	12309.819702
11905.229382	12309.819824
11905.229382	12309.819824
11905.229382	12309.819824
11905.229626	12309.820068
11905.229748	12309.82019
11905.229748	12309.82019
11905.22987	12309.820313
11905.22987	12309.820313
11905.229992	12309.820435
11905.229992	12309.820435
11905.229992	12309.820435
11905.230114	12309.820557
11905.230236	12309.820679
11905.230236	12309.820679
11905.230236	12309.820679
11905.230358	12309.820801
11905.23048	12309.820923
11905.23048	12309.820923
11905.230847	12309.821289
11905.230847	12309.821289
11905.230969	12309.821411
11905.230969	12309.821411
11905.230969	12309.821411
11905.230969	12309.821411
11905.231091	12309.821533
11905.231091	12309.821533
11905.231213	12309.821655
11905.231335	12309.821777
11905.231335	12309.821777
11905.231457	12309.821899
11905.231457	12309.821899
11905.231457	12309.821899
11905.231579	12309.822021
11905.231823	12309.822266
11905.231945	12309.822388
11905.232189	12309.822632
11905.232189	12309.822632
11905.232311	12309.822754
11905.232433	12309.822876
11905.232556	12309.822998
11905.232678	12309.82312
11905.232922	12309.823364
11905.232922	12309.823364
11905.233044	12309.823486
11905.233044	12309.823486
11905.23341	12309.823853
11905.23341	12309.823853
11905.23402	12309.824463
11905.234142	12309.824585
11905.234387	12309.824829
11905.234387	12309.824829
11905.234631	12309.825073
11905.234753	12309.825195
11905.234753	12309.825195
11905.234875	12309.825317
11905.235241	12309.825684
11905.235607	12309.82605
11905.235607	12309.82605
11905.235607	12309.82605
11905.235729	12309.826172
11905.235729	12309.826172
11905.235851	12309.826294
11905.236095	12309.826538
11905.236584	12309.827026
11905.23695	12309.827393
11905.237438	12309.827881
11905.238293	12309.828735
11905.238293	12309.828735
11905.238415	12309.828857
11905.238659	12309.829102
11905.238781	12309.829224
11905.238781	12309.829224
11905.238903	12309.829346
11905.239025	12309.829468
11905.239147	12309.82959
11905.239147	12309.82959
11905.239513	12309.829956
11905.239757	12309.8302
11905.240368	12309.830811
11905.240368	12309.830811
11905.240368	12309.830811
11905.240368	12309.830811
11905.24049	12309.830933
11905.240612	12309.831055
11905.240978	12309.831421
11905.2411	12309.831543
11905.241344	12309.831787
11905.241588	12309.832031
11905.24171	12309.832153
11905.241833	12309.832275
11905.242077	12309.83252
11905.242077	12309.83252
11905.242199	12309.832642
11905.242443	12309.832886
11905.242687	12309.83313
11905.242809	12309.833252
11905.242809	12309.833252
11905.243053	12309.833496
11905.243053	12309.833496
11905.243297	12309.83374
11905.243541	12309.833984
11905.243541	12309.833984
11905.243664	12309.834106
11905.244762	12309.835205
11905.245006	12309.835449
11905.245495	12309.835938
11905.245617	12309.83606
11905.246227	12309.83667
11905.246593	12309.837036
11905.247203	12309.837646
11905.24757	12309.838013
11905.24757	12309.838013
11905.247814	12309.838257
11905.248302	12309.838745
11905.248546	12309.838989
11905.24879	12309.839233
11905.248912	12309.839355
11905.250011	12309.840454
11905.250621	12309.841064
11905.250743	12309.841187
11905.250987	12309.841431
11905.250987	12309.841431
11905.251232	12309.841675
11905.251476	12309.841919
11905.251598	12309.842041
11905.251598	12309.842041
11905.251842	12309.842285
11905.251842	12309.842285
11905.252086	12309.842529
11905.252208	12309.842651
11905.25233	12309.842773
11905.252452	12309.842896
11905.252452	12309.842896
11905.252574	12309.843018
11905.253307	12309.84375
11905.253673	12309.844116
11905.253673	12309.844116
11905.253795	12309.844238
11905.254527	12309.844971
11905.254527	12309.844971
11905.254772	12309.845215
11905.25526	12309.845703
11905.255504	12309.845947
11905.255626	12309.846069
11905.25587	12309.846313
11905.256114	12309.846558
11905.256847	12309.84729
11905.256847	12309.84729
11905.257213	12309.847656
11905.257213	12309.847656
11905.257701	12309.848145
11905.257701	12309.848145
11905.258433	12309.848877
11905.258433	12309.848877
11905.258922	12309.849365
11905.259166	12309.849609
11905.260142	12309.850586
11905.260387	12309.85083
11905.261363	12309.851807
11905.261729	12309.852173
11905.261851	12309.852295
11905.26295	12309.853394
11905.26295	12309.853394
11905.263316	12309.85376
11905.263438	12309.853882
11905.264171	12309.854614
11905.264415	12309.854858
11905.264537	12309.85498
11905.265391	12309.855835
11905.265635	12309.856079
11905.26649	12309.856934
11905.26649	12309.856934
11905.266978	12309.857422
11905.2671	12309.857544
11905.26771	12309.858154
11905.268565	12309.859009
11905.269297	12309.859741
11905.27003	12309.860474
11905.271128	12309.861572
11905.271372	12309.861816
11905.271495	12309.861938
11905.271861	12309.862305
11905.272227	12309.862671
11905.272471	12309.862915
11905.272715	12309.863159
11905.273692	12309.864136
11905.273936	12309.86438
11905.274302	12309.864746
11905.275034	12309.865479
11905.275034	12309.865479
11905.275645	12309.866089
11905.276011	12309.866455
11905.276621	12309.867065
11905.277842	12309.868286
11905.278818	12309.869263
11905.279063	12309.869507
11905.282358	12309.872803
11905.282603	12309.873047
11905.284189	12309.874634
11905.285898	12309.876343
11905.287363	12309.877808
11905.287851	12309.878296
11905.288706	12309.87915
11905.288706	12309.87915
11905.288706	12309.87915
11905.289682	12309.880127
