#ttrig = 90918480.3784
# time 	 unbarycentered time 
11506.851868	11911.428467
11506.856995	11911.433594
11506.856995	11911.433594
11506.866882	11911.443481
11506.867981	11911.44458
11506.877258	11911.453857
11506.888732	11911.465332
11506.890075	11911.466675
11506.89337	11911.469971
11506.902281	11911.478882
11506.903624	11911.480225
11506.903746	11911.480347
11506.909727	11911.486328
11506.909971	11911.486572
11506.910215	11911.486816
11506.910704	11911.487305
11506.913755	11911.490356
11506.913877	11911.490479
11506.916197	11911.492798
11506.917173	11911.493774
11506.917417	11911.494019
11506.920103	11911.496704
11506.921324	11911.497925
11506.922788	11911.49939
11506.922788	11911.49939
11506.922788	11911.49939
11506.923032	11911.499634
11506.923887	11911.500488
11506.924131	11911.500732
11506.926084	11911.502686
11506.926939	11911.50354
11506.927305	11911.503906
11506.927915	11911.504517
11506.928037	11911.504639
11506.929502	11911.506104
11506.930356	11911.506958
11506.931089	11911.50769
11506.931455	11911.508057
11506.931943	11911.508545
11506.932309	11911.508911
11506.932309	11911.508911
11506.932432	11911.509033
11506.932554	11911.509155
11506.932798	11911.509399
11506.93292	11911.509521
11506.93292	11911.509521
11506.93292	11911.509521
11506.933042	11911.509644
11506.933042	11911.509644
11506.933164	11911.509766
11506.933774	11911.510376
11506.934263	11911.510864
11506.934507	11911.511108
11506.934507	11911.511108
11506.934507	11911.511108
11506.934629	11911.51123
11506.934629	11911.51123
11506.934629	11911.51123
11506.934873	11911.511475
11506.934995	11911.511597
11506.935117	11911.511719
11506.935239	11911.511841
11506.935361	11911.511963
11506.935361	11911.511963
11506.935361	11911.511963
11506.935483	11911.512085
11506.935727	11911.512329
11506.935849	11911.512451
11506.935971	11911.512573
11506.935971	11911.512573
11506.936094	11911.512695
11506.936216	11911.512817
11506.936582	11911.513184
11506.936704	11911.513306
11506.936826	11911.513428
11506.937192	11911.513794
11506.937192	11911.513794
11506.937314	11911.513916
11506.937436	11911.514038
11506.937436	11911.514038
11506.937558	11911.51416
11506.93768	11911.514282
11506.938169	11911.514771
11506.938291	11911.514893
11506.938413	11911.515015
11506.938657	11911.515259
11506.938901	11911.515503
11506.939145	11911.515747
11506.939145	11911.515747
11506.939389	11911.515991
11506.939511	11911.516113
11506.939878	11911.516479
11506.939878	11911.516479
11506.939878	11911.516479
11506.940976	11911.517578
11506.940976	11911.517578
11506.941098	11911.5177
11506.941098	11911.5177
11506.941831	11911.518433
11506.942685	11911.519287
11506.942929	11911.519531
11506.943418	11911.52002
11506.943418	11911.52002
11506.94354	11911.520142
11506.94354	11911.520142
11506.945126	11911.521729
11506.945249	11911.521851
11506.945249	11911.521851
11506.945493	11911.522095
11506.945859	11911.522461
11506.945981	11911.522583
11506.946591	11911.523193
11506.946835	11911.523438
11506.946957	11911.52356
11506.946957	11911.52356
11506.946957	11911.52356
11506.94708	11911.523682
11506.947324	11911.523926
11506.947446	11911.524048
11506.947812	11911.524414
11506.947812	11911.524414
11506.948178	11911.52478
11506.948544	11911.525146
11506.949521	11911.526123
11506.949643	11911.526245
11506.949887	11911.526489
11506.950253	11911.526855
11506.95123	11911.527832
11506.951718	11911.52832
11506.951962	11911.528564
11506.953305	11911.529907
11506.953427	11911.530029
11506.953915	11911.530518
11506.954281	11911.530884
11506.955014	11911.531616
11506.955014	11911.531616
11506.955014	11911.531616
11506.955868	11911.532471
11506.95599	11911.532593
11506.956601	11911.533203
11506.957943	11911.534546
11506.958065	11911.534668
11506.958188	11911.53479
11506.958188	11911.53479
11506.959896	11911.536499
11506.961483	11911.538086
11506.961727	11911.53833
11506.962094	11911.538696
11506.963436	11911.540039
11506.964047	11911.540649
11506.964291	11911.540894
11506.965023	11911.541626
11506.96661	11911.543213
11506.96661	11911.543213
11506.96954	11911.546143
11506.96954	11911.546143
11506.969784	11911.546387
11506.97015	11911.546753
11506.97076	11911.547363
11506.971127	11911.547729
11506.973934	11911.550537
11506.974422	11911.551025
11506.975399	11911.552002
11506.976009	11911.552612
11506.979061	11911.555664
11506.98077	11911.557373
11506.980892	11911.557495
11506.981136	11911.557739
11506.982967	11911.55957
11506.983089	11911.559692
11506.983699	11911.560303
11506.984554	11911.561157
11506.984676	11911.561279
11506.986019	11911.562622
11506.986263	11911.562866
11506.986629	11911.563232
11506.987483	11911.564087
11506.988704	11911.565308
11506.988948	11911.565552
11506.994197	11911.570801
11506.994563	11911.571167
11506.994929	11911.571533
11506.997981	11911.574585
11506.998958	11911.575562
11506.999324	11911.575928
11506.999812	11911.576416
11507.000178	11911.576782
11507.001643	11911.578247
11507.002131	11911.578735
11507.002253	11911.578857
11507.002498	11911.579102
11507.007502	11911.584106
11507.007869	11911.584473
11507.009211	11911.585815
11507.009822	11911.586426
11507.009944	11911.586548
11507.009944	11911.586548
11507.01031	11911.586914
11507.018244	11911.594849
11507.019099	11911.595703
11507.020685	11911.59729
11507.021906	11911.598511
11507.031183	11911.607788
11507.032892	11911.609497
11507.034967	11911.611572
11507.036188	11911.612793
11507.038385	11911.61499
11507.039484	11911.616089
11507.039606	11911.616211
11507.042535	11911.619141
11507.042902	11911.619507
11507.043512	11911.620117
11507.046563	11911.623169
11507.046563	11911.623169
11507.046563	11911.623169
11507.048516	11911.625122
11507.050958	11911.627563
11507.052789	11911.629395
11507.052911	11911.629517
11507.053887	11911.630493
11507.054864	11911.63147
11507.057915	11911.634521
11507.059868	11911.636475
11507.060845	11911.637451
11507.061089	11911.637695
11507.062554	11911.63916
11507.062798	11911.639404
11507.064507	11911.641113
11507.065972	11911.642578
11507.067925	11911.644531
11507.069878	11911.646484
11507.075859	11911.652466
11507.078056	11911.654663
11507.078545	11911.655151
11507.078667	11911.655273
11507.080986	11911.657593
11507.084282	11911.660889
11507.084526	11911.661133
11507.087211	11911.663818
11507.091972	11911.668579
11507.093193	11911.6698
11507.096977	11911.673584
11507.097953	11911.674561
11507.09893	11911.675537
11507.115775	11911.692383
11507.127371	11911.703979
11507.137136	11911.713745
11507.137259	11911.713867
11507.144582	11911.721191
11507.149831	11911.72644
11507.150686	11911.727295
11507.154592	11911.731201
11507.171559	11911.748169
11507.175221	11911.751831
11507.177907	11911.754517
11507.178639	11911.755249
11507.180958	11911.757568
11507.186939	11911.76355
11507.189625	11911.766235
11507.194508	11911.771118
11507.197681	11911.774292
11507.198658	11911.775269
11507.205005	11911.781616
11507.212085	11911.788696
11507.213306	11911.789917
11507.215259	11911.79187
11507.232226	11911.808838
11507.236376	11911.812988
11507.237231	11911.813843
11507.237719	11911.814331
11507.24309	11911.819702
11507.246874	11911.823486
11507.248339	11911.824951
11507.249071	11911.825684
11507.254198	11911.830811
