#ttrig = 90918480.3784
# time 	 unbarycentered time 
17430.548413	17835.459351
17430.548779	17835.459717
17430.549389	17835.460327
17430.550488	17835.461426
17430.55061	17835.461548
17430.555737	17835.466675
17430.563305	17835.474243
17430.564526	17835.475464
17430.566601	17835.477539
17430.566723	17835.477661
17430.566967	17835.477905
17430.567577	17835.478516
17430.569897	17835.480835
17430.570263	17835.481201
17430.572216	17835.483154
17430.572216	17835.483154
17430.572826	17835.483765
17430.572948	17835.483887
17430.573436	17835.484375
17430.573925	17835.484863
17430.573925	17835.484863
17430.575023	17835.485962
17430.575267	17835.486206
17430.575512	17835.48645
17430.575634	17835.486572
17430.577098	17835.488037
17430.577221	17835.488159
17430.577465	17835.488403
17430.579174	17835.490112
17430.579174	17835.490112
17430.57954	17835.490479
17430.581737	17835.492676
17430.581859	17835.492798
17430.581981	17835.49292
17430.58308	17835.494019
17430.58369	17835.494629
17430.584789	17835.495728
17430.584911	17835.49585
17430.585765	17835.496704
17430.585765	17835.496704
17430.586131	17835.49707
17430.586253	17835.497192
17430.587108	17835.498047
17430.587352	17835.498291
17430.587474	17835.498413
17430.587596	17835.498535
17430.58784	17835.498779
17430.588206	17835.499146
17430.589061	17835.5
17430.589183	17835.500122
17430.589427	17835.500366
17430.590037	17835.500977
17430.591014	17835.501953
17430.591624	17835.502563
17430.591746	17835.502686
17430.591991	17835.50293
17430.592235	17835.503174
17430.593211	17835.50415
17430.59431	17835.505249
17430.59431	17835.505249
17430.59492	17835.505859
17430.595652	17835.506592
17430.598094	17835.509033
17430.598582	17835.509521
17430.599314	17835.510254
17430.599925	17835.510864
17430.600047	17835.510986
17430.600291	17835.51123
17430.601268	17835.512207
17430.602244	17835.513184
17430.602366	17835.513306
17430.602732	17835.513672
17430.602854	17835.513794
17430.603587	17835.514526
17430.603709	17835.514648
17430.60493	17835.515869
17430.60493	17835.515869
17430.606028	17835.516968
17430.60615	17835.51709
17430.606272	17835.517212
17430.606638	17835.517578
17430.606761	17835.5177
17430.606761	17835.5177
17430.606883	17835.517822
17430.607737	17835.518677
17430.608469	17835.519409
17430.608714	17835.519653
17430.608836	17835.519775
17430.609812	17835.520752
17430.611155	17835.522095
17430.611277	17835.522217
17430.611643	17835.522583
17430.611765	17835.522705
17430.612498	17835.523438
17430.613474	17835.524414
17430.615427	17835.526367
17430.615671	17835.526611
17430.616404	17835.527344
17430.616648	17835.527588
17430.617746	17835.528687
17430.617869	17835.528809
17430.619577	17835.530518
17430.620066	17835.531006
17430.620066	17835.531006
17430.620432	17835.531372
17430.621042	17835.531982
17430.621408	17835.532349
17430.621653	17835.532593
17430.621897	17835.532837
17430.622507	17835.533447
17430.622629	17835.533569
17430.623239	17835.53418
17430.623484	17835.534424
17430.623484	17835.534424
17430.62446	17835.5354
17430.624948	17835.535889
17430.62507	17835.536011
17430.625193	17835.536133
17430.626779	17835.53772
17430.627146	17835.538086
17430.627756	17835.538696
17430.628	17835.53894
17430.628122	17835.539063
17430.628244	17835.539185
17430.629343	17835.540283
17430.629587	17835.540527
17430.629709	17835.540649
17430.629709	17835.540649
17430.629831	17835.540771
17430.631784	17835.542725
17430.632639	17835.543579
17430.633371	17835.544312
17430.634836	17835.545776
17430.636178	17835.547119
17430.636667	17835.547607
17430.637033	17835.547974
17430.637765	17835.548706
17430.638009	17835.54895
17430.638498	17835.549438
17430.639352	17835.550293
17430.640573	17835.551514
17430.641427	17835.552368
17430.642038	17835.552979
17430.64216	17835.553101
17430.64338	17835.554321
17430.644357	17835.555298
17430.645211	17835.556152
17430.645455	17835.556396
17430.646188	17835.557129
17430.646554	17835.557495
17430.646676	17835.557617
17430.647409	17835.55835
17430.650826	17835.561768
17430.650948	17835.56189
17430.652779	17835.563721
17430.652902	17835.563843
17430.653634	17835.564575
17430.653756	17835.564697
17430.655099	17835.56604
17430.655221	17835.566162
17430.655953	17835.566895
17430.656564	17835.567505
17430.657662	17835.568604
17430.658517	17835.569458
17430.659249	17835.57019
17430.659859	17835.570801
17430.660714	17835.571655
17430.66169	17835.572632
17430.66169	17835.572632
17430.662667	17835.573608
17430.663399	17835.574341
17430.664864	17835.575806
17430.665108	17835.57605
17430.66523	17835.576172
17430.665718	17835.57666
17430.665841	17835.576782
17430.666085	17835.577026
17430.667549	17835.578491
17430.668648	17835.57959
17430.66938	17835.580322
17430.669747	17835.580688
17430.669991	17835.580933
17430.670845	17835.581787
17430.670967	17835.581909
17430.670967	17835.581909
17430.671334	17835.582275
17430.671578	17835.58252
17430.672188	17835.58313
17430.672554	17835.583496
17430.672676	17835.583618
17430.673531	17835.584473
17430.673531	17835.584473
17430.673653	17835.584595
17430.673775	17835.584717
17430.673897	17835.584839
17430.674751	17835.585693
17430.675118	17835.58606
17430.675118	17835.58606
17430.67524	17835.586182
17430.67524	17835.586182
17430.67585	17835.586792
17430.677803	17835.588745
17430.678291	17835.589233
17430.678291	17835.589233
17430.678535	17835.589478
17430.67878	17835.589722
17430.679268	17835.59021
17430.679756	17835.590698
17430.680244	17835.591187
17430.680244	17835.591187
17430.682808	17835.59375
17430.68293	17835.593872
17430.683296	17835.594238
17430.684028	17835.594971
17430.684517	17835.595459
17430.684639	17835.595581
17430.685615	17835.596558
17430.685859	17835.596802
17430.686348	17835.59729
17430.686348	17835.59729
17430.688545	17835.599487
17430.689521	17835.600464
17430.689643	17835.600586
17430.690132	17835.601074
17430.69062	17835.601563
17430.69062	17835.601563
17430.690864	17835.601807
17430.691474	17835.602417
17430.691719	17835.602661
17430.691841	17835.602783
17430.692207	17835.603149
17430.692329	17835.603271
17430.693916	17835.604858
17430.69416	17835.605103
17430.694282	17835.605225
17430.696479	17835.607422
17430.697456	17835.608398
17430.697456	17835.608398
17430.697944	17835.608887
17430.698554	17835.609497
17430.699897	17835.61084
17430.700141	17835.611084
17430.700263	17835.611206
17430.700507	17835.61145
17430.70246	17835.613403
17430.703803	17835.614746
17430.704169	17835.615112
17430.705634	17835.616577
17430.705756	17835.616699
17430.706855	17835.617798
17430.706855	17835.617798
17430.708808	17835.619751
17430.710028	17835.620972
17430.710151	17835.621094
17430.710151	17835.621094
17430.710395	17835.621338
17430.710517	17835.62146
17430.710761	17835.621704
17430.710883	17835.621826
17430.710883	17835.621826
17430.711127	17835.62207
17430.711371	17835.622314
17430.711615	17835.622559
17430.711737	17835.622681
17430.711859	17835.622803
17430.711982	17835.622925
17430.712104	17835.623047
17430.712226	17835.623169
17430.712592	17835.623535
17430.713446	17835.62439
17430.715521	17835.626465
17430.71601	17835.626953
17430.716376	17835.627319
17430.71662	17835.627563
17430.716742	17835.627686
17430.716742	17835.627686
17430.716864	17835.627808
17430.716864	17835.627808
17430.717719	17835.628662
17430.717841	17835.628784
17430.718085	17835.629028
17430.718939	17835.629883
17430.719672	17835.630615
17430.719794	17835.630737
17430.720404	17835.631348
17430.72077	17835.631714
17430.72077	17835.631714
17430.721014	17835.631958
17430.721259	17835.632202
17430.721259	17835.632202
17430.721259	17835.632202
17430.721381	17835.632324
17430.721747	17835.63269
17430.722235	17835.633179
17430.722357	17835.633301
17430.722357	17835.633301
17430.722479	17835.633423
17430.722601	17835.633545
17430.723212	17835.634155
17430.7237	17835.634644
17430.724066	17835.63501
17430.724188	17835.635132
17430.724554	17835.635498
17430.724921	17835.635864
17430.725775	17835.636719
17430.726996	17835.637939
17430.727362	17835.638306
17430.727728	17835.638672
17430.728094	17835.639038
17430.730169	17835.641113
17430.730536	17835.641479
17430.730658	17835.641602
17430.73078	17835.641724
17430.731756	17835.6427
17430.732	17835.642944
17430.732	17835.642944
17430.732977	17835.643921
17430.733221	17835.644165
17430.733465	17835.644409
17430.73432	17835.645264
17430.73432	17835.645264
17430.734442	17835.645386
17430.734808	17835.645752
17430.735052	17835.645996
17430.737005	17835.647949
17430.737371	17835.648315
17430.738226	17835.64917
17430.738592	17835.649536
17430.73908	17835.650024
17430.740789	17835.651733
17430.741277	17835.652222
17430.741766	17835.65271
17430.742376	17835.65332
17430.74262	17835.653564
17430.743475	17835.654419
17430.744085	17835.655029
17430.744817	17835.655762
17430.745184	17835.656128
17430.745794	17835.656738
17430.746282	17835.657227
17430.746282	17835.657227
17430.746282	17835.657227
17430.746404	17835.657349
17430.747625	17835.658569
17430.747625	17835.658569
17430.749944	17835.660889
17430.750066	17835.661011
17430.750188	17835.661133
17430.750554	17835.661499
17430.751165	17835.662109
17430.751531	17835.662476
17430.752019	17835.662964
17430.752874	17835.663818
17430.753728	17835.664673
17430.753972	17835.664917
17430.753972	17835.664917
17430.754338	17835.665283
17430.754583	17835.665527
17430.755315	17835.66626
17430.755437	17835.666382
17430.756169	17835.667114
17430.756292	17835.667236
17430.756902	17835.667847
17430.756902	17835.667847
17430.757024	17835.667969
17430.757024	17835.667969
17430.757512	17835.668457
17430.757756	17835.668701
17430.760686	17835.671631
17430.761662	17835.672607
17430.762273	17835.673218
17430.763982	17835.674927
17430.764348	17835.675293
17430.764592	17835.675537
17430.764836	17835.675781
17430.765691	17835.676636
17430.765813	17835.676758
17430.766179	17835.677124
17430.766545	17835.67749
17430.766667	17835.677612
17430.767033	17835.677979
17430.767155	17835.678101
17430.767888	17835.678833
17430.768132	17835.679077
17430.768742	17835.679688
17430.769475	17835.68042
17430.769719	17835.680664
17430.769841	17835.680786
17430.770573	17835.681519
17430.771672	17835.682617
17430.771916	17835.682861
17430.772038	17835.682983
17430.772648	17835.683594
17430.773137	17835.684082
17430.775578	17835.686523
17430.7757	17835.686646
17430.776555	17835.6875
17430.776799	17835.687744
17430.778019	17835.688965
17430.778263	17835.689209
17430.778263	17835.689209
17430.778263	17835.689209
17430.778752	17835.689697
17430.778996	17835.689941
17430.779972	17835.690918
17430.780461	17835.691406
17430.780705	17835.69165
17430.780705	17835.69165
17430.781681	17835.692627
17430.782292	17835.693237
17430.78339	17835.694336
17430.784611	17835.695557
17430.784733	17835.695679
17430.785221	17835.696167
17430.785709	17835.696655
17430.785832	17835.696777
17430.78632	17835.697266
17430.787174	17835.69812
17430.78754	17835.698486
17430.787785	17835.69873
17430.788151	17835.699097
17430.788639	17835.699585
17430.789249	17835.700195
17430.789616	17835.700562
17430.790226	17835.701172
17430.790592	17835.701538
17430.790836	17835.701782
17430.790958	17835.701904
17430.791202	17835.702148
17430.791325	17835.702271
17430.791325	17835.702271
17430.791935	17835.702881
17430.793033	17835.703979
17430.793278	17835.704224
17430.793888	17835.704834
17430.794254	17835.7052
17430.79462	17835.705566
17430.794742	17835.705688
17430.794987	17835.705933
17430.795841	17835.706787
17430.795841	17835.706787
17430.795841	17835.706787
17430.796085	17835.707031
17430.796329	17835.707275
17430.796573	17835.70752
17430.79694	17835.707886
17430.797184	17835.70813
17430.797184	17835.70813
17430.79755	17835.708496
17430.797794	17835.70874
17430.797916	17835.708862
17430.799259	17835.710205
17430.799259	17835.710205
17430.799747	17835.710693
17430.799747	17835.710693
17430.800357	17835.711304
17430.800724	17835.71167
17430.800846	17835.711792
17430.800968	17835.711914
17430.800968	17835.711914
17430.802066	17835.713013
17430.802188	17835.713135
17430.803043	17835.713989
17430.803531	17835.714478
17430.804019	17835.714966
17430.804019	17835.714966
17430.804264	17835.71521
17430.805118	17835.716064
17430.805118	17835.716064
17430.805362	17835.716309
17430.805484	17835.716431
17430.80585	17835.716797
17430.806095	17835.717041
17430.806339	17835.717285
17430.806461	17835.717407
17430.806827	17835.717773
17430.807193	17835.71814
17430.807559	17835.718506
17430.808292	17835.719238
17430.808902	17835.719849
17430.809512	17835.720459
17430.809634	17835.720581
17430.810123	17835.721069
17430.811588	17835.722534
17430.812076	17835.723022
17430.814273	17835.72522
17430.814273	17835.72522
17430.814395	17835.725342
17430.814517	17835.725464
17430.815127	17835.726074
17430.815127	17835.726074
17430.81525	17835.726196
17430.816714	17835.727661
17430.817447	17835.728394
17430.818667	17835.729614
17430.818667	17835.729614
17430.818911	17835.729858
17430.8194	17835.730347
17430.819522	17835.730469
17430.819766	17835.730713
17430.820254	17835.731201
17430.821109	17835.732056
17430.821719	17835.732666
17430.822207	17835.733154
17430.822818	17835.733765
17430.823306	17835.734253
17430.823672	17835.734619
17430.823916	17835.734863
17430.824893	17835.73584
17430.826358	17835.737305
17430.826846	17835.737793
17430.828066	17835.739014
17430.828189	17835.739136
17430.828433	17835.73938
17430.828433	17835.73938
17430.828799	17835.739746
17430.828921	17835.739868
17430.830264	17835.741211
17430.832095	17835.743042
17430.832705	17835.743652
17430.833193	17835.744141
17430.833559	17835.744507
17430.833559	17835.744507
17430.833926	17835.744873
17430.835146	17835.746094
17430.83539	17835.746338
17430.835757	17835.746704
17430.835879	17835.746826
17430.836001	17835.746948
17430.836611	17835.747559
17430.836855	17835.747803
17430.836855	17835.747803
17430.83771	17835.748657
17430.83771	17835.748657
17430.838686	17835.749634
17430.83893	17835.749878
17430.840273	17835.751221
17430.842104	17835.753052
17430.842836	17835.753784
17430.843203	17835.75415
17430.843325	17835.754272
17430.844179	17835.755127
17430.844301	17835.755249
17430.844423	17835.755371
17430.844423	17835.755371
17430.845034	17835.755981
17430.845278	17835.756226
17430.8454	17835.756348
17430.845644	17835.756592
17430.84601	17835.756958
17430.846254	17835.757202
17430.846254	17835.757202
17430.846498	17835.757446
17430.846621	17835.757568
17430.847597	17835.758545
17430.848207	17835.759155
17430.848329	17835.759277
17430.848329	17835.759277
17430.84894	17835.759888
17430.849794	17835.760742
17430.849794	17835.760742
17430.849916	17835.760864
17430.850649	17835.761597
17430.850893	17835.761841
17430.851503	17835.762451
17430.851991	17835.762939
17430.853578	17835.764526
17430.8537	17835.764648
17430.853822	17835.764771
17430.853944	17835.764893
17430.854311	17835.765259
17430.854799	17835.765747
17430.855409	17835.766357
17430.855775	17835.766724
17430.855775	17835.766724
17430.857362	17835.768311
17430.857729	17835.768677
17430.858827	17835.769775
17430.859193	17835.770142
17430.860048	17835.770996
17430.860292	17835.77124
17430.860414	17835.771362
17430.860902	17835.771851
17430.861146	17835.772095
17430.862611	17835.77356
17430.863222	17835.77417
17430.863344	17835.774292
17430.863344	17835.774292
17430.863466	17835.774414
17430.863832	17835.77478
17430.86493	17835.775879
17430.866029	17835.776978
17430.866639	17835.777588
17430.86786	17835.778809
17430.868348	17835.779297
17430.868592	17835.779541
17430.868714	17835.779663
17430.868837	17835.779785
17430.869081	17835.780029
17430.869325	17835.780273
17430.869447	17835.780396
17430.869691	17835.78064
17430.870301	17835.78125
17430.870668	17835.781616
17430.870668	17835.781616
17430.871034	17835.781982
17430.871156	17835.782104
17430.872621	17835.783569
17430.873597	17835.784546
17430.873841	17835.78479
17430.87494	17835.785889
17430.875062	17835.786011
17430.875306	17835.786255
17430.875428	17835.786377
17430.876161	17835.787109
17430.876283	17835.787231
17430.878724	17835.789673
17430.880067	17835.791016
17430.880799	17835.791748
17430.881653	17835.792603
17430.882142	17835.793091
17430.882264	17835.793213
17430.882508	17835.793457
17430.882996	17835.793945
17430.883362	17835.794312
17430.883851	17835.7948
17430.883973	17835.794922
17430.884095	17835.795044
17430.884461	17835.79541
17430.885682	17835.796631
17430.886048	17835.796997
17430.886902	17835.797852
17430.887146	17835.798096
17430.888001	17835.79895
17430.889222	17835.800171
17430.889344	17835.800293
17430.889832	17835.800781
17430.890076	17835.801025
17430.890442	17835.801392
17430.890808	17835.801758
17430.892029	17835.802979
17430.892395	17835.803345
17430.892517	17835.803467
17430.893006	17835.803955
17430.893006	17835.803955
17430.893494	17835.804443
17430.89447	17835.80542
17430.894715	17835.805664
17430.895081	17835.80603
17430.895447	17835.806396
17430.895569	17835.806519
17430.895813	17835.806763
17430.895813	17835.806763
17430.895935	17835.806885
17430.896057	17835.807007
17430.896423	17835.807373
17430.896668	17835.807617
17430.897278	17835.808228
17430.897278	17835.808228
17430.897522	17835.808472
17430.89801	17835.80896
17430.898132	17835.809082
17430.898377	17835.809326
17430.898621	17835.80957
17430.898743	17835.809692
17430.898743	17835.809692
17430.898987	17835.809937
17430.898987	17835.809937
17430.899231	17835.810181
17430.899719	17835.810669
17430.899841	17835.810791
17430.900085	17835.811035
17430.900085	17835.811035
17430.900085	17835.811035
17430.900208	17835.811157
17430.900208	17835.811157
17430.900208	17835.811157
17430.900696	17835.811646
17430.900696	17835.811646
17430.90094	17835.81189
17430.90094	17835.81189
17430.901062	17835.812012
17430.901062	17835.812012
17430.901184	17835.812134
17430.901306	17835.812256
17430.901428	17835.812378
17430.901672	17835.812622
17430.901672	17835.812622
17430.901672	17835.812622
17430.901794	17835.812744
17430.901794	17835.812744
17430.901916	17835.812866
17430.902161	17835.81311
17430.902283	17835.813232
17430.902405	17835.813354
17430.902405	17835.813354
17430.902405	17835.813354
17430.902527	17835.813477
17430.902527	17835.813477
17430.902649	17835.813599
17430.902771	17835.813721
17430.902893	17835.813843
17430.902893	17835.813843
17430.903137	17835.814087
17430.903259	17835.814209
17430.903381	17835.814331
17430.903503	17835.814453
17430.903503	17835.814453
17430.903625	17835.814575
17430.903625	17835.814575
17430.903747	17835.814697
17430.903747	17835.814697
17430.90387	17835.814819
17430.903992	17835.814941
17430.903992	17835.814941
17430.903992	17835.814941
17430.904114	17835.815063
17430.904114	17835.815063
17430.904114	17835.815063
17430.904114	17835.815063
17430.904114	17835.815063
17430.904114	17835.815063
17430.904114	17835.815063
17430.904236	17835.815186
17430.904236	17835.815186
17430.904236	17835.815186
17430.904358	17835.815308
17430.904358	17835.815308
17430.904358	17835.815308
17430.904358	17835.815308
17430.90448	17835.81543
17430.90448	17835.81543
17430.90448	17835.81543
17430.904602	17835.815552
17430.904602	17835.815552
17430.904602	17835.815552
17430.904602	17835.815552
17430.904724	17835.815674
17430.904724	17835.815674
17430.904846	17835.815796
17430.904846	17835.815796
17430.904968	17835.815918
17430.904968	17835.815918
17430.904968	17835.815918
17430.904968	17835.815918
17430.90509	17835.81604
17430.90509	17835.81604
17430.90509	17835.81604
17430.90509	17835.81604
17430.90509	17835.81604
17430.905212	17835.816162
17430.905212	17835.816162
17430.905212	17835.816162
17430.905334	17835.816284
17430.905334	17835.816284
17430.905334	17835.816284
17430.905456	17835.816406
17430.905456	17835.816406
17430.905578	17835.816528
17430.905578	17835.816528
17430.905578	17835.816528
17430.905578	17835.816528
17430.905578	17835.816528
17430.905578	17835.816528
17430.905701	17835.81665
17430.905701	17835.81665
17430.905701	17835.81665
17430.905701	17835.81665
17430.905823	17835.816772
17430.905823	17835.816772
17430.905823	17835.816772
17430.905945	17835.816895
17430.905945	17835.816895
17430.906067	17835.817017
17430.906067	17835.817017
17430.906067	17835.817017
17430.906067	17835.817017
17430.906189	17835.817139
17430.906189	17835.817139
17430.906189	17835.817139
17430.906189	17835.817139
17430.906189	17835.817139
17430.906189	17835.817139
17430.906189	17835.817139
17430.906189	17835.817139
17430.906189	17835.817139
17430.906189	17835.817139
17430.906311	17835.817261
17430.906311	17835.817261
17430.906311	17835.817261
17430.906433	17835.817383
17430.906433	17835.817383
17430.906433	17835.817383
17430.906433	17835.817383
17430.906555	17835.817505
17430.906555	17835.817505
17430.906555	17835.817505
17430.906677	17835.817627
17430.906677	17835.817627
17430.906677	17835.817627
17430.906799	17835.817749
17430.906799	17835.817749
17430.906799	17835.817749
17430.906799	17835.817749
17430.906921	17835.817871
17430.906921	17835.817871
17430.907043	17835.817993
17430.907043	17835.817993
17430.907165	17835.818115
17430.907165	17835.818115
17430.907165	17835.818115
17430.907165	17835.818115
17430.907165	17835.818115
17430.907165	17835.818115
17430.907165	17835.818115
17430.907165	17835.818115
17430.907287	17835.818237
17430.907287	17835.818237
17430.907287	17835.818237
17430.907287	17835.818237
17430.907409	17835.818359
17430.907654	17835.818604
17430.907654	17835.818604
17430.907654	17835.818604
17430.907654	17835.818604
17430.907654	17835.818604
17430.907654	17835.818604
17430.907776	17835.818726
17430.907776	17835.818726
17430.907898	17835.818848
17430.907898	17835.818848
17430.90802	17835.81897
17430.90802	17835.81897
17430.90802	17835.81897
17430.908142	17835.819092
17430.908142	17835.819092
17430.908142	17835.819092
17430.908264	17835.819214
17430.908264	17835.819214
17430.908264	17835.819214
17430.908264	17835.819214
17430.908264	17835.819214
17430.908508	17835.819458
17430.908508	17835.819458
17430.908508	17835.819458
17430.908508	17835.819458
17430.90863	17835.81958
17430.90863	17835.81958
17430.90863	17835.81958
17430.908752	17835.819702
17430.908874	17835.819824
17430.908874	17835.819824
17430.908996	17835.819946
17430.908996	17835.819946
17430.909118	17835.820068
17430.909118	17835.820068
17430.909118	17835.820068
17430.909118	17835.820068
17430.909118	17835.820068
17430.90924	17835.82019
17430.90924	17835.82019
17430.909363	17835.820313
17430.909485	17835.820435
17430.909485	17835.820435
17430.909607	17835.820557
17430.909729	17835.820679
17430.909729	17835.820679
17430.909729	17835.820679
17430.909851	17835.820801
17430.909851	17835.820801
17430.909973	17835.820923
17430.909973	17835.820923
17430.909973	17835.820923
17430.909973	17835.820923
17430.910095	17835.821045
17430.910217	17835.821167
17430.910217	17835.821167
17430.910217	17835.821167
17430.910217	17835.821167
17430.910217	17835.821167
17430.910339	17835.821289
17430.910339	17835.821289
17430.910339	17835.821289
17430.910339	17835.821289
17430.910461	17835.821411
17430.910461	17835.821411
17430.910705	17835.821655
17430.910705	17835.821655
17430.911438	17835.822388
17430.91156	17835.82251
17430.911682	17835.822632
17430.911804	17835.822754
17430.911926	17835.822876
17430.912048	17835.822998
17430.912292	17835.823242
17430.912414	17835.823364
17430.912658	17835.823608
17430.912658	17835.823608
17430.91278	17835.82373
17430.912902	17835.823853
17430.912902	17835.823853
17430.913269	17835.824219
17430.913391	17835.824341
17430.913391	17835.824341
17430.913513	17835.824463
17430.913757	17835.824707
17430.913757	17835.824707
17430.913879	17835.824829
17430.914245	17835.825195
17430.914245	17835.825195
17430.914367	17835.825317
17430.914489	17835.825439
17430.914489	17835.825439
17430.914611	17835.825562
17430.914611	17835.825562
17430.914611	17835.825562
17430.914733	17835.825684
17430.914733	17835.825684
17430.914855	17835.825806
17430.914978	17835.825928
17430.9151	17835.82605
17430.9151	17835.82605
17430.915222	17835.826172
17430.915344	17835.826294
17430.915344	17835.826294
17430.915344	17835.826294
17430.915466	17835.826416
17430.915466	17835.826416
17430.915466	17835.826416
17430.915466	17835.826416
17430.915466	17835.826416
17430.915588	17835.826538
17430.915832	17835.826782
17430.915832	17835.826782
17430.915954	17835.826904
17430.916076	17835.827026
17430.916198	17835.827148
17430.91632	17835.827271
17430.916564	17835.827515
17430.916686	17835.827637
17430.916686	17835.827637
17430.916809	17835.827759
17430.917053	17835.828003
17430.917053	17835.828003
17430.917175	17835.828125
17430.917175	17835.828125
17430.917297	17835.828247
17430.917297	17835.828247
17430.917297	17835.828247
17430.917297	17835.828247
17430.917419	17835.828369
17430.917419	17835.828369
17430.917419	17835.828369
17430.917419	17835.828369
17430.917419	17835.828369
17430.917541	17835.828491
17430.917541	17835.828491
17430.917541	17835.828491
17430.917663	17835.828613
17430.917663	17835.828613
17430.917663	17835.828613
17430.917663	17835.828613
17430.917785	17835.828735
17430.917785	17835.828735
17430.917907	17835.828857
17430.917907	17835.828857
17430.917907	17835.828857
17430.917907	17835.828857
17430.917907	17835.828857
17430.917907	17835.828857
17430.917907	17835.828857
17430.917907	17835.828857
17430.918029	17835.828979
17430.918029	17835.828979
17430.918151	17835.829102
17430.918151	17835.829102
17430.918151	17835.829102
17430.918151	17835.829102
17430.918151	17835.829102
17430.918273	17835.829224
17430.918273	17835.829224
17430.918273	17835.829224
17430.918273	17835.829224
17430.918273	17835.829224
17430.918395	17835.829346
17430.918395	17835.829346
17430.918395	17835.829346
17430.918395	17835.829346
17430.918517	17835.829468
17430.918517	17835.829468
17430.918517	17835.829468
17430.918517	17835.829468
17430.91864	17835.82959
17430.91864	17835.82959
17430.91864	17835.82959
17430.918762	17835.829712
17430.918762	17835.829712
17430.918762	17835.829712
17430.918762	17835.829712
17430.918884	17835.829834
17430.918884	17835.829834
17430.918884	17835.829834
17430.918884	17835.829834
17430.918884	17835.829834
17430.918884	17835.829834
17430.918884	17835.829834
17430.918884	17835.829834
17430.919006	17835.829956
17430.919006	17835.829956
17430.919006	17835.829956
17430.919006	17835.829956
17430.919006	17835.829956
17430.919006	17835.829956
17430.919006	17835.829956
17430.919006	17835.829956
17430.919128	17835.830078
17430.919128	17835.830078
17430.919128	17835.830078
17430.919128	17835.830078
17430.919128	17835.830078
17430.919128	17835.830078
17430.91925	17835.8302
17430.91925	17835.8302
17430.91925	17835.8302
17430.91925	17835.8302
17430.91925	17835.8302
17430.91925	17835.8302
17430.91925	17835.8302
17430.91925	17835.8302
17430.91925	17835.8302
17430.919372	17835.830322
17430.919372	17835.830322
17430.919372	17835.830322
17430.919372	17835.830322
17430.919372	17835.830322
17430.919494	17835.830444
17430.919494	17835.830444
17430.919494	17835.830444
17430.919494	17835.830444
17430.919494	17835.830444
17430.919494	17835.830444
17430.919494	17835.830444
17430.919494	17835.830444
17430.919494	17835.830444
17430.919616	17835.830566
17430.919616	17835.830566
17430.919616	17835.830566
17430.919616	17835.830566
17430.919738	17835.830688
17430.919738	17835.830688
17430.919738	17835.830688
17430.91986	17835.830811
17430.91986	17835.830811
17430.91986	17835.830811
17430.91986	17835.830811
17430.91986	17835.830811
17430.91986	17835.830811
17430.91986	17835.830811
17430.91986	17835.830811
17430.91986	17835.830811
17430.91986	17835.830811
17430.919982	17835.830933
17430.919982	17835.830933
17430.919982	17835.830933
17430.919982	17835.830933
17430.919982	17835.830933
17430.919982	17835.830933
17430.919982	17835.830933
17430.919982	17835.830933
17430.920104	17835.831055
17430.920104	17835.831055
17430.920104	17835.831055
17430.920104	17835.831055
17430.920104	17835.831055
17430.920104	17835.831055
17430.920104	17835.831055
17430.920226	17835.831177
17430.920226	17835.831177
17430.920226	17835.831177
17430.920226	17835.831177
17430.920226	17835.831177
17430.920226	17835.831177
17430.920226	17835.831177
17430.920348	17835.831299
17430.920348	17835.831299
17430.920348	17835.831299
17430.920348	17835.831299
17430.920348	17835.831299
17430.920471	17835.831421
17430.920471	17835.831421
17430.920471	17835.831421
17430.920471	17835.831421
17430.920471	17835.831421
17430.920471	17835.831421
17430.920471	17835.831421
17430.920471	17835.831421
17430.920471	17835.831421
17430.920471	17835.831421
17430.920593	17835.831543
17430.920593	17835.831543
17430.920593	17835.831543
17430.920593	17835.831543
17430.920593	17835.831543
17430.920593	17835.831543
17430.920715	17835.831665
17430.920715	17835.831665
17430.920715	17835.831665
17430.920715	17835.831665
17430.920715	17835.831665
17430.920715	17835.831665
17430.920715	17835.831665
17430.920715	17835.831665
17430.920715	17835.831665
17430.920837	17835.831787
17430.920837	17835.831787
17430.920837	17835.831787
17430.920837	17835.831787
17430.920837	17835.831787
17430.920837	17835.831787
17430.920959	17835.831909
17430.920959	17835.831909
17430.920959	17835.831909
17430.920959	17835.831909
17430.920959	17835.831909
17430.920959	17835.831909
17430.921081	17835.832031
17430.921081	17835.832031
17430.921081	17835.832031
17430.921081	17835.832031
17430.921203	17835.832153
17430.921203	17835.832153
17430.921203	17835.832153
17430.921203	17835.832153
17430.921203	17835.832153
17430.921203	17835.832153
17430.921203	17835.832153
17430.921325	17835.832275
17430.921325	17835.832275
17430.921325	17835.832275
17430.921325	17835.832275
17430.921447	17835.832397
17430.921447	17835.832397
17430.921447	17835.832397
17430.921447	17835.832397
17430.921447	17835.832397
17430.921569	17835.83252
17430.921569	17835.83252
17430.921569	17835.83252
17430.921569	17835.83252
17430.921569	17835.83252
17430.921569	17835.83252
17430.921691	17835.832642
17430.921691	17835.832642
17430.921691	17835.832642
17430.921691	17835.832642
17430.921691	17835.832642
17430.921691	17835.832642
17430.921813	17835.832764
17430.921935	17835.832886
17430.921935	17835.832886
17430.921935	17835.832886
17430.921935	17835.832886
17430.921935	17835.832886
17430.921935	17835.832886
17430.921935	17835.832886
17430.921935	17835.832886
17430.922057	17835.833008
17430.922057	17835.833008
17430.922057	17835.833008
17430.922057	17835.833008
17430.922057	17835.833008
17430.922179	17835.83313
17430.922179	17835.83313
17430.922179	17835.83313
17430.922302	17835.833252
17430.922302	17835.833252
17430.922302	17835.833252
17430.922302	17835.833252
17430.922302	17835.833252
17430.922424	17835.833374
17430.922424	17835.833374
17430.922546	17835.833496
17430.922668	17835.833618
17430.92279	17835.83374
17430.92279	17835.83374
17430.92279	17835.83374
17430.922912	17835.833862
17430.922912	17835.833862
17430.923034	17835.833984
17430.923034	17835.833984
17430.923034	17835.833984
17430.923156	17835.834106
17430.923156	17835.834106
17430.923278	17835.834229
17430.923278	17835.834229
17430.9234	17835.834351
17430.9234	17835.834351
17430.923522	17835.834473
17430.923644	17835.834595
17430.923644	17835.834595
17430.923644	17835.834595
17430.923644	17835.834595
17430.923644	17835.834595
17430.923766	17835.834717
17430.923766	17835.834717
17430.923888	17835.834839
17430.923888	17835.834839
17430.923888	17835.834839
17430.92401	17835.834961
17430.92401	17835.834961
17430.92401	17835.834961
17430.92401	17835.834961
17430.924133	17835.835083
17430.924133	17835.835083
17430.924499	17835.835449
17430.924499	17835.835449
17430.924499	17835.835449
17430.924499	17835.835449
17430.924621	17835.835571
17430.924621	17835.835571
17430.924743	17835.835693
17430.924865	17835.835815
17430.924865	17835.835815
17430.924865	17835.835815
17430.925109	17835.83606
17430.925109	17835.83606
17430.925109	17835.83606
17430.925109	17835.83606
17430.925109	17835.83606
17430.925231	17835.836182
17430.925231	17835.836182
17430.925231	17835.836182
17430.925353	17835.836304
17430.925353	17835.836304
17430.925353	17835.836304
17430.925475	17835.836426
17430.925597	17835.836548
17430.925841	17835.836792
17430.926086	17835.837036
17430.926086	17835.837036
17430.926208	17835.837158
17430.926208	17835.837158
17430.926208	17835.837158
17430.92633	17835.83728
17430.92633	17835.83728
17430.926452	17835.837402
17430.926452	17835.837402
17430.926452	17835.837402
17430.926574	17835.837524
17430.926574	17835.837524
17430.926574	17835.837524
17430.926574	17835.837524
17430.926696	17835.837646
17430.926818	17835.837769
17430.926818	17835.837769
17430.926818	17835.837769
17430.92694	17835.837891
17430.92694	17835.837891
17430.92694	17835.837891
17430.92694	17835.837891
17430.927062	17835.838013
17430.927062	17835.838013
17430.927306	17835.838257
17430.927428	17835.838379
17430.927428	17835.838379
17430.92755	17835.838501
17430.92755	17835.838501
17430.927672	17835.838623
17430.927794	17835.838745
17430.927794	17835.838745
17430.927917	17835.838867
17430.927917	17835.838867
17430.928405	17835.839355
17430.928527	17835.839478
17430.928527	17835.839478
17430.928649	17835.8396
17430.928771	17835.839722
17430.928893	17835.839844
17430.929015	17835.839966
17430.929137	17835.840088
17430.929259	17835.84021
17430.929381	17835.840332
17430.929381	17835.840332
17430.929381	17835.840332
17430.929625	17835.840576
17430.929625	17835.840576
17430.929625	17835.840576
17430.929748	17835.840698
17430.929748	17835.840698
17430.929748	17835.840698
17430.92987	17835.84082
17430.92987	17835.84082
17430.929992	17835.840942
17430.929992	17835.840942
17430.930114	17835.841064
17430.930114	17835.841064
17430.930114	17835.841064
17430.930114	17835.841064
17430.930358	17835.841309
17430.93048	17835.841431
17430.93048	17835.841431
17430.93048	17835.841431
17430.93048	17835.841431
17430.930724	17835.841675
17430.931212	17835.842163
17430.931212	17835.842163
17430.931212	17835.842163
17430.931334	17835.842285
17430.931579	17835.842529
17430.931579	17835.842529
17430.931579	17835.842529
17430.931701	17835.842651
17430.931823	17835.842773
17430.931823	17835.842773
17430.931823	17835.842773
17430.931945	17835.842896
17430.931945	17835.842896
17430.932067	17835.843018
17430.932067	17835.843018
17430.932189	17835.84314
17430.932311	17835.843262
17430.932433	17835.843384
17430.932921	17835.843872
17430.933043	17835.843994
17430.933043	17835.843994
17430.933165	17835.844116
17430.93341	17835.84436
17430.933532	17835.844482
17430.933654	17835.844604
17430.933776	17835.844727
17430.934508	17835.845459
17430.934508	17835.845459
17430.93463	17835.845581
17430.93463	17835.845581
17430.934752	17835.845703
17430.934752	17835.845703
17430.934996	17835.845947
17430.934996	17835.845947
17430.935118	17835.846069
17430.935118	17835.846069
17430.935241	17835.846191
17430.935241	17835.846191
17430.935363	17835.846313
17430.935485	17835.846436
17430.935607	17835.846558
17430.935607	17835.846558
17430.935729	17835.84668
17430.935973	17835.846924
17430.935973	17835.846924
17430.936095	17835.847046
17430.936095	17835.847046
17430.936095	17835.847046
17430.936217	17835.847168
17430.936339	17835.84729
17430.936461	17835.847412
17430.936461	17835.847412
17430.936461	17835.847412
17430.936705	17835.847656
17430.936705	17835.847656
17430.936949	17835.8479
17430.936949	17835.8479
17430.937072	17835.848022
17430.937072	17835.848022
17430.937438	17835.848389
17430.93756	17835.848511
17430.937682	17835.848633
17430.937682	17835.848633
17430.937804	17835.848755
17430.937926	17835.848877
17430.938048	17835.848999
17430.938048	17835.848999
17430.938048	17835.848999
17430.938048	17835.848999
17430.93817	17835.849121
17430.938292	17835.849243
17430.938414	17835.849365
17430.938536	17835.849487
17430.93878	17835.849731
17430.938903	17835.849854
17430.939147	17835.850098
17430.939147	17835.850098
17430.939269	17835.85022
17430.939635	17835.850586
17430.939757	17835.850708
17430.939757	17835.850708
17430.939879	17835.85083
17430.940245	17835.851196
17430.940245	17835.851196
17430.940367	17835.851318
17430.940489	17835.85144
17430.940611	17835.851563
17430.940611	17835.851563
17430.940734	17835.851685
17430.940734	17835.851685
17430.940856	17835.851807
17430.940856	17835.851807
17430.9411	17835.852051
17430.9411	17835.852051
17430.941222	17835.852173
17430.941222	17835.852173
17430.941466	17835.852417
17430.941466	17835.852417
17430.941466	17835.852417
17430.941588	17835.852539
17430.941832	17835.852783
17430.941954	17835.852905
17430.941954	17835.852905
17430.942076	17835.853027
17430.942198	17835.853149
17430.942198	17835.853149
17430.942198	17835.853149
17430.94232	17835.853271
17430.94232	17835.853271
17430.942442	17835.853394
17430.942442	17835.853394
17430.942442	17835.853394
17430.942565	17835.853516
17430.942687	17835.853638
17430.942687	17835.853638
17430.942687	17835.853638
17430.942809	17835.85376
17430.942809	17835.85376
17430.942931	17835.853882
17430.942931	17835.853882
17430.943053	17835.854004
17430.943053	17835.854004
17430.943175	17835.854126
17430.943297	17835.854248
17430.943419	17835.85437
17430.943419	17835.85437
17430.943541	17835.854492
17430.943663	17835.854614
17430.943907	17835.854858
17430.943907	17835.854858
17430.944029	17835.85498
17430.944151	17835.855103
17430.944273	17835.855225
17430.944518	17835.855469
17430.944762	17835.855713
17430.945128	17835.856079
17430.945128	17835.856079
17430.945128	17835.856079
17430.945128	17835.856079
17430.945372	17835.856323
17430.945372	17835.856323
17430.945494	17835.856445
17430.945494	17835.856445
17430.945738	17835.856689
17430.945738	17835.856689
17430.946226	17835.857178
17430.946226	17835.857178
17430.946226	17835.857178
17430.946349	17835.8573
17430.946349	17835.8573
17430.946715	17835.857666
17430.946715	17835.857666
17430.946837	17835.857788
17430.946837	17835.857788
17430.946959	17835.85791
17430.947203	17835.858154
17430.947325	17835.858276
17430.947325	17835.858276
17430.947325	17835.858276
17430.947569	17835.858521
17430.947569	17835.858521
17430.947569	17835.858521
17430.947691	17835.858643
17430.947935	17835.858887
17430.948057	17835.859009
17430.94818	17835.859131
17430.94818	17835.859131
17430.948302	17835.859253
17430.948302	17835.859253
17430.948424	17835.859375
17430.948546	17835.859497
17430.948546	17835.859497
17430.94879	17835.859741
17430.94879	17835.859741
17430.948912	17835.859863
17430.949034	17835.859985
17430.949278	17835.860229
17430.9494	17835.860352
17430.9494	17835.860352
17430.949522	17835.860474
17430.949766	17835.860718
17430.949888	17835.86084
17430.949888	17835.86084
17430.949888	17835.86084
17430.950011	17835.860962
17430.950133	17835.861084
17430.950133	17835.861084
17430.950133	17835.861084
17430.950255	17835.861206
17430.950255	17835.861206
17430.950255	17835.861206
17430.950255	17835.861206
17430.950377	17835.861328
17430.950377	17835.861328
17430.950499	17835.86145
17430.950621	17835.861572
17430.950621	17835.861572
17430.950865	17835.861816
17430.950987	17835.861938
17430.950987	17835.861938
17430.950987	17835.861938
17430.951109	17835.862061
17430.951231	17835.862183
17430.951231	17835.862183
17430.951231	17835.862183
17430.951231	17835.862183
17430.951353	17835.862305
17430.951353	17835.862305
17430.951475	17835.862427
17430.951475	17835.862427
17430.951597	17835.862549
17430.951597	17835.862549
17430.951597	17835.862549
17430.951597	17835.862549
17430.951597	17835.862549
17430.951719	17835.862671
17430.951719	17835.862671
17430.951842	17835.862793
17430.951842	17835.862793
17430.951964	17835.862915
17430.952208	17835.863159
17430.952208	17835.863159
17430.952208	17835.863159
17430.952208	17835.863159
17430.952208	17835.863159
17430.95233	17835.863281
17430.95233	17835.863281
17430.952574	17835.863525
17430.952574	17835.863525
17430.952574	17835.863525
17430.952696	17835.863647
17430.952696	17835.863647
17430.952696	17835.863647
17430.952696	17835.863647
17430.952818	17835.86377
17430.95294	17835.863892
17430.95294	17835.863892
17430.95294	17835.863892
17430.95294	17835.863892
17430.95294	17835.863892
17430.953062	17835.864014
17430.953062	17835.864014
17430.953062	17835.864014
17430.953062	17835.864014
17430.953062	17835.864014
17430.953062	17835.864014
17430.953184	17835.864136
17430.953184	17835.864136
17430.953184	17835.864136
17430.953184	17835.864136
17430.953306	17835.864258
17430.953306	17835.864258
17430.953306	17835.864258
17430.953428	17835.86438
17430.953428	17835.86438
17430.953428	17835.86438
17430.95355	17835.864502
17430.95355	17835.864502
17430.95355	17835.864502
17430.95355	17835.864502
17430.95355	17835.864502
17430.95355	17835.864502
17430.95355	17835.864502
17430.95355	17835.864502
17430.953673	17835.864624
17430.953673	17835.864624
17430.953673	17835.864624
17430.953673	17835.864624
17430.953673	17835.864624
17430.953673	17835.864624
17430.953795	17835.864746
17430.953795	17835.864746
17430.953795	17835.864746
17430.953795	17835.864746
17430.953795	17835.864746
17430.953795	17835.864746
17430.953795	17835.864746
17430.953917	17835.864868
17430.953917	17835.864868
17430.953917	17835.864868
17430.953917	17835.864868
17430.953917	17835.864868
17430.954039	17835.86499
17430.954039	17835.86499
17430.954039	17835.86499
17430.954039	17835.86499
17430.954161	17835.865112
17430.954161	17835.865112
17430.954161	17835.865112
17430.954283	17835.865234
17430.954283	17835.865234
17430.954283	17835.865234
17430.954283	17835.865234
17430.954283	17835.865234
17430.954283	17835.865234
17430.954283	17835.865234
17430.954283	17835.865234
17430.954405	17835.865356
17430.954405	17835.865356
17430.954405	17835.865356
17430.954405	17835.865356
17430.954405	17835.865356
17430.954527	17835.865479
17430.954527	17835.865479
17430.954649	17835.865601
17430.954649	17835.865601
17430.954649	17835.865601
17430.954649	17835.865601
17430.954649	17835.865601
17430.954649	17835.865601
17430.954649	17835.865601
17430.954649	17835.865601
17430.954771	17835.865723
17430.954771	17835.865723
17430.954771	17835.865723
17430.954771	17835.865723
17430.954771	17835.865723
17430.954893	17835.865845
17430.954893	17835.865845
17430.954893	17835.865845
17430.954893	17835.865845
17430.954893	17835.865845
17430.954893	17835.865845
17430.954893	17835.865845
17430.954893	17835.865845
17430.954893	17835.865845
17430.954893	17835.865845
17430.955015	17835.865967
17430.955015	17835.865967
17430.955015	17835.865967
17430.955015	17835.865967
17430.955015	17835.865967
17430.955015	17835.865967
17430.955015	17835.865967
17430.955137	17835.866089
17430.955137	17835.866089
17430.955137	17835.866089
17430.955137	17835.866089
17430.955137	17835.866089
17430.955137	17835.866089
17430.955137	17835.866089
17430.955137	17835.866089
17430.955259	17835.866211
17430.955259	17835.866211
17430.955259	17835.866211
17430.955259	17835.866211
17430.955259	17835.866211
17430.955259	17835.866211
17430.955259	17835.866211
17430.955259	17835.866211
17430.955259	17835.866211
17430.955259	17835.866211
17430.955381	17835.866333
17430.955381	17835.866333
17430.955381	17835.866333
17430.955381	17835.866333
17430.955381	17835.866333
17430.955381	17835.866333
17430.955381	17835.866333
17430.955381	17835.866333
17430.955381	17835.866333
17430.955504	17835.866455
17430.955504	17835.866455
17430.955504	17835.866455
17430.955504	17835.866455
17430.955626	17835.866577
17430.955626	17835.866577
17430.955626	17835.866577
17430.955626	17835.866577
17430.955626	17835.866577
17430.955626	17835.866577
17430.955748	17835.866699
17430.955748	17835.866699
17430.955748	17835.866699
17430.95587	17835.866821
17430.95587	17835.866821
17430.95587	17835.866821
17430.95587	17835.866821
17430.95587	17835.866821
17430.955992	17835.866943
17430.955992	17835.866943
17430.955992	17835.866943
17430.955992	17835.866943
17430.955992	17835.866943
17430.956114	17835.867065
17430.956114	17835.867065
17430.956114	17835.867065
17430.956114	17835.867065
17430.956114	17835.867065
17430.956114	17835.867065
17430.956114	17835.867065
17430.956114	17835.867065
17430.956114	17835.867065
17430.956114	17835.867065
17430.956114	17835.867065
17430.956236	17835.867188
17430.956236	17835.867188
17430.956236	17835.867188
17430.956236	17835.867188
17430.956236	17835.867188
17430.956236	17835.867188
17430.956236	17835.867188
17430.956236	17835.867188
17430.956358	17835.86731
17430.956358	17835.86731
17430.956358	17835.86731
17430.956358	17835.86731
17430.956358	17835.86731
17430.956358	17835.86731
17430.956358	17835.86731
17430.95648	17835.867432
17430.95648	17835.867432
17430.95648	17835.867432
17430.95648	17835.867432
17430.95648	17835.867432
17430.95648	17835.867432
17430.95648	17835.867432
17430.95648	17835.867432
17430.95648	17835.867432
17430.956602	17835.867554
17430.956602	17835.867554
17430.956602	17835.867554
17430.956602	17835.867554
17430.956602	17835.867554
17430.956602	17835.867554
17430.956602	17835.867554
17430.956602	17835.867554
17430.956602	17835.867554
17430.956602	17835.867554
17430.956602	17835.867554
17430.956724	17835.867676
17430.956724	17835.867676
17430.956724	17835.867676
17430.956846	17835.867798
17430.956846	17835.867798
17430.956846	17835.867798
17430.956846	17835.867798
17430.956846	17835.867798
17430.956846	17835.867798
17430.956846	17835.867798
17430.956846	17835.867798
17430.956968	17835.86792
17430.956968	17835.86792
17430.956968	17835.86792
17430.956968	17835.86792
17430.956968	17835.86792
17430.956968	17835.86792
17430.95709	17835.868042
17430.95709	17835.868042
17430.95709	17835.868042
17430.957212	17835.868164
17430.957212	17835.868164
17430.957212	17835.868164
17430.957212	17835.868164
17430.957212	17835.868164
17430.957212	17835.868164
17430.957212	17835.868164
17430.957212	17835.868164
17430.957335	17835.868286
17430.957335	17835.868286
17430.957335	17835.868286
17430.957335	17835.868286
17430.957335	17835.868286
17430.957335	17835.868286
17430.957335	17835.868286
17430.957457	17835.868408
17430.957457	17835.868408
17430.957457	17835.868408
17430.957457	17835.868408
17430.957457	17835.868408
17430.957457	17835.868408
17430.957457	17835.868408
17430.957457	17835.868408
17430.957457	17835.868408
17430.957457	17835.868408
17430.957579	17835.86853
17430.957579	17835.86853
17430.957579	17835.86853
17430.957579	17835.86853
17430.957579	17835.86853
17430.957579	17835.86853
17430.957579	17835.86853
17430.957579	17835.86853
17430.957701	17835.868652
17430.957701	17835.868652
17430.957701	17835.868652
17430.957701	17835.868652
17430.957701	17835.868652
17430.957701	17835.868652
17430.957701	17835.868652
17430.957701	17835.868652
17430.957823	17835.868774
17430.957823	17835.868774
17430.957823	17835.868774
17430.957823	17835.868774
17430.957823	17835.868774
17430.957823	17835.868774
17430.957823	17835.868774
17430.957823	17835.868774
17430.957823	17835.868774
17430.957945	17835.868896
17430.957945	17835.868896
17430.957945	17835.868896
17430.957945	17835.868896
17430.957945	17835.868896
17430.957945	17835.868896
17430.958067	17835.869019
17430.958067	17835.869019
17430.958067	17835.869019
17430.958067	17835.869019
17430.958189	17835.869141
17430.958189	17835.869141
17430.958189	17835.869141
17430.958189	17835.869141
17430.958189	17835.869141
17430.958189	17835.869141
17430.958189	17835.869141
17430.958189	17835.869141
17430.958189	17835.869141
17430.958311	17835.869263
17430.958311	17835.869263
17430.958311	17835.869263
17430.958311	17835.869263
17430.958311	17835.869263
17430.958311	17835.869263
17430.958311	17835.869263
17430.958311	17835.869263
17430.958311	17835.869263
17430.958311	17835.869263
17430.958311	17835.869263
17430.958433	17835.869385
17430.958433	17835.869385
17430.958433	17835.869385
17430.958433	17835.869385
17430.958433	17835.869385
17430.958433	17835.869385
17430.958433	17835.869385
17430.958433	17835.869385
17430.958555	17835.869507
17430.958555	17835.869507
17430.958555	17835.869507
17430.958555	17835.869507
17430.958555	17835.869507
17430.958555	17835.869507
17430.958555	17835.869507
17430.958555	17835.869507
17430.958677	17835.869629
17430.958677	17835.869629
17430.958677	17835.869629
17430.958677	17835.869629
17430.958799	17835.869751
17430.958799	17835.869751
17430.958799	17835.869751
17430.958799	17835.869751
17430.958799	17835.869751
17430.958799	17835.869751
17430.958921	17835.869873
17430.958921	17835.869873
17430.958921	17835.869873
17430.958921	17835.869873
17430.958921	17835.869873
17430.958921	17835.869873
17430.958921	17835.869873
17430.958921	17835.869873
17430.958921	17835.869873
17430.959043	17835.869995
17430.959043	17835.869995
17430.959043	17835.869995
17430.959043	17835.869995
17430.959043	17835.869995
17430.959043	17835.869995
17430.959166	17835.870117
17430.959166	17835.870117
17430.959166	17835.870117
17430.959166	17835.870117
17430.959166	17835.870117
17430.959166	17835.870117
17430.959166	17835.870117
17430.959166	17835.870117
17430.959166	17835.870117
17430.959166	17835.870117
17430.959166	17835.870117
17430.959166	17835.870117
17430.959166	17835.870117
17430.959166	17835.870117
17430.959288	17835.870239
17430.959288	17835.870239
17430.959288	17835.870239
17430.95941	17835.870361
17430.95941	17835.870361
17430.95941	17835.870361
17430.959532	17835.870483
17430.959532	17835.870483
17430.959532	17835.870483
17430.959532	17835.870483
17430.959532	17835.870483
17430.959532	17835.870483
17430.959532	17835.870483
17430.959532	17835.870483
17430.959654	17835.870605
17430.959654	17835.870605
17430.959654	17835.870605
17430.959654	17835.870605
17430.959776	17835.870728
17430.959776	17835.870728
17430.959776	17835.870728
17430.959776	17835.870728
17430.959776	17835.870728
17430.959776	17835.870728
17430.959776	17835.870728
17430.959898	17835.87085
17430.959898	17835.87085
17430.959898	17835.87085
17430.959898	17835.87085
17430.959898	17835.87085
17430.96002	17835.870972
17430.96002	17835.870972
17430.96002	17835.870972
17430.96002	17835.870972
17430.96002	17835.870972
17430.96002	17835.870972
17430.96002	17835.870972
17430.96002	17835.870972
17430.960142	17835.871094
17430.960142	17835.871094
17430.960142	17835.871094
17430.960142	17835.871094
17430.960264	17835.871216
17430.960264	17835.871216
17430.960264	17835.871216
17430.960264	17835.871216
17430.960264	17835.871216
17430.960264	17835.871216
17430.960264	17835.871216
17430.960264	17835.871216
17430.960264	17835.871216
17430.960264	17835.871216
17430.960264	17835.871216
17430.960264	17835.871216
17430.960386	17835.871338
17430.960386	17835.871338
17430.960386	17835.871338
17430.960386	17835.871338
17430.960386	17835.871338
17430.960386	17835.871338
17430.960508	17835.87146
17430.960508	17835.87146
17430.960508	17835.87146
17430.960508	17835.87146
17430.960508	17835.87146
17430.960508	17835.87146
17430.96063	17835.871582
17430.96063	17835.871582
17430.96063	17835.871582
17430.960752	17835.871704
17430.960752	17835.871704
17430.960752	17835.871704
17430.960752	17835.871704
17430.960752	17835.871704
17430.960752	17835.871704
17430.960752	17835.871704
17430.960752	17835.871704
17430.960874	17835.871826
17430.960874	17835.871826
17430.960874	17835.871826
17430.960874	17835.871826
17430.960874	17835.871826
17430.960874	17835.871826
17430.960996	17835.871948
17430.960996	17835.871948
17430.960996	17835.871948
17430.960996	17835.871948
17430.960996	17835.871948
17430.960996	17835.871948
17430.960996	17835.871948
17430.960996	17835.871948
17430.960996	17835.871948
17430.961119	17835.87207
17430.961119	17835.87207
17430.961119	17835.87207
17430.961119	17835.87207
17430.961119	17835.87207
17430.961241	17835.872192
17430.961241	17835.872192
17430.961241	17835.872192
17430.961241	17835.872192
17430.961241	17835.872192
17430.961241	17835.872192
17430.961241	17835.872192
17430.961363	17835.872314
17430.961363	17835.872314
17430.961363	17835.872314
17430.961485	17835.872437
17430.961485	17835.872437
17430.961485	17835.872437
17430.961607	17835.872559
17430.961607	17835.872559
17430.961607	17835.872559
17430.961607	17835.872559
17430.961607	17835.872559
17430.961729	17835.872681
17430.961729	17835.872681
17430.961729	17835.872681
17430.961729	17835.872681
17430.961729	17835.872681
17430.961729	17835.872681
17430.961851	17835.872803
17430.961851	17835.872803
17430.961851	17835.872803
17430.961851	17835.872803
17430.961851	17835.872803
17430.961973	17835.872925
17430.961973	17835.872925
17430.961973	17835.872925
17430.961973	17835.872925
17430.961973	17835.872925
17430.962095	17835.873047
17430.962095	17835.873047
17430.962095	17835.873047
17430.962095	17835.873047
17430.962095	17835.873047
17430.962095	17835.873047
17430.962095	17835.873047
17430.962095	17835.873047
17430.962217	17835.873169
17430.962217	17835.873169
17430.962217	17835.873169
17430.962217	17835.873169
17430.962217	17835.873169
17430.962217	17835.873169
17430.962339	17835.873291
17430.962339	17835.873291
17430.962339	17835.873291
17430.962461	17835.873413
17430.962461	17835.873413
17430.962461	17835.873413
17430.962583	17835.873535
17430.962583	17835.873535
17430.962705	17835.873657
17430.962705	17835.873657
17430.962705	17835.873657
17430.962705	17835.873657
17430.962827	17835.873779
17430.962827	17835.873779
17430.962827	17835.873779
17430.962827	17835.873779
17430.962827	17835.873779
17430.962827	17835.873779
17430.962827	17835.873779
17430.96295	17835.873901
17430.96295	17835.873901
17430.96295	17835.873901
17430.96295	17835.873901
17430.96295	17835.873901
17430.963072	17835.874023
17430.963072	17835.874023
17430.963072	17835.874023
17430.963072	17835.874023
17430.963072	17835.874023
17430.963072	17835.874023
17430.963072	17835.874023
17430.963194	17835.874146
17430.963194	17835.874146
17430.963194	17835.874146
17430.963194	17835.874146
17430.963194	17835.874146
17430.963194	17835.874146
17430.963316	17835.874268
17430.963316	17835.874268
17430.963316	17835.874268
17430.963316	17835.874268
17430.963316	17835.874268
17430.963316	17835.874268
17430.963316	17835.874268
17430.963438	17835.87439
17430.963438	17835.87439
17430.96356	17835.874512
17430.96356	17835.874512
17430.96356	17835.874512
17430.96356	17835.874512
17430.96356	17835.874512
17430.963682	17835.874634
17430.963682	17835.874634
17430.963682	17835.874634
17430.963682	17835.874634
17430.963804	17835.874756
17430.963804	17835.874756
17430.963804	17835.874756
17430.963804	17835.874756
17430.963926	17835.874878
17430.963926	17835.874878
17430.963926	17835.874878
17430.963926	17835.874878
17430.963926	17835.874878
17430.964048	17835.875
17430.964048	17835.875
17430.964048	17835.875
17430.96417	17835.875122
17430.96417	17835.875122
17430.96417	17835.875122
17430.96417	17835.875122
17430.964292	17835.875244
17430.964292	17835.875244
17430.964292	17835.875244
17430.964292	17835.875244
17430.964292	17835.875244
17430.964292	17835.875244
17430.964292	17835.875244
17430.964292	17835.875244
17430.964292	17835.875244
17430.964292	17835.875244
17430.964414	17835.875366
17430.964414	17835.875366
17430.964414	17835.875366
17430.964414	17835.875366
17430.964536	17835.875488
17430.964536	17835.875488
17430.964658	17835.87561
17430.964658	17835.87561
17430.964658	17835.87561
17430.964658	17835.87561
17430.964781	17835.875732
17430.964781	17835.875732
17430.964781	17835.875732
17430.964781	17835.875732
17430.964781	17835.875732
17430.964781	17835.875732
17430.964903	17835.875854
17430.965025	17835.875977
17430.965025	17835.875977
17430.965025	17835.875977
17430.965025	17835.875977
17430.965025	17835.875977
17430.965025	17835.875977
17430.965025	17835.875977
17430.965025	17835.875977
17430.965025	17835.875977
17430.965147	17835.876099
17430.965147	17835.876099
17430.965147	17835.876099
17430.965147	17835.876099
17430.965147	17835.876099
17430.965147	17835.876099
17430.965269	17835.876221
17430.965269	17835.876221
17430.965269	17835.876221
17430.965391	17835.876343
17430.965513	17835.876465
17430.965513	17835.876465
17430.965513	17835.876465
17430.965513	17835.876465
17430.965635	17835.876587
17430.965635	17835.876587
17430.965635	17835.876587
17430.965757	17835.876709
17430.965757	17835.876709
17430.965757	17835.876709
17430.965757	17835.876709
17430.965879	17835.876831
17430.965879	17835.876831
17430.965879	17835.876831
17430.966001	17835.876953
17430.966001	17835.876953
17430.966123	17835.877075
17430.966123	17835.877075
17430.966123	17835.877075
17430.966245	17835.877197
17430.966245	17835.877197
17430.966245	17835.877197
17430.966245	17835.877197
17430.966245	17835.877197
17430.966245	17835.877197
17430.966367	17835.877319
17430.966367	17835.877319
17430.966367	17835.877319
17430.966367	17835.877319
17430.966489	17835.877441
17430.966489	17835.877441
17430.966612	17835.877563
17430.966612	17835.877563
17430.966734	17835.877686
17430.966734	17835.877686
17430.966734	17835.877686
17430.966734	17835.877686
17430.966734	17835.877686
17430.966856	17835.877808
17430.966856	17835.877808
17430.966856	17835.877808
17430.966978	17835.87793
17430.966978	17835.87793
17430.9671	17835.878052
17430.9671	17835.878052
17430.9671	17835.878052
17430.9671	17835.878052
17430.967222	17835.878174
17430.967222	17835.878174
17430.967222	17835.878174
17430.967222	17835.878174
17430.967222	17835.878174
17430.967344	17835.878296
17430.967344	17835.878296
17430.967344	17835.878296
17430.967466	17835.878418
17430.967466	17835.878418
17430.967466	17835.878418
17430.967466	17835.878418
17430.967466	17835.878418
17430.967466	17835.878418
17430.967466	17835.878418
17430.967588	17835.87854
17430.967588	17835.87854
17430.967588	17835.87854
17430.967588	17835.87854
17430.967588	17835.87854
17430.96771	17835.878662
17430.96771	17835.878662
17430.967832	17835.878784
17430.967832	17835.878784
17430.967832	17835.878784
17430.967832	17835.878784
17430.967832	17835.878784
17430.967954	17835.878906
17430.967954	17835.878906
17430.968076	17835.879028
17430.968076	17835.879028
17430.968076	17835.879028
17430.968076	17835.879028
17430.968076	17835.879028
17430.968076	17835.879028
17430.968198	17835.87915
17430.968198	17835.87915
17430.968198	17835.87915
17430.968198	17835.87915
17430.968198	17835.87915
17430.968198	17835.87915
17430.96832	17835.879272
17430.96832	17835.879272
17430.96832	17835.879272
17430.968443	17835.879395
17430.968443	17835.879395
17430.968443	17835.879395
17430.968565	17835.879517
17430.968687	17835.879639
17430.968687	17835.879639
17430.968809	17835.879761
17430.968809	17835.879761
17430.968809	17835.879761
17430.968931	17835.879883
17430.968931	17835.879883
17430.968931	17835.879883
17430.968931	17835.879883
17430.968931	17835.879883
17430.969053	17835.880005
17430.969053	17835.880005
17430.969053	17835.880005
17430.969175	17835.880127
17430.969175	17835.880127
17430.969297	17835.880249
17430.969297	17835.880249
17430.969297	17835.880249
17430.969419	17835.880371
17430.969419	17835.880371
17430.969419	17835.880371
17430.969419	17835.880371
17430.969541	17835.880493
17430.969541	17835.880493
17430.969541	17835.880493
17430.969663	17835.880615
17430.969663	17835.880615
17430.969663	17835.880615
17430.969663	17835.880615
17430.969663	17835.880615
17430.969785	17835.880737
17430.969785	17835.880737
17430.969907	17835.880859
17430.969907	17835.880859
17430.969907	17835.880859
17430.969907	17835.880859
17430.970029	17835.880981
17430.970151	17835.881104
17430.970274	17835.881226
17430.970274	17835.881226
17430.970274	17835.881226
17430.970274	17835.881226
17430.970274	17835.881226
17430.970274	17835.881226
17430.970274	17835.881226
17430.970396	17835.881348
17430.970396	17835.881348
17430.970396	17835.881348
17430.970518	17835.88147
17430.970518	17835.88147
17430.970518	17835.88147
17430.970518	17835.88147
17430.97064	17835.881592
17430.970762	17835.881714
17430.970762	17835.881714
17430.970762	17835.881714
17430.970762	17835.881714
17430.970762	17835.881714
17430.970762	17835.881714
17430.970884	17835.881836
17430.970884	17835.881836
17430.970884	17835.881836
17430.970884	17835.881836
17430.971006	17835.881958
17430.971006	17835.881958
17430.971006	17835.881958
17430.971006	17835.881958
17430.971006	17835.881958
17430.971006	17835.881958
17430.971128	17835.88208
17430.971128	17835.88208
17430.971128	17835.88208
17430.971128	17835.88208
17430.971372	17835.882324
17430.971372	17835.882324
17430.971494	17835.882446
17430.971494	17835.882446
17430.971494	17835.882446
17430.971616	17835.882568
17430.971738	17835.88269
17430.971738	17835.88269
17430.971738	17835.88269
17430.971738	17835.88269
17430.971738	17835.88269
17430.97186	17835.882813
17430.97186	17835.882813
17430.971982	17835.882935
17430.972105	17835.883057
17430.972105	17835.883057
17430.972227	17835.883179
17430.972227	17835.883179
17430.972227	17835.883179
17430.972349	17835.883301
17430.972349	17835.883301
17430.972349	17835.883301
17430.972471	17835.883423
17430.972471	17835.883423
17430.972593	17835.883545
17430.972593	17835.883545
17430.972715	17835.883667
17430.972715	17835.883667
17430.972715	17835.883667
17430.972715	17835.883667
17430.972837	17835.883789
17430.972959	17835.883911
17430.973203	17835.884155
17430.973325	17835.884277
17430.973447	17835.884399
17430.973447	17835.884399
17430.973569	17835.884521
17430.973691	17835.884644
17430.973936	17835.884888
17430.974058	17835.88501
17430.974058	17835.88501
17430.974058	17835.88501
17430.97418	17835.885132
17430.974302	17835.885254
17430.974668	17835.88562
17430.974912	17835.885864
17430.975034	17835.885986
17430.975156	17835.886108
17430.975278	17835.88623
17430.975278	17835.88623
17430.975278	17835.88623
17430.9754	17835.886353
17430.9754	17835.886353
17430.9754	17835.886353
17430.975644	17835.886597
17430.975767	17835.886719
17430.976011	17835.886963
17430.976011	17835.886963
17430.976255	17835.887207
17430.976255	17835.887207
17430.976255	17835.887207
17430.976377	17835.887329
17430.976377	17835.887329
17430.976499	17835.887451
17430.976621	17835.887573
17430.976621	17835.887573
17430.977109	17835.888062
17430.977109	17835.888062
17430.977109	17835.888062
17430.977353	17835.888306
17430.977353	17835.888306
17430.977475	17835.888428
17430.97772	17835.888672
17430.97772	17835.888672
17430.977842	17835.888794
17430.977842	17835.888794
17430.977842	17835.888794
17430.977842	17835.888794
17430.977842	17835.888794
17430.977964	17835.888916
17430.977964	17835.888916
17430.97833	17835.889282
17430.978452	17835.889404
17430.978452	17835.889404
17430.978696	17835.889648
17430.978696	17835.889648
17430.978696	17835.889648
17430.978818	17835.889771
17430.978818	17835.889771
17430.978818	17835.889771
17430.978818	17835.889771
17430.97894	17835.889893
17430.979184	17835.890137
17430.979184	17835.890137
17430.979306	17835.890259
17430.979428	17835.890381
17430.979428	17835.890381
17430.979428	17835.890381
17430.979551	17835.890503
17430.979551	17835.890503
17430.979551	17835.890503
17430.979673	17835.890625
17430.979673	17835.890625
17430.979917	17835.890869
17430.980161	17835.891113
17430.980161	17835.891113
17430.980161	17835.891113
17430.980161	17835.891113
17430.980283	17835.891235
17430.980405	17835.891357
17430.980405	17835.891357
17430.980405	17835.891357
17430.980527	17835.891479
17430.980527	17835.891479
17430.980527	17835.891479
17430.980649	17835.891602
17430.980649	17835.891602
17430.980649	17835.891602
17430.980893	17835.891846
17430.980893	17835.891846
17430.980893	17835.891846
17430.981015	17835.891968
17430.981015	17835.891968
17430.981137	17835.89209
17430.981137	17835.89209
17430.981137	17835.89209
17430.981259	17835.892212
17430.981382	17835.892334
17430.981382	17835.892334
17430.981382	17835.892334
17430.981626	17835.892578
17430.981626	17835.892578
17430.981626	17835.892578
17430.981748	17835.8927
17430.981748	17835.8927
17430.98187	17835.892822
17430.98187	17835.892822
17430.981992	17835.892944
17430.982114	17835.893066
17430.982358	17835.893311
17430.98248	17835.893433
17430.982602	17835.893555
17430.982602	17835.893555
17430.982724	17835.893677
17430.982724	17835.893677
17430.982846	17835.893799
17430.982846	17835.893799
17430.98309	17835.894043
17430.983335	17835.894287
17430.983457	17835.894409
17430.983457	17835.894409
17430.983457	17835.894409
17430.983579	17835.894531
17430.983823	17835.894775
17430.983823	17835.894775
17430.983945	17835.894897
17430.984067	17835.89502
17430.984067	17835.89502
17430.984067	17835.89502
17430.984311	17835.895264
17430.984311	17835.895264
17430.984433	17835.895386
17430.984555	17835.895508
17430.984555	17835.895508
17430.984677	17835.89563
17430.984677	17835.89563
17430.985044	17835.895996
17430.985288	17835.89624
17430.985288	17835.89624
17430.98541	17835.896362
17430.985898	17835.896851
17430.98602	17835.896973
17430.986142	17835.897095
17430.986142	17835.897095
17430.986142	17835.897095
17430.986264	17835.897217
17430.986508	17835.897461
17430.98663	17835.897583
17430.986875	17835.897827
17430.986875	17835.897827
17430.987363	17835.898315
17430.987851	17835.898804
17430.987973	17835.898926
17430.988217	17835.89917
17430.988706	17835.899658
17430.989316	17835.900269
17430.989316	17835.900269
17430.989316	17835.900269
17430.989438	17835.900391
17430.989682	17835.900635
17430.989804	17835.900757
17430.99017	17835.901123
17430.990292	17835.901245
17430.990414	17835.901367
17430.990659	17835.901611
17430.990781	17835.901733
17430.990903	17835.901855
17430.991025	17835.901978
17430.991025	17835.901978
17430.991147	17835.9021
17430.991147	17835.9021
17430.991513	17835.902466
17430.991879	17835.902832
17430.992367	17835.90332
17430.992367	17835.90332
17430.99249	17835.903442
17430.992612	17835.903564
17430.992856	17835.903809
17430.9931	17835.904053
17430.9931	17835.904053
17430.993832	17835.904785
17430.994076	17835.905029
17430.994076	17835.905029
17430.994198	17835.905151
17430.994198	17835.905151
17430.994565	17835.905518
17430.994809	17835.905762
17430.994931	17835.905884
17430.995053	17835.906006
17430.995175	17835.906128
17430.995297	17835.90625
17430.995297	17835.90625
17430.995419	17835.906372
17430.995419	17835.906372
17430.995541	17835.906494
17430.995785	17835.906738
17430.995907	17835.90686
17430.996152	17835.907104
17430.996518	17835.907471
17430.996762	17835.907715
17430.99725	17835.908203
17430.997738	17835.908691
17430.997738	17835.908691
17430.997738	17835.908691
17430.997983	17835.908936
17430.998105	17835.909058
17430.998105	17835.909058
17430.998105	17835.909058
17430.998227	17835.90918
17430.998349	17835.909302
17430.998349	17835.909302
17430.998349	17835.909302
17430.998593	17835.909546
17430.998715	17835.909668
17430.998837	17835.90979
17430.999081	17835.910034
17430.999203	17835.910156
17430.999203	17835.910156
17430.999203	17835.910156
17430.999569	17835.910522
17430.999569	17835.910522
17430.999691	17835.910645
17431.000058	17835.911011
17431.000302	17835.911255
17431.000668	17835.911621
17431.00079	17835.911743
17431.001522	17835.912476
17431.001645	17835.912598
17431.001645	17835.912598
17431.001889	17835.912842
17431.002133	17835.913086
17431.002499	17835.913452
17431.002743	17835.913696
17431.002987	17835.91394
17431.003109	17835.914063
17431.003231	17835.914185
17431.003476	17835.914429
17431.003476	17835.914429
17431.003476	17835.914429
17431.003598	17835.914551
17431.003964	17835.914917
17431.004574	17835.915527
17431.004574	17835.915527
17431.00494	17835.915894
17431.005062	17835.916016
17431.005917	17835.91687
17431.006283	17835.917236
17431.006771	17835.917725
17431.006771	17835.917725
17431.007137	17835.918091
17431.007382	17835.918335
17431.007504	17835.918457
17431.007626	17835.918579
17431.007992	17835.918945
17431.00848	17835.919434
17431.009091	17835.920044
17431.009091	17835.920044
17431.009091	17835.920044
17431.009701	17835.920654
17431.009701	17835.920654
17431.009823	17835.920776
17431.009823	17835.920776
17431.010189	17835.921143
17431.010189	17835.921143
17431.011288	17835.922241
17431.012508	17835.923462
17431.01263	17835.923584
17431.012875	17835.923828
17431.012997	17835.92395
17431.015316	17835.92627
17431.015316	17835.92627
17431.01556	17835.926514
17431.015926	17835.92688
17431.016659	17835.927612
17431.018001	17835.928955
17431.0191	17835.930054
17431.020321	17835.931274
17431.020809	17835.931763
17431.020809	17835.931763
17431.02203	17835.932983
17431.022152	17835.933105
17431.022762	17835.933716
17431.022762	17835.933716
17431.023616	17835.93457
17431.024715	17835.935669
17431.024715	17835.935669
17431.025203	17835.936157
17431.025325	17835.936279
17431.025814	17835.936768
17431.025936	17835.93689
17431.027278	17835.938232
17431.028011	17835.938965
17431.028255	17835.939209
17431.028377	17835.939331
17431.029109	17835.940063
17431.029109	17835.940063
17431.02972	17835.940674
17431.030208	17835.941162
17431.03033	17835.941284
17431.030696	17835.94165
17431.030818	17835.941772
17431.03094	17835.941895
17431.031429	17835.942383
17431.031551	17835.942505
17431.032649	17835.943604
17431.032771	17835.943726
17431.032893	17835.943848
17431.033016	17835.94397
17431.033626	17835.94458
17431.033748	17835.944702
17431.033992	17835.944946
17431.034236	17835.94519
17431.034602	17835.945557
17431.034847	17835.945801
17431.034847	17835.945801
17431.035701	17835.946655
17431.035945	17835.946899
17431.036311	17835.947266
17431.036433	17835.947388
17431.036555	17835.94751
17431.0368	17835.947754
17431.0368	17835.947754
17431.036922	17835.947876
17431.037288	17835.948242
17431.037532	17835.948486
17431.037898	17835.948853
17431.038386	17835.949341
17431.038508	17835.949463
17431.038631	17835.949585
17431.039119	17835.950073
17431.039119	17835.950073
17431.039363	17835.950317
17431.039363	17835.950317
17431.039973	17835.950928
17431.040339	17835.951294
17431.040462	17835.951416
17431.040462	17835.951416
17431.040462	17835.951416
17431.040462	17835.951416
17431.040584	17835.951538
17431.040584	17835.951538
17431.041194	17835.952148
17431.041194	17835.952148
17431.041316	17835.952271
17431.041316	17835.952271
17431.041438	17835.952393
17431.041682	17835.952637
17431.041682	17835.952637
17431.042048	17835.953003
17431.042048	17835.953003
17431.04217	17835.953125
17431.04217	17835.953125
17431.042293	17835.953247
17431.042415	17835.953369
17431.042415	17835.953369
17431.042415	17835.953369
17431.042537	17835.953491
17431.042781	17835.953735
17431.042781	17835.953735
17431.043025	17835.953979
17431.043025	17835.953979
17431.043269	17835.954224
17431.043269	17835.954224
17431.043391	17835.954346
17431.043635	17835.95459
17431.043757	17835.954712
17431.043757	17835.954712
17431.043879	17835.954834
17431.04449	17835.955444
17431.044734	17835.955688
17431.0451	17835.956055
17431.045222	17835.956177
17431.045466	17835.956421
17431.045588	17835.956543
17431.045955	17835.956909
17431.046077	17835.957031
17431.046443	17835.957397
17431.046565	17835.95752
17431.046931	17835.957886
17431.047297	17835.958252
17431.047786	17835.95874
17431.04864	17835.959595
17431.04864	17835.959595
17431.048762	17835.959717
17431.04925	17835.960205
17431.049494	17835.960449
17431.049494	17835.960449
17431.049617	17835.960571
17431.050227	17835.961182
17431.050227	17835.961182
17431.050349	17835.961304
17431.050471	17835.961426
17431.050471	17835.961426
17431.050837	17835.961792
17431.051448	17835.962402
17431.051448	17835.962402
17431.051692	17835.962646
17431.051814	17835.962769
17431.05218	17835.963135
17431.052546	17835.963501
17431.053156	17835.964111
17431.053156	17835.964111
17431.053278	17835.964233
17431.053767	17835.964722
17431.053767	17835.964722
17431.054255	17835.96521
17431.054255	17835.96521
17431.054377	17835.965332
17431.054743	17835.965698
17431.055232	17835.966187
17431.055354	17835.966309
17431.055598	17835.966553
17431.055964	17835.966919
17431.056086	17835.967041
17431.056574	17835.967529
17431.056696	17835.967651
17431.05694	17835.967896
17431.057063	17835.968018
17431.057185	17835.96814
17431.057307	17835.968262
17431.057673	17835.968628
17431.057795	17835.96875
17431.058039	17835.968994
17431.058283	17835.969238
17431.058283	17835.969238
17431.058405	17835.96936
17431.058405	17835.96936
17431.058894	17835.969849
17431.059138	17835.970093
17431.059138	17835.970093
17431.059138	17835.970093
17431.05926	17835.970215
17431.05926	17835.970215
17431.059626	17835.970581
17431.060114	17835.971069
17431.060114	17835.971069
17431.060114	17835.971069
17431.060602	17835.971558
17431.060969	17835.971924
17431.061091	17835.972046
17431.061091	17835.972046
17431.061213	17835.972168
17431.061457	17835.972412
17431.061701	17835.972656
17431.061945	17835.9729
17431.062067	17835.973022
17431.062189	17835.973145
17431.062433	17835.973389
17431.062433	17835.973389
17431.062556	17835.973511
17431.062556	17835.973511
17431.063044	17835.973999
17431.063166	17835.974121
17431.063654	17835.974609
17431.063776	17835.974731
17431.063898	17835.974854
17431.06402	17835.974976
17431.064142	17835.975098
17431.064142	17835.975098
17431.064631	17835.975586
17431.064875	17835.97583
17431.065119	17835.976074
17431.065119	17835.976074
17431.065241	17835.976196
17431.065241	17835.976196
17431.065363	17835.976318
17431.065485	17835.97644
17431.065485	17835.97644
17431.065851	17835.976807
17431.065851	17835.976807
17431.065851	17835.976807
17431.066095	17835.977051
17431.066218	17835.977173
17431.066218	17835.977173
17431.06634	17835.977295
17431.066462	17835.977417
17431.066462	17835.977417
17431.066584	17835.977539
17431.066584	17835.977539
17431.066706	17835.977661
17431.066828	17835.977783
17431.066828	17835.977783
17431.06695	17835.977905
17431.06695	17835.977905
17431.06695	17835.977905
17431.067072	17835.978027
17431.067072	17835.978027
17431.067194	17835.978149
17431.067194	17835.978149
17431.067316	17835.978271
17431.067316	17835.978271
17431.067438	17835.978394
17431.067438	17835.978394
17431.067438	17835.978394
17431.067682	17835.978638
17431.067682	17835.978638
17431.067804	17835.97876
17431.067804	17835.97876
17431.067926	17835.978882
17431.067926	17835.978882
17431.068049	17835.979004
17431.068171	17835.979126
17431.068171	17835.979126
17431.068171	17835.979126
17431.068293	17835.979248
17431.068293	17835.979248
17431.068293	17835.979248
17431.068293	17835.979248
17431.068415	17835.97937
17431.068415	17835.97937
17431.068537	17835.979492
17431.068537	17835.979492
17431.068537	17835.979492
17431.068537	17835.979492
17431.068537	17835.979492
17431.068659	17835.979614
17431.068659	17835.979614
17431.068903	17835.979858
17431.068903	17835.979858
17431.068903	17835.979858
17431.068903	17835.979858
17431.069025	17835.97998
17431.069269	17835.980225
17431.069391	17835.980347
17431.069391	17835.980347
17431.069513	17835.980469
17431.069513	17835.980469
17431.069513	17835.980469
17431.069635	17835.980591
17431.069635	17835.980591
17431.069635	17835.980591
17431.069635	17835.980591
17431.069635	17835.980591
17431.069757	17835.980713
17431.069879	17835.980835
17431.070002	17835.980957
17431.070002	17835.980957
17431.070246	17835.981201
17431.07049	17835.981445
17431.07049	17835.981445
17431.070612	17835.981567
17431.070856	17835.981812
17431.070978	17835.981934
17431.071222	17835.982178
17431.071222	17835.982178
17431.071466	17835.982422
17431.071588	17835.982544
17431.071588	17835.982544
17431.07171	17835.982666
17431.071833	17835.982788
17431.072199	17835.983154
17431.072321	17835.983276
17431.072443	17835.983398
17431.072687	17835.983643
17431.072809	17835.983765
17431.072809	17835.983765
17431.072931	17835.983887
17431.072931	17835.983887
17431.072931	17835.983887
17431.072931	17835.983887
17431.073175	17835.984131
17431.073541	17835.984497
17431.073541	17835.984497
17431.073664	17835.984619
17431.073664	17835.984619
17431.073908	17835.984863
17431.074152	17835.985107
17431.074396	17835.985352
17431.07464	17835.985596
17431.074884	17835.98584
17431.075006	17835.985962
17431.075006	17835.985962
17431.075006	17835.985962
17431.075128	17835.986084
17431.075617	17835.986572
17431.075739	17835.986694
17431.076227	17835.987183
17431.076837	17835.987793
17431.076837	17835.987793
17431.076959	17835.987915
17431.07757	17835.988525
17431.077692	17835.988647
17431.077814	17835.98877
17431.077814	17835.98877
17431.078058	17835.989014
17431.078058	17835.989014
17431.07818	17835.989136
17431.078424	17835.98938
17431.078546	17835.989502
17431.07879	17835.989746
17431.079034	17835.98999
17431.079034	17835.98999
17431.079157	17835.990112
17431.079279	17835.990234
17431.079279	17835.990234
17431.079523	17835.990479
17431.079645	17835.990601
17431.079645	17835.990601
17431.079645	17835.990601
17431.079767	17835.990723
17431.079767	17835.990723
17431.079767	17835.990723
17431.079767	17835.990723
17431.079767	17835.990723
17431.079889	17835.990845
17431.080011	17835.990967
17431.080133	17835.991089
17431.080377	17835.991333
17431.080499	17835.991455
17431.080499	17835.991455
17431.080621	17835.991577
17431.080743	17835.991699
17431.080865	17835.991821
17431.080988	17835.991943
17431.080988	17835.991943
17431.081232	17835.992188
17431.081232	17835.992188
17431.082086	17835.993042
17431.082086	17835.993042
17431.082574	17835.99353
17431.082574	17835.99353
17431.082574	17835.99353
17431.082696	17835.993652
17431.082819	17835.993774
17431.082819	17835.993774
17431.083307	17835.994263
17431.083307	17835.994263
17431.083429	17835.994385
17431.083551	17835.994507
17431.083673	17835.994629
17431.083917	17835.994873
17431.085138	17835.996094
17431.08526	17835.996216
17431.085382	17835.996338
17431.085504	17835.99646
17431.085992	17835.996948
17431.08648	17835.997437
17431.086603	17835.997559
17431.086725	17835.997681
17431.086847	17835.997803
17431.086847	17835.997803
17431.087213	17835.998169
17431.087335	17835.998291
17431.087457	17835.998413
17431.087701	17835.998657
17431.087701	17835.998657
17431.088189	17835.999146
17431.088311	17835.999268
17431.088678	17835.999634
17431.088922	17835.999878
17431.089532	17836.000488
17431.089654	17836.00061
17431.09002	17836.000977
17431.090509	17836.001465
17431.090631	17836.001587
17431.090997	17836.001953
17431.091363	17836.002319
17431.091851	17836.002808
17431.091851	17836.002808
17431.091973	17836.00293
17431.094659	17836.005615
17431.094659	17836.005615
17431.095269	17836.006226
17431.095391	17836.006348
17431.095391	17836.006348
17431.096246	17836.007202
17431.09649	17836.007446
17431.097833	17836.008789
17431.098565	17836.009521
17431.098687	17836.009644
17431.099053	17836.01001
17431.099053	17836.01001
17431.099053	17836.01001
17431.099664	17836.01062
17431.100884	17836.011841
17431.101739	17836.012695
17431.102715	17836.013672
17431.103326	17836.014282
17431.103448	17836.014404
17431.10479	17836.015747
17431.106499	17836.017456
17431.10772	17836.018677
17431.109551	17836.020508
17431.109795	17836.020752
17431.11065	17836.021606
17431.111748	17836.022705
17431.112969	17836.023926
17431.113213	17836.02417
17431.113213	17836.02417
17431.115166	17836.026123
17431.116265	17836.027222
17431.116509	17836.027466
17431.117119	17836.028076
17431.118584	17836.029541
17431.11956	17836.030518
17431.120049	17836.031006
17431.120903	17836.03186
17431.120903	17836.03186
17431.121391	17836.032349
17431.121758	17836.032715
17431.122246	17836.033203
17431.124565	17836.035522
17431.125664	17836.036621
17431.126396	17836.037354
17431.126884	17836.037842
17431.127129	17836.038086
17431.127251	17836.038208
17431.127739	17836.038696
17431.127861	17836.038818
17431.128227	17836.039185
17431.129082	17836.040039
17431.129692	17836.040649
17431.129936	17836.040894
17431.130424	17836.041382
17431.130913	17836.04187
17431.131035	17836.041992
17431.132377	17836.043335
17431.133232	17836.044189
17431.134086	17836.045044
17431.135429	17836.046387
17431.138481	17836.049438
17431.138847	17836.049805
17431.140434	17836.051392
17431.141288	17836.052246
17431.141654	17836.052612
17431.142143	17836.053101
17431.142387	17836.053345
17431.142631	17836.053589
17431.143485	17836.054443
17431.145683	17836.056641
17431.148002	17836.05896
17431.148734	17836.059692
17431.149833	17836.060791
17431.150565	17836.061523
17431.151542	17836.0625
17431.15264	17836.063599
17431.154593	17836.065552
17431.15618	17836.067139
17431.15618	17836.067139
17431.156302	17836.067261
17431.156424	17836.067383
17431.157279	17836.068237
17431.157523	17836.068481
17431.157645	17836.068604
17431.157889	17836.068848
17431.158011	17836.06897
17431.158622	17836.06958
17431.158744	17836.069702
17431.160208	17836.071167
17431.160941	17836.071899
17431.161185	17836.072144
17431.161795	17836.072754
17431.162284	17836.073242
17431.16265	17836.073608
17431.16265	17836.073608
17431.16326	17836.074219
17431.16326	17836.074219
17431.164237	17836.075195
17431.164725	17836.075684
17431.165823	17836.076782
17431.166068	17836.077026
17431.167288	17836.078247
17431.168387	17836.079346
17431.169608	17836.080566
17431.170584	17836.081543
17431.170584	17836.081543
17431.171072	17836.082031
17431.171805	17836.082764
17431.173147	17836.084106
17431.174734	17836.085693
17431.174978	17836.085938
17431.175345	17836.086304
17431.175711	17836.08667
17431.177908	17836.088867
17431.178152	17836.089111
17431.17864	17836.0896
17431.179129	17836.090088
17431.180227	17836.091187
17431.180349	17836.091309
17431.180593	17836.091553
17431.180593	17836.091553
17431.18157	17836.092529
17431.182669	17836.093628
17431.186575	17836.097534
17431.187185	17836.098145
17431.188406	17836.099365
17431.188406	17836.099365
17431.189626	17836.100586
17431.190237	17836.101196
17431.191457	17836.102417
17431.191702	17836.102661
17431.191702	17836.102661
17431.191702	17836.102661
17431.1928	17836.10376
17431.193044	17836.104004
17431.19341	17836.10437
17431.194509	17836.105469
17431.195486	17836.106445
17431.195608	17836.106567
17431.195852	17836.106812
17431.195974	17836.106934
17431.19695	17836.10791
17431.197072	17836.108032
17431.198415	17836.109375
17431.198537	17836.109497
17431.198781	17836.109741
17431.19988	17836.11084
17431.200368	17836.111328
17431.201467	17836.112427
17431.201711	17836.112671
17431.201833	17836.112793
17431.202565	17836.113525
17431.203176	17836.114136
17431.203298	17836.114258
17431.20342	17836.11438
17431.20342	17836.11438
17431.203542	17836.114502
17431.203542	17836.114502
17431.203908	17836.114868
17431.20403	17836.11499
17431.204274	17836.115234
17431.204641	17836.115601
17431.205129	17836.116089
17431.205251	17836.116211
17431.205373	17836.116333
17431.205373	17836.116333
17431.205495	17836.116455
17431.205861	17836.116821
17431.206105	17836.117065
17431.206227	17836.117188
17431.206227	17836.117188
17431.206227	17836.117188
17431.206472	17836.117432
17431.206838	17836.117798
17431.20696	17836.11792
17431.207326	17836.118286
17431.207692	17836.118652
17431.208425	17836.119385
17431.208425	17836.119385
17431.208547	17836.119507
17431.208913	17836.119873
17431.209279	17836.120239
17431.209645	17836.120605
17431.210011	17836.120972
17431.210378	17836.121338
17431.210378	17836.121338
17431.2105	17836.12146
17431.210744	17836.121704
17431.211598	17836.122559
17431.21172	17836.122681
17431.21172	17836.122681
17431.211964	17836.122925
17431.212087	17836.123047
17431.212575	17836.123535
17431.212819	17836.123779
17431.213307	17836.124268
17431.213918	17836.124878
17431.214284	17836.125244
17431.214528	17836.125488
17431.21465	17836.12561
17431.215016	17836.125977
17431.215016	17836.125977
17431.215138	17836.126099
17431.215626	17836.126587
17431.215749	17836.126709
17431.215749	17836.126709
17431.215993	17836.126953
17431.215993	17836.126953
17431.216359	17836.127319
17431.216359	17836.127319
17431.216481	17836.127441
17431.216847	17836.127808
17431.217213	17836.128174
17431.217335	17836.128296
17431.217457	17836.128418
17431.217702	17836.128662
17431.217946	17836.128906
17431.217946	17836.128906
17431.21819	17836.12915
17431.218434	17836.129395
17431.218556	17836.129517
17431.218556	17836.129517
17431.218556	17836.129517
17431.218556	17836.129517
17431.218556	17836.129517
17431.218678	17836.129639
17431.2188	17836.129761
17431.218922	17836.129883
17431.219044	17836.130005
17431.219166	17836.130127
17431.219288	17836.130249
17431.219288	17836.130249
17431.219288	17836.130249
17431.219288	17836.130249
17431.219288	17836.130249
17431.219411	17836.130371
17431.219411	17836.130371
17431.219411	17836.130371
17431.219533	17836.130493
17431.219655	17836.130615
17431.219655	17836.130615
17431.219655	17836.130615
17431.219777	17836.130737
17431.219777	17836.130737
17431.219777	17836.130737
17431.219777	17836.130737
17431.219777	17836.130737
17431.219899	17836.130859
17431.219899	17836.130859
17431.219899	17836.130859
17431.220021	17836.130981
17431.220143	17836.131104
17431.220265	17836.131226
17431.220265	17836.131226
17431.220265	17836.131226
17431.220387	17836.131348
17431.220509	17836.13147
17431.220509	17836.13147
17431.220631	17836.131592
17431.220631	17836.131592
17431.220753	17836.131714
17431.221119	17836.13208
17431.221119	17836.13208
17431.221242	17836.132202
17431.221242	17836.132202
17431.221364	17836.132324
17431.221364	17836.132324
17431.221608	17836.132568
17431.221608	17836.132568
17431.221608	17836.132568
17431.22173	17836.13269
17431.22173	17836.13269
17431.221852	17836.132813
17431.221974	17836.132935
17431.222218	17836.133179
17431.22234	17836.133301
17431.22234	17836.133301
17431.222462	17836.133423
17431.222584	17836.133545
17431.222584	17836.133545
17431.222584	17836.133545
17431.222584	17836.133545
17431.222706	17836.133667
17431.222706	17836.133667
17431.222828	17836.133789
17431.22295	17836.133911
17431.223195	17836.134155
17431.223195	17836.134155
17431.223439	17836.134399
17431.223439	17836.134399
17431.223561	17836.134521
17431.223561	17836.134521
17431.223683	17836.134644
17431.223927	17836.134888
17431.224171	17836.135132
17431.224293	17836.135254
17431.224293	17836.135254
17431.224659	17836.13562
17431.224659	17836.13562
17431.224781	17836.135742
17431.224904	17836.135864
17431.225026	17836.135986
17431.22527	17836.13623
17431.225514	17836.136475
17431.225636	17836.136597
17431.226002	17836.136963
17431.226368	17836.137329
17431.22649	17836.137451
17431.226612	17836.137573
17431.226612	17836.137573
17431.226979	17836.137939
17431.227101	17836.138062
17431.227101	17836.138062
17431.227223	17836.138184
17431.227223	17836.138184
17431.227345	17836.138306
17431.227467	17836.138428
17431.227955	17836.138916
17431.228077	17836.139038
17431.228199	17836.13916
17431.228565	17836.139526
17431.228565	17836.139526
17431.228688	17836.139648
17431.228932	17836.139893
17431.229176	17836.140137
17431.229176	17836.140137
17431.229298	17836.140259
17431.22942	17836.140381
17431.22942	17836.140381
17431.230274	17836.141235
17431.230519	17836.141479
17431.230641	17836.141602
17431.230763	17836.141724
17431.231007	17836.141968
17431.231251	17836.142212
17431.231251	17836.142212
17431.231373	17836.142334
17431.231373	17836.142334
17431.231739	17836.1427
17431.231861	17836.142822
17431.231861	17836.142822
17431.232472	17836.143433
17431.232716	17836.143677
17431.23296	17836.143921
17431.233326	17836.144287
17431.233814	17836.144775
17431.234425	17836.145386
17431.234791	17836.145752
17431.235157	17836.146118
17431.235279	17836.14624
17431.235279	17836.14624
17431.235401	17836.146362
17431.236012	17836.146973
17431.236622	17836.147583
17431.23711	17836.148071
17431.237232	17836.148193
17431.237354	17836.148315
17431.237843	17836.148804
17431.238087	17836.149048
17431.238087	17836.149048
17431.238819	17836.14978
17431.238941	17836.149902
17431.239796	17836.150757
17431.240284	17836.151245
17431.24065	17836.151611
17431.240894	17836.151855
17431.24126	17836.152222
17431.241505	17836.152466
17431.242237	17836.153198
17431.244312	17836.155273
17431.244556	17836.155518
17431.245166	17836.156128
17431.246143	17836.157104
17431.247974	17836.158936
17431.248218	17836.15918
17431.252002	17836.162964
17431.252002	17836.162964
17431.254688	17836.165649
17431.25481	17836.165771
17431.255298	17836.16626
17431.255908	17836.16687
17431.255908	17836.16687
17431.257617	17836.168579
17431.259082	17836.170044
17431.260303	17836.171265
17431.262256	17836.173218
17431.264697	17836.175659
17431.267627	17836.178589
17431.270312	17836.181274
17431.271899	17836.182861
17431.272631	17836.183594
17431.274096	17836.185059
17431.274218	17836.185181
17431.275439	17836.186401
17431.276293	17836.187256
17431.277758	17836.188721
17431.279101	17836.190063
17431.281298	17836.192261
17431.281298	17836.192261
17431.28142	17836.192383
17431.284472	17836.195435
17431.286913	17836.197876
17431.288744	17836.199707
17431.289599	17836.200562
17431.296312	17836.207275
17431.297533	17836.208496
17431.298998	17836.209961
17431.29973	17836.210693
17431.304491	17836.215454
17431.307298	17836.218262
17431.31096	17836.221924
17431.311082	17836.222046
17431.311326	17836.22229
17431.313279	17836.224243
17431.31389	17836.224854
17431.317552	17836.228516
17431.319871	17836.230835
17431.321702	17836.232666
17431.321702	17836.232666
17431.323289	17836.234253
17431.323899	17836.234863
17431.326585	17836.237549
17431.327683	17836.238647
17431.32866	17836.239624
