#ttrig = 90918480.3784
# time 	 unbarycentered time 
6022.680145	6426.936768
6022.682098	6426.938721
6022.687347	6426.94397
6022.694426	6426.95105
6022.717619	6426.974243
6022.738004	6426.994629
6022.738248	6426.994873
6022.740689	6426.997314
6022.75607	6427.012695
6022.756558	6427.013184
6022.76437	6427.020996
6022.777309	6427.033936
6022.781337	6427.037964
6022.785244	6427.04187
6022.824671	6427.081299
6022.824793	6427.081421
6022.828943	6427.085571
6022.843957	6427.100586
6022.856408	6427.113037
6022.859093	6427.115723
6022.872277	6427.128906
6022.881676	6427.138306
6022.884117	6427.140747
6022.884239	6427.140869
6022.886802	6427.143433
6022.889488	6427.146118
6022.889488	6427.146118
6022.891441	6427.148071
6022.896568	6427.153198
6022.899375	6427.156006
6022.900718	6427.157349
6022.927206	6427.183838
6022.938436	6427.195068
6022.943929	6427.200562
6022.957112	6427.213745
6022.960286	6427.216919
6022.962239	6427.218872
6022.969685	6427.226318
6022.982502	6427.239136
6022.99239	6427.249023
6022.996784	6427.253418
6023.001911	6427.258545
6023.002521	6427.259155
6023.016314	6427.272949
6023.037188	6427.293823
6023.043901	6427.300537
6023.047441	6427.304077
6023.0533	6427.309937
6023.057329	6427.313965
6023.063554	6427.32019
6023.070146	6427.326782
6023.075516	6427.332153
6023.084671	6427.341309
6023.101761	6427.358398
6023.103714	6427.360352
6023.114822	6427.37146
6023.115798	6427.372437
6023.11885	6427.375488
6023.11946	6427.376099
6023.120315	6427.376953
6023.130324	6427.386963
6023.133498	6427.390137
6023.139723	6427.396362
6023.145338	6427.401978
6023.147413	6427.404053
6023.150343	6427.406982
6023.161085	6427.417725
6023.164136	6427.420776
6023.175244	6427.431885
6023.183179	6427.439819
6023.19624	6427.452881
6023.202953	6427.459595
6023.214427	6427.471069
6023.227	6427.483643
6023.228343	6427.484985
6023.235545	6427.492188
6023.240305	6427.496948
6023.250315	6427.506958
6023.276925	6427.533569
6023.306953	6427.563599
6023.315376	6427.572021
6023.32917	6427.585815
6023.330878	6427.587524
6023.351508	6427.608154
6023.357245	6427.613892
6023.360296	6427.616943
6023.360418	6427.617065
6023.369451	6427.626099
6023.388738	6427.645386
6023.403996	6427.660645
6023.412296	6427.668945
6023.420597	6427.677246
6023.424991	6427.681641
6023.433048	6427.689697
6023.442325	6427.698975
6023.449649	6427.706299
6023.450259	6427.706909
6023.451113	6427.707764
6023.457217	6427.713867
6023.460512	6427.717163
6023.469179	6427.72583
6023.478334	6427.734985
6023.492494	6427.749146
6023.49579	6427.752441
6023.504456	6427.761108
6023.51947	6427.776123
6023.525085	6427.781738
6023.53009	6427.786743
6023.531921	6427.788574
6023.533508	6427.790161
6023.556456	6427.81311
6023.562804	6427.819458
6023.57855	6427.835205
6023.580137	6427.836792
6023.586973	6427.843628
6023.588682	6427.845337
6023.589536	6427.846191
6023.590635	6427.84729
6023.621762	6427.878418
6023.624203	6427.880859
6023.625546	6427.882202
6023.63409	6427.890747
6023.634212	6427.890869
6023.637874	6427.894531
6023.641658	6427.898315
6023.643856	6427.900513
6023.65118	6427.907837
6023.658503	6427.915161
6023.660457	6427.917114
6023.670832	6427.92749
6023.684992	6427.94165
6023.700982	6427.957642
6023.700982	6427.957642
6023.701227	6427.957886
6023.71209	6427.96875
6023.715752	6427.972412
6023.722344	6427.979004
6023.736015	6427.992676
6023.746513	6428.003174
6023.760429	6428.01709
6023.765677	6428.022339
6023.771781	6428.028442
6023.776297	6428.032959
6023.779837	6428.036499
6023.780203	6428.036865
6023.787649	6428.044312
6023.793753	6428.050415
6023.8178	6428.074463
6023.823293	6428.079956
6023.824635	6428.081299
6023.830128	6428.086792
6023.831593	6428.088257
6023.831837	6428.088501
6023.845875	6428.102539
6023.849415	6428.106079
6023.853077	6428.109741
6023.857837	6428.114502
6023.861377	6428.118042
6023.861621	6428.118286
6023.885302	6428.141968
6023.885424	6428.14209
6023.887988	6428.144653
6023.898485	6428.155151
6023.901293	6428.157959
6023.918748	6428.175415
6023.931321	6428.187988
6023.93718	6428.193848
6023.938523	6428.19519
6023.946457	6428.203125
6023.952194	6428.208862
6023.953659	6428.210327
6023.986495	6428.243164
6023.986861	6428.24353
6023.987349	6428.244019
6024.010786	6428.267456
6024.019941	6428.276611
6024.022138	6428.278809
6024.025556	6428.282227
6024.028974	6428.285645
6024.030683	6428.287354
6024.031537	6428.288208
6024.0518	6428.308472
6024.055218	6428.31189
6024.055828	6428.3125
6024.059612	6428.316284
6024.061687	6428.318359
6024.076335	6428.333008
6024.083293	6428.339966
6024.08427	6428.340942
6024.087321	6428.343994
6024.092692	6428.349365
6024.096476	6428.353149
6024.106241	6428.362915
6024.107828	6428.364502
6024.113565	6428.370239
6024.116373	6428.373047
6024.117349	6428.374023
6024.117472	6428.374146
6024.117716	6428.37439
6024.12858	6428.385254
6024.130899	6428.387573
6024.145058	6428.401733
6024.147256	6428.403931
6024.149941	6428.406616
6024.167763	6428.424438
6024.186073	6428.442749
6024.188392	6428.445068
6024.198523	6428.4552
6024.20011	6428.456787
6024.202429	6428.459106
6024.204016	6428.460693
6024.211951	6428.468628
6024.216711	6428.473389
6024.220251	6428.476929
6024.226721	6428.483398
6024.233312	6428.48999
6024.233312	6428.48999
6024.233678	6428.490356
6024.24503	6428.501709
6024.25089	6428.507568
6024.261021	6428.5177
6024.264439	6428.521118
6024.266026	6428.522705
6024.27689	6428.533569
6024.289951	6428.546631
6024.310702	6428.567383
6024.3295	6428.586182
6024.342927	6428.599609
6024.343782	6428.600464
6024.351472	6428.608154
6024.353547	6428.610229
6024.355988	6428.612671
6024.361481	6428.618164
6024.373932	6428.630615
6024.37674	6428.633423
6024.412383	6428.669067
6024.41873	6428.675415
6024.421172	6428.677856
6024.422759	6428.679443
6024.424223	6428.680908
6024.428374	6428.685059
6024.436674	6428.693359
6024.438627	6428.695313
6024.445219	6428.701904
6024.446683	6428.703369
6024.453641	6428.710327
6024.468411	6428.725098
6024.47012	6428.726807
6024.482083	6428.73877
6024.489529	6428.746216
6024.490017	6428.746704
6024.494289	6428.750977
6024.495022	6428.751709
6024.49966	6428.756348
6024.49966	6428.756348
6024.521144	6428.777832
6024.530299	6428.786987
6024.538965	6428.795654
6024.547754	6428.804443
6024.57766	6428.834351
6024.590965	6428.847656
6024.602195	6428.858887
6024.609519	6428.866211
6024.609886	6428.866577
6024.613181	6428.869873
6024.618186	6428.874878
6024.619041	6428.875732
6024.620505	6428.877197
6024.62197	6428.878662
6024.623069	6428.879761
6024.640036	6428.896729
6024.645651	6428.902344
6024.649191	6428.905884
6024.655172	6428.911865
6024.665548	6428.922241
6024.673604	6428.930298
6024.674947	6428.931641
6024.675069	6428.931763
6024.675191	6428.931885
6024.677876	6428.93457
6024.682515	6428.939209
6024.683247	6428.939941
6024.684468	6428.941162
6024.714374	6428.971069
6024.720477	6428.977173
6024.72182	6428.978516
6024.734515	6428.991211
6024.737933	6428.994629
6024.74367	6429.000366
6024.752947	6429.009644
6024.752947	6429.009644
6024.757952	6429.014648
6024.761003	6429.0177
6024.766008	6429.022705
6024.777848	6429.034546
6024.77797	6429.034668
6024.783463	6429.040161
6024.790787	6429.047485
6024.801163	6429.057861
6024.821304	6429.078003
6024.828994	6429.085693
6024.833266	6429.089966
6024.842421	6429.099121
6024.859877	6429.116577
6024.859877	6429.116577
6024.86183	6429.11853
6024.881604	6429.138306
6024.887952	6429.144653
6024.895154	6429.151855
6024.905529	6429.162231
6024.918468	6429.175171
6024.927623	6429.184326
6024.927867	6429.18457
6024.942882	6429.199585
6024.94337	6429.200073
6024.959849	6429.216553
6024.965342	6429.222046
6024.967051	6429.223755
6024.969614	6429.226318
6024.990121	6429.246826
6025.012215	6429.268921
6025.024178	6429.280884
6025.025032	6429.281738
6025.026131	6429.282837
6025.038337	6429.295044
6025.042243	6429.29895
6025.045295	6429.302002
6025.048102	6429.30481
6025.05091	6429.307617
6025.055548	6429.312256
6025.056037	6429.312744
6025.056647	6429.313354
6025.059821	6429.316528
6025.072638	6429.329346
6025.078375	6429.335083
6025.090215	6429.346924
6025.090459	6429.347168
6025.093145	6429.349854
6025.09876	6429.355469
6025.110478	6429.367188
6025.111333	6429.368042
6025.118657	6429.375366
6025.121952	6429.378662
6025.127201	6429.383911
6025.12952	6429.38623
6025.135868	6429.392578
6025.13599	6429.3927
6025.142337	6429.399048
6025.142459	6429.39917
6025.152347	6429.409058
6025.165164	6429.421875
6025.175906	6429.432617
6025.19446	6429.451172
6025.200563	6429.457275
6025.202272	6429.458984
6025.211427	6429.46814
6025.226685	6429.483398
6025.234863	6429.491577
6025.239258	6429.495972
6025.246704	6429.503418
6025.251098	6429.507813
6025.25122	6429.507935
6025.252197	6429.508911
6025.257324	6429.514038
6025.259765	6429.516479
6025.265502	6429.522217
6025.280394	6429.537109
6025.285521	6429.542236
6025.291258	6429.547974
6025.292479	6429.549194
6025.315793	6429.57251
6025.315915	6429.572632
6025.332638	6429.589355
6025.350338	6429.607056
6025.350948	6429.607666
6025.366817	6429.623535
6025.371699	6429.628418
6025.373897	6429.630615
6025.389643	6429.646362
6025.395624	6429.652344
6025.39599	6429.65271
6025.409784	6429.666504
6025.409784	6429.666504
6025.410028	6429.666748
6025.429681	6429.686401
6025.443352	6429.700073
6025.454826	6429.711548
6025.456779	6429.713501
6025.460075	6429.716797
6025.464103	6429.720825
6025.466056	6429.722778
6025.476554	6429.733276
6025.479972	6429.736694
6025.493643	6429.750366
6025.505606	6429.762329
6025.508779	6429.765503
6025.51708	6429.773804
6025.522817	6429.779541
6025.530019	6429.786743
6025.532582	6429.789307
6025.552235	6429.80896
6025.565174	6429.821899
6025.565784	6429.82251
6025.569324	6429.82605
6025.57323	6429.829956
6025.584704	6429.841431
6025.586291	6429.843018
6025.589221	6429.845947
6025.59447	6429.851196
6025.598376	6429.855103
6025.614489	6429.871216
6025.621446	6429.878174
6025.624498	6429.881226
6025.629259	6429.885986
6025.635972	6429.8927
6025.645249	6429.901978
6025.65062	6429.907349
6025.655137	6429.911865
6025.674057	6429.930786
6025.678329	6429.935059
6025.684188	6429.940918
6025.684676	6429.941406
6025.685653	6429.942383
6025.687606	6429.944336
6025.693831	6429.950562
6025.702132	6429.958862
6025.713484	6429.970215
6025.715925	6429.972656
6025.721052	6429.977783
6025.721662	6429.978394
6025.726545	6429.983276
6025.730451	6429.987183
6025.741071	6429.997803
6025.741437	6429.998169
6025.74278	6429.999512
6025.752301	6430.009033
6025.754254	6430.010986
6025.758038	6430.014771
6025.76878	6430.025513
6025.770245	6430.026978
6025.779644	6430.036377
6025.780376	6430.037109
6025.792339	6430.049072
6025.800761	6430.057495
6025.801005	6430.057739
6025.802958	6430.059692
6025.808329	6430.065063
6025.815409	6430.072144
6025.824442	6430.081177
6025.826273	6430.083008
6025.827616	6430.084351
6025.833475	6430.09021
6025.834329	6430.091064
6025.852029	6430.108765
6025.864724	6430.12146
6025.875466	6430.132202
6025.87925	6430.135986
6025.881691	6430.138428
6025.887062	6430.143799
6025.904883	6430.161621
6025.909644	6430.166382
6025.915259	6430.171997
6025.918677	6430.175415
6025.919287	6430.176025
6025.922217	6430.178955
6025.926367	6430.183105
6025.939794	6430.196533
6025.944555	6430.201294
6025.948705	6430.205444
6025.950658	6430.207397
6025.957738	6430.214478
6025.966649	6430.223389
6025.973973	6430.230713
6025.997532	6430.254272
6026.000705	6430.257446
6026.003269	6430.26001
6026.003269	6430.26001
6026.006076	6430.262817
6026.009494	6430.266235
6026.014987	6430.271729
6026.019503	6430.276245
6026.019992	6430.276733
6026.027926	6430.284668
6026.030856	6430.287598
6026.031588	6430.28833
6026.048311	6430.305054
6026.053072	6430.309814
6026.055879	6430.312622
6026.068208	6430.324951
6026.075165	6430.331909
6026.079682	6430.336426
6026.091034	6430.347778
6026.097137	6430.353882
6026.10263	6430.359375
6026.109222	6430.365967
6026.119597	6430.376343
6026.126921	6430.383667
6026.135832	6430.392578
6026.157072	6430.413818
6026.177335	6430.434082
6026.186001	6430.442749
6026.197964	6430.454712
6026.198818	6430.455566
6026.201015	6430.457764
6026.203823	6430.460571
6026.206508	6430.463257
6026.207241	6430.463989
6026.210048	6430.466797
6026.213466	6430.470215
6026.214687	6430.471436
6026.222987	6430.479736
6026.225795	6430.482544
6026.226405	6430.483154
6026.226649	6430.483398
6026.248743	6430.505493
6026.249109	6430.505859
6026.253016	6430.509766
6026.259241	6430.515991
6026.26156	6430.518311
6026.278527	6430.535278
6026.284753	6430.541504
6026.297936	6430.554688
6026.300377	6430.557129
6026.304894	6430.561646
6026.30648	6430.563232
6026.310631	6430.567383
6026.316734	6430.573486
6026.32064	6430.577393
6026.334678	6430.591431
6026.336753	6430.593506
6026.350424	6430.607178
6026.37911	6430.635864
6026.399739	6430.656494
6026.403157	6430.659912
6026.404866	6430.661621
6026.40865	6430.665405
6026.40926	6430.666016
6026.413899	6430.670654
6026.417072	6430.673828
6026.430866	6430.687622
6026.433185	6430.689941
6026.433429	6430.690186
6026.434528	6430.691284
6026.439044	6430.695801
6026.451861	6430.708618
6026.452838	6430.709595
6026.475054	6430.731812
6026.484209	6430.740967
6026.494218	6430.750977
6026.495683	6430.752441
6026.513748	6430.770508
6026.513871	6430.77063
6026.516068	6430.772827
6026.519241	6430.776001
6026.519364	6430.776123
6026.520218	6430.776978
6026.521805	6430.778564
6026.522049	6430.778809
6026.525223	6430.781982
6026.527176	6430.783936
6026.530838	6430.787598
6026.535354	6430.792114
6026.5428	6430.799561
6026.5428	6430.799561
6026.547927	6430.804688
6026.551101	6430.807861
6026.55281	6430.80957
6026.570875	6430.827637
6026.575758	6430.83252
6026.591993	6430.848755
6026.603467	6430.860229
6026.605298	6430.862061
6026.615063	6430.871826
6026.619458	6430.876221
6026.628368	6430.885132
6026.637523	6430.894287
6026.648998	6430.905762
6026.659617	6430.916382
6026.661692	6430.918457
6026.664866	6430.921631
6026.681711	6430.938477
6026.683542	6430.940308
6026.68757	6430.944336
6026.688425	6430.94519
6026.692209	6430.948975
6026.710397	6430.967163
6026.717477	6430.974243
6026.721505	6430.978271
6026.726021	6430.982788
6026.726021	6430.982788
6026.730782	6430.987549
6026.733467	6430.990234
6026.740303	6430.99707
6026.741646	6430.998413
6026.74543	6431.002197
6026.747627	6431.004395
6026.759711	6431.016479
6026.771674	6431.028442
6026.773871	6431.03064
6026.77497	6431.031738
6026.783758	6431.040527
6026.791815	6431.048584
6026.801092	6431.057861
6026.807683	6431.064453
6026.820622	6431.077393
6026.825261	6431.082031
6026.83051	6431.08728
6026.841129	6431.0979
6026.843082	6431.099854
6026.847843	6431.104614
6026.853824	6431.110596
6026.855899	6431.112671
6026.871524	6431.128296
6026.887637	6431.144409
6026.897158	6431.153931
6026.901064	6431.157837
6026.90436	6431.161133
6026.909853	6431.166626
6026.924867	6431.181641
6026.925599	6431.182373
6026.932313	6431.189087
6026.932679	6431.189453
6026.933655	6431.19043
6026.935242	6431.192017
6026.936951	6431.193726
6026.961486	6431.218262
6026.972839	6431.229614
6026.973815	6431.230591
6026.981383	6431.238159
6026.982116	6431.238892
6026.988219	6431.244995
6027.002867	6431.259644
6027.004576	6431.261353
6027.007749	6431.264526
6027.019712	6431.276489
6027.038266	6431.295044
6027.041562	6431.29834
6027.049374	6431.306152
6027.062191	6431.31897
6027.071346	6431.328125
6027.072689	6431.329468
6027.075984	6431.332764
6027.080501	6431.33728
6027.081966	6431.338745
6027.082454	6431.339233
6027.096613	6431.353394
6027.110895	6431.367676
6027.1159	6431.372681
6027.118707	6431.375488
6027.119928	6431.376709
6027.125543	6431.382324
6027.125909	6431.38269
6027.135186	6431.391968
6027.137506	6431.394287
6027.13775	6431.394531
6027.1419	6431.398682
6027.159966	6431.416748
6027.162895	6431.419678
6027.163994	6431.420776
6027.183646	6431.44043
6027.194266	6431.45105
6027.205252	6431.462036
6027.214285	6431.471069
6027.230276	6431.487061
6027.230642	6431.487427
6027.235402	6431.492188
6027.250783	6431.507568
6027.251759	6431.508545
6027.25359	6431.510376
6027.260426	6431.517212
6027.268726	6431.525513
6027.283863	6431.540649
6027.294849	6431.551636
6027.296558	6431.553345
6027.301806	6431.558594
6027.309496	6431.566284
6027.309619	6431.566406
6027.313036	6431.569824
6027.313281	6431.570068
6027.320116	6431.576904
6027.322191	6431.578979
6027.346849	6431.603638
6027.350022	6431.606812
6027.356248	6431.613037
6027.368943	6431.625732
6027.376145	6431.632935
6027.376999	6431.633789
6027.394332	6431.651123
6027.398727	6431.655518
6027.400192	6431.656982
6027.400558	6431.657349
6027.406539	6431.66333
6027.410445	6431.667236
6027.413008	6431.6698
6027.415572	6431.672363
6027.420943	6431.677734
6027.428999	6431.685791
6027.441328	6431.69812
6027.453778	6431.710571
6027.473065	6431.729858
6027.473797	6431.730591
6027.476483	6431.733276
6027.481243	6431.738037
6027.483074	6431.739868
6027.484783	6431.741577
6027.486492	6431.743286
6027.489178	6431.745972
6027.493938	6431.750732
6027.499553	6431.756348
6027.502239	6431.759033
6027.506755	6431.76355
6027.516887	6431.773682
6027.52238	6431.779175
6027.523478	6431.780273
6027.524088	6431.780884
6027.554361	6431.811157
6027.562295	6431.819092
6027.562783	6431.81958
6027.58329	6431.840088
6027.591835	6431.848633
6027.595131	6431.851929
6027.595253	6431.852051
6027.605751	6431.862549
6027.607337	6431.864136
6027.620032	6431.876831
6027.620643	6431.877441
6027.631751	6431.88855
6027.635535	6431.892334
6027.636877	6431.893677
6027.64945	6431.90625
6027.667028	6431.923828
6027.671544	6431.928345
6027.684849	6431.94165
6027.694493	6431.951294
6027.698765	6431.955566
6027.703892	6431.960693
6027.705723	6431.962524
6027.707187	6431.963989
6027.714511	6431.971313
6027.724765	6431.981567
6027.727084	6431.983887
6027.728427	6431.985229
6027.754671	6432.011475
6027.757967	6432.014771
6027.758821	6432.015625
6027.763094	6432.019897
6027.769441	6432.026245
6027.769929	6432.026733
6027.772004	6432.028809
6027.780915	6432.03772
6027.80423	6432.061035
6027.81607	6432.072876
6027.823516	6432.080322
6027.826324	6432.08313
6027.833404	6432.09021
6027.846343	6432.103149
6027.852202	6432.109009
6027.855131	6432.111938
6027.864775	6432.121582
6027.871	6432.127808
6027.890897	6432.147705
6027.902737	6432.159546
6027.904812	6432.161621
6027.917873	6432.174683
6027.919948	6432.176758
6027.921779	6432.178589
6027.922878	6432.179688
6027.92361	6432.18042
6027.93716	6432.19397
6027.937404	6432.194214
6027.937892	6432.194702
6027.955592	6432.212402
6027.979761	6432.236572
6027.996606	6432.253418
6028.006005	6432.262817
6028.01101	6432.267822
6028.01638	6432.273193
6028.020165	6432.276978
6028.020409	6432.277222
6028.024315	6432.281128
6028.033348	6432.290161
6028.033348	6432.290161
6028.037864	6432.294678
6028.043113	6432.299927
6028.044944	6432.301758
6028.061057	6432.317871
6028.062155	6432.31897
6028.078024	6432.334839
6028.080953	6432.337769
6028.080953	6432.337769
6028.088033	6432.344849
6028.096212	6432.353027
6028.100484	6432.3573
6028.107075	6432.363892
6028.107198	6432.364014
6028.121235	6432.378052
6028.134296	6432.391113
6028.195207	6432.452026
6028.202409	6432.459229
6028.202775	6432.459595
6028.208146	6432.464966
6028.215958	6432.472778
6028.222184	6432.479004
6028.224015	6432.480835
6028.224259	6432.481079
6028.231949	6432.48877
6028.233536	6432.490356
6028.250015	6432.506836
6028.253433	6432.510254
6028.263564	6432.520386
6028.287977	6432.5448
6028.290663	6432.547485
6028.299451	6432.556274
6028.308118	6432.564941
6028.313855	6432.570679
6028.314221	6432.571045
6028.330334	6432.587158
6028.350719	6432.607544
6028.354869	6432.611694
6028.357067	6432.613892
6028.36671	6432.623535
6028.372447	6432.629272
6028.372569	6432.629395
6028.372935	6432.629761
6028.375865	6432.63269
6028.38209	6432.638916
6028.38624	6432.643066
6028.395029	6432.651855
6028.417367	6432.674194
6028.417367	6432.674194
6028.420541	6432.677368
6028.421517	6432.678345
6028.442024	6432.698853
6028.446541	6432.703369
6028.447151	6432.703979
6028.455574	6432.712402
6028.45887	6432.715698
6028.460701	6432.717529
6028.467414	6432.724243
6028.469245	6432.726074
6028.472175	6432.729004
6028.473395	6432.730225
6028.475348	6432.732178
6028.483893	6432.740723
6028.489752	6432.746582
6028.494269	6432.751099
6028.496832	6432.753662
6028.497076	6432.753906
6028.504034	6432.760864
6028.511358	6432.768188
6028.513189	6432.77002
6028.513677	6432.770508
6028.523198	6432.780029
6028.530766	6432.787598
6028.543583	6432.800415
6028.545292	6432.802124
6028.545781	6432.802612
6028.549931	6432.806763
6028.559086	6432.815918
6028.560551	6432.817383
6028.572757	6432.82959
6028.575687	6432.83252
6028.577152	6432.833984
6028.586429	6432.843262
6028.586429	6432.843262
6028.600222	6432.857056
6028.600832	6432.857666
6028.601687	6432.858521
6028.609621	6432.866455
6028.613527	6432.870361
6028.614992	6432.871826
6028.62317	6432.880005
6028.653199	6432.910034
6028.655884	6432.91272
6028.667114	6432.92395
6028.674316	6432.931152
6028.674316	6432.931152
6028.685058	6432.941895
6028.687255	6432.944092
6028.691649	6432.948486
6028.702025	6432.958862
6028.705687	6432.962524
6028.706908	6432.963745
6028.709593	6432.966431
6028.713255	6432.970093
6028.716185	6432.973022
6028.716917	6432.973755
6028.726682	6432.983521
6028.728757	6432.985596
6028.730833	6432.987671
6028.736203	6432.993042
6028.739133	6432.995972
6028.74487	6433.001709
6028.74841	6433.005249
6028.752438	6433.009277
6028.753903	6433.010742
6028.758786	6433.015625
6028.774044	6433.030884
6028.80102	6433.057861
6028.81042	6433.067261
6028.812373	6433.069214
6028.817011	6433.073853
6028.844476	6433.101318
6028.860467	6433.11731
6028.870354	6433.127197
6028.879387	6433.13623
6028.884025	6433.140869
6028.886467	6433.143311
6028.897575	6433.154419
6028.898429	6433.155273
6028.898551	6433.155396
6028.910514	6433.167358
6028.912711	6433.169556
6028.914664	6433.171509
6028.930288	6433.187134
6028.93627	6433.193115
6028.940298	6433.197144
6028.943594	6433.200439
6028.957265	6433.214111
6028.957875	6433.214722
6028.958241	6433.215088
6028.961049	6433.217896
6028.963368	6433.220215
6028.965321	6433.222168
6028.965687	6433.222534
6028.971547	6433.228394
6028.973378	6433.230225
6028.987415	6433.244263
6028.991688	6433.248535
6029.00719	6433.264038
6029.009265	6433.266113
6029.014392	6433.27124
6029.035753	6433.292603
6029.03734	6433.294189
6029.039415	6433.296265
6029.060289	6433.317139
6029.06273	6433.31958
6029.068589	6433.325439
6029.076157	6433.333008
6029.086655	6433.343506
6029.08873	6433.345581
6029.101425	6433.358276
6029.107162	6433.364014
6029.111922	6433.368774
6029.112411	6433.369263
6029.119857	6433.376709
6029.134383	6433.391235
6029.135359	6433.392212
6029.145491	6433.402344
6029.153425	6433.410278
6029.154279	6433.411133
6029.15904	6433.415894
6029.164655	6433.421509
6029.165265	6433.422119
6029.178693	6433.435547
6029.179913	6433.436768
6029.183087	6433.439941
6029.188946	6433.445801
6029.195416	6433.452271
6029.199932	6433.456787
6029.203594	6433.460449
6029.210674	6433.467529
6029.214092	6433.470947
6029.217265	6433.474121
6029.221416	6433.478271
6029.245463	6433.502319
6029.246073	6433.50293
6029.256082	6433.512939
6029.266946	6433.523804
6029.269265	6433.526123
6029.272195	6433.529053
6029.308327	6433.565186
6029.308815	6433.565674
6029.309181	6433.56604
6029.311989	6433.568848
6029.3292	6433.58606
6029.332862	6433.589722
6029.338843	6433.595703
6029.342993	6433.599854
6029.365698	6433.622559
6029.373754	6433.630615
6029.380834	6433.637695
6029.39243	6433.649292
6029.402439	6433.659302
6029.416233	6433.673096
6029.434177	6433.69104
6029.434909	6433.691772
6029.442965	6433.699829
6029.443209	6433.700073
6029.451266	6433.70813
6029.45444	6433.711304
6029.464083	6433.720947
6029.469576	6433.72644
6029.470674	6433.727539
6029.47751	6433.734375
6029.483735	6433.740601
6029.490815	6433.747681
6029.502167	6433.759033
6029.536224	6433.793091
6029.538543	6433.79541
6029.542693	6433.799561
6029.546721	6433.803589
6029.54843	6433.805298
6029.551238	6433.808105
6029.555998	6433.812866
6029.556975	6433.813843
6029.571135	6433.828003
6029.57321	6433.830078
6029.573332	6433.8302
6029.573576	6433.830444
6029.576139	6433.833008
6029.589811	6433.84668
6029.607754	6433.864624
6029.611661	6433.86853
6029.613369	6433.870239
6029.62106	6433.87793
6029.658412	6433.915283
6029.671961	6433.928833
6029.672938	6433.92981
6029.67428	6433.931152
6029.674402	6433.931274
6029.681726	6433.938599
6029.686975	6433.943848
6029.713464	6433.970337
6029.721276	6433.978149
6029.726647	6433.983521
6029.7286	6433.985474
6029.731041	6433.987915
6029.734581	6433.991455
6029.737511	6433.994385
6029.738609	6433.995483
6029.74691	6434.003784
6029.751914	6434.008789
6029.759116	6434.015991
6029.76705	6434.023926
6029.77706	6434.033936
6029.777304	6434.03418
6029.779989	6434.036865
6029.780722	6434.037598
6029.780966	6434.037842
6029.787558	6434.044434
6029.790121	6434.046997
6029.802205	6434.059082
6029.804403	6434.061279
6029.804647	6434.061523
6029.812947	6434.069824
6029.816731	6434.073608
6029.817464	6434.074341
6029.823567	6434.080444
6029.82906	6434.085938
6029.844929	6434.101807
6029.851764	6434.108643
6029.85921	6434.116089
6029.88106	6434.137939
6029.883257	6434.140137
6029.883501	6434.140381
6029.890581	6434.147461
6029.89229	6434.14917
6029.894609	6434.151489
6029.897539	6434.154419
6029.914628	6434.171509
6029.916337	6434.173218
6029.927567	6434.184448
6029.927933	6434.184814
6029.931107	6434.187988
6029.936722	6434.193604
6029.94783	6434.204712
6029.971267	6434.228149
6029.974563	6434.231445
6029.979323	6434.236206
6029.985304	6434.242188
6029.9886	6434.245483
6029.992628	6434.249512
6029.999098	6434.255981
6030.00276	6434.259644
6030.00276	6434.259644
6030.028638	6434.285522
6030.031201	6434.288086
6030.041211	6434.298096
6030.045605	6434.30249
6030.05769	6434.314575
6030.065502	6434.322388
6030.073192	6434.330078
6030.079539	6434.336426
6030.083323	6434.34021
6030.083323	6434.34021
6030.089793	6434.34668
6030.090891	6434.347778
6030.095042	6434.351929
6030.09614	6434.353027
6030.098582	6434.355469
6030.116525	6434.373413
6030.122507	6434.379395
6030.135201	6434.39209
6030.135201	6434.39209
6030.147652	6434.404541
6030.14814	6434.405029
6030.154854	6434.411743
6030.161324	6434.418213
6030.167305	6434.424194
6030.179755	6434.436646
6030.202582	6434.459473
6030.210028	6434.466919
6030.221868	6434.47876
6030.226263	6434.483154
6030.226507	6434.483398
6030.241033	6434.497925
6030.245915	6434.502808
6030.264713	6434.521606
6030.266911	6434.523804
6030.271915	6434.528809
6030.271915	6434.528809
6030.278751	6434.535645
6030.286319	6434.543213
6030.289859	6434.546753
6030.296939	6434.553833
6030.305972	6434.562866
6030.308169	6434.565063
6030.313906	6434.570801
6030.323671	6434.580566
6030.328188	6434.585083
6030.328676	6434.585571
6030.34076	6434.597656
6030.343324	6434.60022
6030.344789	6434.601685
6030.346376	6434.603271
6030.353455	6434.610352
6030.353699	6434.610596
6030.356385	6434.613281
6030.377746	6434.634644
6030.383239	6434.640137
6030.388122	6434.64502
6030.39569	6434.652588
6030.398131	6434.655029
6030.405455	6434.662354
6030.406066	6434.662964
6030.414977	6434.671875
6030.418516	6434.675415
6030.430235	6434.687134
6030.434019	6434.690918
6030.439756	6434.696655
6030.454892	6434.711792
6030.462094	6434.718994
6030.462216	6434.719116
6030.464413	6434.721313
6030.488582	6434.745483
6030.509456	6434.766357
6030.517024	6434.773926
6030.521662	6434.778564
6030.522273	6434.779175
6030.533747	6434.790649
6030.537897	6434.7948
6030.550836	6434.807739
6030.558526	6434.81543
6030.560601	6434.817505
6030.56231	6434.819214
6030.602226	6434.859131
6030.604911	6434.861816
6030.608451	6434.865356
6030.631644	6434.88855
6030.638235	6434.895142
6030.64678	6434.903687
6030.65862	6434.915527
6030.659231	6434.916138
6030.659841	6434.916748
6030.66509	6434.921997
6030.671071	6434.927979
6030.671315	6434.928223
6030.674367	6434.931274
6030.679738	6434.936646
6030.682057	6434.938965
6030.698536	6434.955444
6030.711719	6434.968628
6030.714038	6434.970947
6030.73247	6434.98938
6030.740404	6434.997314
6030.744433	6435.001343
6030.745531	6435.002441
6030.755663	6435.012573
6030.75786	6435.014771
6030.759447	6435.016357
6030.763719	6435.02063
6030.773362	6435.030273
6030.78032	6435.037231
6030.783616	6435.040527
6030.798264	6435.055176
6030.808395	6435.065308
6030.811203	6435.068115
6030.812179	6435.069092
6030.812912	6435.069824
6030.816452	6435.073364
6030.819381	6435.076294
6030.821212	6435.078125
6030.830001	6435.086914
6030.830001	6435.086914
6030.835494	6435.092407
6030.836714	6435.093628
6030.839644	6435.096558
6030.842207	6435.099121
6030.844283	6435.101196
6030.845015	6435.101929
6030.850874	6435.107788
6030.858686	6435.115601
6030.85893	6435.115845
6030.859907	6435.116821
6030.865766	6435.122681
6030.867719	6435.124634
6030.895184	6435.1521
6030.905071	6435.161987
6030.907513	6435.164429
6030.908978	6435.165894
6030.92387	6435.180786
6030.927532	6435.184448
6030.936198	6435.193115
6030.951456	6435.208374
6030.961222	6435.21814
6030.97294	6435.229858
6030.974893	6435.231812
6030.997842	6435.254761
6031.006386	6435.263306
6031.017372	6435.274292
6031.026283	6435.283203
6031.026893	6435.283813
6031.027992	6435.284912
6031.043128	6435.300049
6031.043372	6435.300293
6031.048377	6435.305298
6031.051428	6435.30835
6031.052405	6435.309326
6031.052649	6435.30957
6031.054968	6435.31189
6031.061804	6435.318726
6031.063269	6435.32019
6031.064245	6435.321167
6031.0651	6435.322021
6031.068396	6435.325317
6031.097569	6435.354492
6031.103551	6435.360474
6031.117222	6435.374146
6031.117954	6435.374878
6031.118931	6435.375854
6031.121861	6435.378784
6031.124424	6435.381348
6031.128696	6435.38562
6031.142368	6435.399292
6031.14664	6435.403564
6031.153964	6435.410889
6031.156405	6435.41333
6031.165072	6435.421997
6031.175692	6435.432617
6031.181185	6435.43811
6031.18326	6435.440186
6031.184969	6435.441895
6031.189729	6435.446655
6031.193757	6435.450684
6031.211823	6435.46875
6031.219635	6435.476563
6031.229889	6435.486816
6031.233795	6435.490723
6031.243927	6435.500854
6031.253204	6435.510132
6031.274077	6435.531006
6031.277251	6435.53418
6031.278105	6435.535034
6031.298856	6435.555786
6031.301786	6435.558716
6031.322415	6435.579346
6031.329251	6435.586182
6031.334622	6435.591553
6031.334622	6435.591553
6031.335232	6435.592163
6031.338039	6435.594971
6031.357082	6435.614014
6031.369899	6435.626831
6031.38064	6435.637573
6031.382471	6435.639404
6031.387232	6435.644165
6031.394922	6435.651855
6031.395288	6435.652222
6031.396143	6435.653076
6031.405664	6435.662598
6031.412255	6435.669189
6031.417138	6435.674072
6031.419946	6435.67688
6031.434838	6435.691772
6031.444115	6435.70105
6031.445213	6435.702148
6031.447166	6435.704102
6031.452537	6435.709473
6031.459739	6435.716675
6031.47634	6435.733276
6031.476584	6435.733521
6031.478659	6435.735596
6031.4905	6435.747437
6031.490622	6435.747559
6031.492453	6435.74939
6031.493063	6435.75
6031.501852	6435.758789
6031.508565	6435.765503
6031.510519	6435.767456
6031.513082	6435.77002
6031.521993	6435.778931
6031.522847	6435.779785
6031.526265	6435.783203
6031.530415	6435.787354
6031.530537	6435.787476
6031.544575	6435.801514
6031.548481	6435.80542
6031.554951	6435.81189
6031.555195	6435.812134
6031.555561	6435.8125
6031.559955	6435.816895
6031.577289	6435.834229
6031.585589	6435.842529
6031.585833	6435.842773
6031.585955	6435.842896
6031.595965	6435.852905
6031.611711	6435.868652
6031.617692	6435.874634
6031.618669	6435.87561
6031.619646	6435.876587
6031.624894	6435.881836
6031.625016	6435.881958
6031.629411	6435.886353
6031.633927	6435.890869
6031.636246	6435.893188
6031.638077	6435.89502
6031.640031	6435.896973
6031.643815	6435.900757
6031.644791	6435.901733
6031.645646	6435.902588
6031.651261	6435.908203
6031.652603	6435.909546
6031.654678	6435.911621
6031.685195	6435.942139
6031.69911	6435.956055
6031.711195	6435.96814
6031.714735	6435.97168
6031.72389	6435.980835
6031.729017	6435.985962
6031.729627	6435.986572
6031.735364	6435.99231
6031.73988	6435.996826
6031.740247	6435.997192
6031.741834	6435.998779
6031.751233	6436.008179
6031.756359	6436.013306
6031.757214	6436.01416
6031.75758	6436.014526
6031.760754	6436.0177
6031.767956	6436.024902
6031.770397	6436.027344
6031.771496	6436.028442
6031.778209	6436.035156
6031.793589	6436.050537
6031.81251	6436.069458
6031.812876	6436.069824
6031.825205	6436.082153
6031.834726	6436.091675
6031.834848	6436.091797
6031.875496	6436.132446
6031.889411	6436.146362
6031.890266	6436.147217
6031.891242	6436.148193
6031.895393	6436.152344
6031.899421	6436.156372
6031.902961	6436.159912
6031.903205	6436.160156
6031.906867	6436.163818
6031.909308	6436.16626
6031.915533	6436.172485
6031.924078	6436.18103
6031.925055	6436.182007
6031.925421	6436.182373
6031.931768	6436.188721
6031.940313	6436.197266
6031.942876	6436.199829
6031.943609	6436.200562
6031.961552	6436.218506
6031.963994	6436.220947
6031.970951	6436.227905
6031.972538	6436.229492
6031.976933	6436.233887
6031.980961	6436.237915
6031.981571	6436.238525
6031.983646	6436.240601
6032.019778	6436.276733
6032.02344	6436.280396
6032.026735	6436.283691
6032.029543	6436.286499
6032.031374	6436.28833
6032.047365	6436.304321
6032.05652	6436.313477
6032.05652	6436.313477
6032.062989	6436.319946
6032.065675	6436.322632
6032.067017	6436.323975
6032.070313	6436.327271
6032.075196	6436.332153
6032.077759	6436.334717
6032.087158	6436.344116
6032.090942	6436.3479
6032.095825	6436.352783
6032.096069	6436.353027
6032.098754	6436.355713
6032.104858	6436.361816
6032.105102	6436.362061
6032.106078	6436.363037
6032.116088	6436.373047
6032.125853	6436.382813
6032.129393	6436.386353
6032.133543	6436.390503
6032.136839	6436.393799
6032.138426	6436.395386
6032.139402	6436.396362
6032.139769	6436.396729
6032.157956	6436.414917
6032.177731	6436.434692
6032.179562	6436.436523
6032.180905	6436.437866
6032.197262	6436.454224
6032.202266	6436.459229
6032.224482	6436.481445
6032.224971	6436.481934
6032.266473	6436.523438
6032.266961	6436.523926
6032.269647	6436.526611
6032.270867	6436.527832
6032.273309	6436.530273
6032.277825	6436.53479
6032.27868	6436.535645
6032.279046	6436.536011
6032.286736	6436.543701
6032.292229	6436.549194
6032.314323	6436.571289
6032.318229	6436.575195
6032.319572	6436.576538
6032.351065	6436.608032
6032.351431	6436.608398
6032.35375	6436.610718
6032.356314	6436.613281
6032.358999	6436.615967
6032.375844	6436.632813
6032.378163	6436.635132
6032.381703	6436.638672
6032.382436	6436.639404
6032.395375	6436.652344
6032.39745	6436.654419
6032.402943	6436.659912
6032.416126	6436.673096
6032.420642	6436.677612
6032.426624	6436.683594
6032.435046	6436.692017
6032.450915	6436.707886
6032.451647	6436.708618
6032.455065	6436.712036
6032.458605	6436.715576
6032.460802	6436.717773
6032.462023	6436.718994
6032.46361	6436.720581
6032.463854	6436.720825
6032.467882	6436.724854
6032.4713	6436.728271
6032.475572	6436.732544
6032.497056	6436.754028
6032.50206	6436.759033
6032.517563	6436.774536
6032.518173	6436.775146
6032.519516	6436.776489
6032.526473	6436.783447
6032.530135	6436.787109
6032.539046	6436.796021
6032.541854	6436.798828
6032.542708	6436.799683
6032.544539	6436.801514
6032.547103	6436.804077
6032.562605	6436.81958
6032.563337	6436.820313
6032.566633	6436.823608
6032.566755	6436.82373
6032.56883	6436.825806
6032.574079	6436.831055
6032.583356	6436.840332
6032.585187	6436.842163
6032.594342	6436.851318
6032.619366	6436.876343
6032.628521	6436.885498
6032.639385	6436.896362
6032.642558	6436.899536
6032.645366	6436.902344
6032.646342	6436.90332
6032.648662	6436.90564
6032.661356	6436.918335
6032.664164	6436.921143
6032.666117	6436.923096
6032.67869	6436.935669
6032.681986	6436.938965
6032.686868	6436.943848
6032.692605	6436.949585
6032.707619	6436.9646
6032.721291	6436.978271
6032.743019	6437.0
6032.754493	6437.011475
6032.755957	6437.012939
6032.758155	6437.015137
6032.758887	6437.015869
6032.784765	6437.041748
6032.799901	6437.056885
6032.807713	6437.064697
6032.814061	6437.071045
6032.81699	6437.073975
6032.825291	6437.082275
6032.826145	6437.08313
6032.82761	6437.084595
6032.832981	6437.089966
6032.841282	6437.098267
6032.843967	6437.100952
6032.846775	6437.10376
6032.853488	6437.110474
6032.853732	6437.110718
6032.858249	6437.115234
6032.86008	6437.117065
6032.865207	6437.122192
6032.873751	6437.130737
6032.873873	6437.130859
6032.874361	6437.131348
6032.880587	6437.137573
6032.881685	6437.138672
6032.889131	6437.146118
6032.891451	6437.148438
6032.903901	6437.160889
6032.927582	6437.18457
6032.928193	6437.185181
6032.930268	6437.187256
6032.944916	6437.201904
6032.96054	6437.217529
6032.96469	6437.22168
6032.97238	6437.22937
6032.974456	6437.231445
6032.985564	6437.242554
6032.988859	6437.24585
6032.996305	6437.253296
6032.998747	6437.255737
6033.00485	6437.261841
6033.011075	6437.268066
6033.01193	6437.268921
6033.038174	6437.295166
6033.06869	6437.325684
6033.076136	6437.33313
6033.083094	6437.340088
6033.089686	6437.34668
6033.100428	6437.357422
6033.106531	6437.363525
6033.116174	6437.373169
6033.126672	6437.383667
6033.127526	6437.384521
6033.127526	6437.384521
6033.132531	6437.389526
6033.133263	6437.390259
6033.141686	6437.398682
6033.142418	6437.399414
6033.155357	6437.412354
6033.170616	6437.427612
6033.178672	6437.435669
6033.17916	6437.436157
6033.209066	6437.466064
6033.214315	6437.471313
6033.214315	6437.471313
6033.215292	6437.47229
6033.235921	6437.49292
6033.238484	6437.495483
6033.240926	6437.497925
6033.243123	6437.500122
6033.243367	6437.500366
6033.247761	6437.504761
6033.249348	6437.506348
6033.258869	6437.515869
6033.271564	6437.528564
6033.271686	6437.528687
6033.272052	6437.529053
6033.287066	6437.544067
6033.287189	6437.544189
6033.303545	6437.560547
6033.304888	6437.56189
6033.305254	6437.562256
6033.308184	6437.565186
6033.317827	6437.574829
6033.328691	6437.585693
6033.336747	6437.59375
6033.341996	6437.598999
6033.357499	6437.614502
6033.359085	6437.616089
6033.36409	6437.621094
6033.371902	6437.628906
6033.392043	6437.649048
6033.39302	6437.650024
6033.395217	6437.652222
6033.402541	6437.659546
6033.402785	6437.65979
6033.41609	6437.673096
6033.419264	6437.67627
6033.441968	6437.698975
6033.447461	6437.704468
6033.45564	6437.712646
6033.471752	6437.72876
6033.477001	6437.734009
6033.481518	6437.738525
6033.482982	6437.73999
6033.488353	6437.745361
6033.492626	6437.749634
6033.499217	6437.756226
6033.499949	6437.756958
6033.50764	6437.764648
6033.514964	6437.771973
6033.52656	6437.783569
6033.528391	6437.7854
6033.532541	6437.789551
6033.551705	6437.808716
6033.552438	6437.809448
6033.5561	6437.81311
6033.557687	6437.814697
6033.558053	6437.815063
6033.558663	6437.815674
6033.561593	6437.818604
6033.581978	6437.838989
6033.587593	6437.844604
6033.591255	6437.848267
6033.600288	6437.8573
6033.602363	6437.859375
6033.606391	6437.863403
6033.610297	6437.86731
6033.611518	6437.86853
6033.612372	6437.869385
6033.617743	6437.874756
6033.622626	6437.879639
6033.63117	6437.888184
6033.64826	6437.905273
6033.655706	6437.91272
6033.662785	6437.9198
6033.679142	6437.936157
6033.691593	6437.948608
6033.693424	6437.950439
6033.700016	6437.957031
6033.702091	6437.959106
6033.702213	6437.959229
6033.735903	6437.99292
6033.738588	6437.995605
6033.74518	6438.002197
6033.757997	6438.015015
6033.783387	6438.040405
6033.786194	6438.043213
6033.826598	6438.083618
6033.842711	6438.099731
6033.842955	6438.099976
6033.859678	6438.116699
6033.86334	6438.120361
6033.870298	6438.127319
6033.87457	6438.131592
6033.874692	6438.131714
6033.901669	6438.158691
6033.92242	6438.179443
6033.923396	6438.18042
6033.928645	6438.185669
6033.931941	6438.188965
6033.933528	6438.190552
6033.941584	6438.198608
6033.957331	6438.214355
6033.960138	6438.217163
6033.960504	6438.217529
6033.971368	6438.228394
6033.972711	6438.229736
6033.977716	6438.234741
6033.986626	6438.243652
6033.996148	6438.253174
6034.017753	6438.27478
6034.029227	6438.286255
6034.0418	6438.298828
6034.044608	6438.301636
6034.057058	6438.314087
6034.059866	6438.316895
6034.067678	6438.324707
6034.068655	6438.325684
6034.078298	6438.335327
6034.080129	6438.337158
6034.085256	6438.342285
6034.090505	6438.347534
6034.114429	6438.37146
6034.124805	6438.381836
6034.135059	6438.39209
6034.13689	6438.393921
6034.1375	6438.394531
6034.139819	6438.396851
6034.149218	6438.40625
6034.150195	6438.407227
6034.150195	6438.407227
6034.153369	6438.4104
6034.154955	6438.411987
6034.163012	6438.420044
6034.169603	6438.426636
6034.172533	6438.429565
6034.176683	6438.433716
6034.179124	6438.436157
6034.179247	6438.436279
6034.179491	6438.436523
6034.18596	6438.442993
6034.193162	6438.450195
6034.194505	6438.451538
6034.206345	6438.463379
6034.212571	6438.469604
6034.225265	6438.4823
6034.228195	6438.485229
6034.238571	6438.495605
6034.245162	6438.502197
6034.246505	6438.50354
6034.265059	6438.522095
6034.278608	6438.535645
6034.283857	6438.540894
6034.287885	6438.544922
6034.293012	6438.550049
6034.295087	6438.552124
6034.296918	6438.553955
6034.300946	6438.557983
6034.307904	6438.564941
6034.309003	6438.56604
6034.310223	6438.567261
6034.314129	6438.571167
6034.321942	6438.578979
6034.323406	6438.580444
6034.326946	6438.583984
6034.352824	6438.609863
6034.373942	6438.630981
6034.377482	6438.634521
6034.380533	6438.637573
6034.382242	6438.639282
6034.385538	6438.642578
6034.388223	6438.645264
6034.38981	6438.646851
6034.391519	6438.64856
6034.394449	6438.651489
6034.394571	6438.651611
6034.402505	6438.659546
6034.406167	6438.663208
6034.416299	6438.67334
6034.418252	6438.675293
6034.439857	6438.696899
6034.444618	6438.70166
6034.449012	6438.706055
6034.451942	6438.708984
6034.457801	6438.714844
6034.464637	6438.72168
6034.466956	6438.723999
6034.479529	6438.736572
6034.489294	6438.746338
6034.493933	6438.750977
6034.505407	6438.762451
6034.50797	6438.765015
6034.516759	6438.773804
6034.526524	6438.783569
6034.527989	6438.785034
6034.530064	6438.787109
6034.53336	6438.790405
6034.539463	6438.796509
6034.560825	6438.817871
6034.572909	6438.829956
6034.573886	6438.830933
6034.581454	6438.838501
6034.592074	6438.849121
6034.608552	6438.865601
6034.627717	6438.884766
6034.642853	6438.899902
6034.64383	6438.900879
6034.644318	6438.901367
6034.653107	6438.910156
6034.668487	6438.925537
6034.66983	6438.92688
6034.67398	6438.93103
6034.674102	6438.931152
6034.679351	6438.936401
6034.686186	6438.943237
6034.697783	6438.954834
6034.698515	6438.955566
6034.705229	6438.96228
6034.739041	6438.996094
6034.744534	6439.001587
6034.745633	6439.002686
6034.768215	6439.025269
6034.768947	6439.026001
6034.77737	6439.034424
6034.779079	6439.036133
6034.783351	6439.040405
6034.787623	6439.044678
6034.789942	6439.046997
6034.790431	6439.047485
6034.791896	6439.04895
6034.803492	6439.060547
6034.80398	6439.061035
6034.805323	6439.062378
6034.806421	6439.063477
6034.809717	6439.066772
6034.812403	6439.069458
6034.812647	6439.069702
6034.828149	6439.085205
6034.832177	6439.089233
6034.832299	6439.089355
6034.833276	6439.090332
6034.839135	6439.096191
6034.841698	6439.098755
6034.854637	6439.111694
6034.862694	6439.119751
6034.880271	6439.137329
6034.882713	6439.139771
6034.883567	6439.140625
6034.897727	6439.154785
6034.910055	6439.167114
6034.912863	6439.169922
6034.914816	6439.171875
6034.920553	6439.177612
6034.922262	6439.179321
6034.927267	6439.184326
6034.941182	6439.198242
6034.945088	6439.202148
6034.947285	6439.204346
6034.94814	6439.2052
6034.948384	6439.205444
6034.95107	6439.20813
6034.951314	6439.208374
6034.953511	6439.210571
6034.954243	6439.211304
6034.956562	6439.213623
6034.964131	6439.221191
6034.972919	6439.22998
6034.978412	6439.235474
6034.982318	6439.23938
6034.990253	6439.247314
6034.996966	6439.254028
6035.003924	6439.260986
6035.009539	6439.266602
6035.01491	6439.271973
6035.018816	6439.275879
6035.024553	6439.281616
6035.026018	6439.283081
6035.035661	6439.292725
6035.038469	6439.295532
6035.038713	6439.295776
6035.051774	6439.308838
6035.068863	6439.325928
6035.082046	6439.339111
6035.096694	6439.35376
6035.10829	6439.365356
6035.109511	6439.366577
6035.112807	6439.369873
6035.11537	6439.372437
6035.116591	6439.373657
6035.12184	6439.378906
6035.12245	6439.379517
6035.127577	6439.384644
6035.144178	6439.401245
6035.15138	6439.408447
6035.158337	6439.415405
6035.163098	6439.420166
6035.166394	6439.423462
6035.166394	6439.423462
6035.169934	6439.427002
6035.173962	6439.43103
6035.183971	6439.44104
6035.197032	6439.454102
6035.222056	6439.479126
6035.234385	6439.491455
6035.238657	6439.495728
6035.238779	6439.49585
6035.245615	6439.502686
6035.254892	6439.511963
6035.261605	6439.518677
6035.269662	6439.526733
6035.278328	6439.5354
6035.281868	6439.53894
6035.282357	6439.539429
6035.289436	6439.546509
6035.290779	6439.547852
6035.297737	6439.55481
6035.303474	6439.560547
6035.303962	6439.561035
6035.325568	6439.582642
6035.326544	6439.583618
6035.330328	6439.587402
6035.336188	6439.593262
6035.339727	6439.596802
6035.33985	6439.596924
6035.372685	6439.629761
6035.378056	6439.635132
6035.38953	6439.646606
6035.395512	6439.652588
6035.411624	6439.668701
6035.413089	6439.670166
6035.417117	6439.674194
6035.424441	6439.681519
6035.424441	6439.681519
6035.42493	6439.682007
6035.438967	6439.696045
6035.442263	6439.699341
6035.442629	6439.699707
6035.457033	6439.714111
6035.460451	6439.717529
6035.461061	6439.71814
6035.467897	6439.724976
6035.48523	6439.74231
6035.496216	6439.753296
6035.500244	6439.757324
6035.517333	6439.774414
6035.52185	6439.778931
6035.547972	6439.805054
6035.56616	6439.823242
6035.578977	6439.83606
6035.587399	6439.844482
6035.590207	6439.84729
6035.606075	6439.863159
6035.613766	6439.87085
6035.616085	6439.873169
6035.617183	6439.874268
6035.622554	6439.879639
6035.623897	6439.880981
6035.624263	6439.881348
6035.62524	6439.882324
6035.628658	6439.885742
6035.629268	6439.886353
6035.634395	6439.891479
6035.63769	6439.894775
6035.651118	6439.908203
6035.651362	6439.908447
6035.651728	6439.908813
6035.652094	6439.90918
6035.659052	6439.916138
6035.66662	6439.923706
6035.66955	6439.926636
6035.695061	6439.952148
6035.701897	6439.958984
6035.705315	6439.962402
6035.710198	6439.967285
6035.713615	6439.970703
6035.729484	6439.986572
6035.749747	6440.006836
6035.750846	6440.007935
6035.753043	6440.010132
6035.754019	6440.011108
6035.756827	6440.013916
6035.760367	6440.017456
6035.782949	6440.040039
6035.795156	6440.052246
6035.797475	6440.054565
6035.806996	6440.064087
6035.809193	6440.066284
6035.843372	6440.100464
6035.849353	6440.106445
6035.854724	6440.111816
6035.855456	6440.112549
6035.861315	6440.118408
6035.86339	6440.120483
6035.880968	6440.138062
6035.897081	6440.154175
6035.90355	6440.160645
6035.904283	6440.161377
6035.905625	6440.16272
6035.911606	6440.168701
6035.92479	6440.181885
6035.935043	6440.192139
6035.938217	6440.195313
6035.939438	6440.196533
6035.94725	6440.204346
6035.956893	6440.213989
6035.960067	6440.217163
6035.964949	6440.222046
6035.967757	6440.224854
6035.982405	6440.239502
6035.992658	6440.249756
6035.993391	6440.250488
6035.998762	6440.255859
6036.016339	6440.273438
6036.017316	6440.274414
6036.017926	6440.275024
6036.018902	6440.276001
6036.03001	6440.287109
6036.040508	6440.297607
6036.043194	6440.300293
6036.045269	6440.302368
6036.05125	6440.30835
6036.05479	6440.31189
6036.070292	6440.327393
6036.071025	6440.328125
6036.078959	6440.33606
6036.080057	6440.337158
6036.082377	6440.339478
6036.100076	6440.357178
6036.103982	6440.361084
6036.104715	6440.361816
6036.106058	6440.363159
6036.112405	6440.369507
6036.113259	6440.370361
6036.130471	6440.387573
6036.134499	6440.391602
6036.13572	6440.392822
6036.137551	6440.394653
6036.138039	6440.395142
6036.160499	6440.417603
6036.166724	6440.423828
6036.166968	6440.424072
6036.170508	6440.427612
6036.175879	6440.432983
6036.19663	6440.453735
6036.202245	6440.459351
6036.213231	6440.470337
6036.22495	6440.482056
6036.227879	6440.484985
6036.230809	6440.487915
6036.248142	6440.505249
6036.265232	6440.522339
6036.268161	6440.525269
6036.278659	6440.535767
6036.281832	6440.53894
6036.285494	6440.542603
6036.298556	6440.555664
6036.298556	6440.555664
6036.29941	6440.556519
6036.315279	6440.572388
6036.316621	6440.57373
6036.3331	6440.59021
6036.334077	6440.591187
6036.335053	6440.592163
6036.336884	6440.593994
6036.337006	6440.594116
6036.344696	6440.601807
6036.345795	6440.602905
6036.350556	6440.607666
6036.351532	6440.608643
6036.356293	6440.613403
6036.383635	6440.640747
6036.385589	6440.6427
6036.398772	6440.655884
6036.401823	6440.658936
6036.403776	6440.660889
6036.409636	6440.666748
6036.41696	6440.674072
6036.419157	6440.67627
6036.42111	6440.678223
6036.437955	6440.695068
6036.445645	6440.702759
6036.447354	6440.704468
6036.447598	6440.704712
6036.455166	6440.71228
6036.468715	6440.72583
6036.481777	6440.738892
6036.483608	6440.740723
6036.501063	6440.758179
6036.504481	6440.761597
6036.508021	6440.765137
6036.51327	6440.770386
6036.515467	6440.772583
6036.51803	6440.775146
6036.525232	6440.782349
6036.532434	6440.789551
6036.542565	6440.799683
6036.544152	6440.80127
6036.548913	6440.80603
6036.550988	6440.808105
6036.551842	6440.80896
6036.553917	6440.811035
6036.565636	6440.822754
6036.571495	6440.828613
6036.572227	6440.829346
6036.575035	6440.832153
6036.581749	6440.838867
6036.600058	6440.857178
6036.603476	6440.860596
6036.610434	6440.867554
6036.611411	6440.86853
6036.616904	6440.874023
6036.621298	6440.878418
6036.629232	6440.886353
6036.629232	6440.886353
6036.630453	6440.887573
6036.630697	6440.887817
6036.635702	6440.892822
6036.636434	6440.893555
6036.638997	6440.896118
6036.642782	6440.899902
6036.646077	6440.903198
6036.654988	6440.912109
6036.66158	6440.918701
6036.664998	6440.922119
6036.671589	6440.928711
6036.67281	6440.929932
6036.67342	6440.930542
6036.674519	6440.931641
6036.674519	6440.931641
6036.675373	6440.932495
6036.675373	6440.932495
6036.67635	6440.933472
6036.678547	6440.935669
6036.679035	6440.936157
6036.679645	6440.936768
6036.681598	6440.938721
6036.689289	6440.946411
6036.692462	6440.949585
6036.697345	6440.954468
6036.700275	6440.957397
6036.701373	6440.958496
6036.702716	6440.959839
6036.704059	6440.961182
6036.704303	6440.961426
6036.704303	6440.961426
6036.704791	6440.961914
6036.705157	6440.96228
6036.705157	6440.96228
6036.705279	6440.962402
6036.706744	6440.963867
6036.709918	6440.967041
6036.710284	6440.967407
6036.711749	6440.968872
6036.714922	6440.972046
6036.715045	6440.972168
6036.718218	6440.975342
6036.724444	6440.981567
6036.726519	6440.983643
6036.732866	6440.98999
6036.733843	6440.990967
6036.736284	6440.993408
6036.737749	6440.994873
6036.742754	6440.999878
6036.747392	6441.004517
6036.748735	6441.005859
6036.751664	6441.008789
6036.755693	6441.012817
6036.755937	6441.013062
6036.755937	6441.013062
6036.756547	6441.013672
6036.758256	6441.015381
6036.759721	6441.016846
6036.761918	6441.019043
6036.767899	6441.025024
6036.768754	6441.025879
6036.769852	6441.026978
6036.777298	6441.034424
6036.778763	6441.035889
6036.779862	6441.036987
6036.802566	6441.059692
6036.803664	6441.060791
6036.805251	6441.062378
6036.810622	6441.067749
6036.811599	6441.068726
6036.812209	6441.069336
6036.812453	6441.06958
6036.821364	6441.078491
6036.822341	6441.079468
6036.823317	6441.080444
6036.829298	6441.086426
6036.829909	6441.087036
6036.830153	6441.08728
6036.831373	6441.088501
6036.832106	6441.089233
6036.84297	6441.100098
6036.844312	6441.10144
6036.849561	6441.106689
6036.852125	6441.109253
6036.864209	6441.121338
6036.866406	6441.123535
6036.870434	6441.127563
6036.871655	6441.128784
6036.872388	6441.129517
6036.875561	6441.13269
6036.885082	6441.142212
6036.890087	6441.147217
6036.913402	6441.170532
6036.921336	6441.178467
6036.923045	6441.180176
6036.927439	6441.18457
6036.929881	6441.187012
6036.945749	6441.202881
6036.946237	6441.203369
6036.951852	6441.208984
6036.961862	6441.218994
6036.966134	6441.223267
6036.975167	6441.2323
6036.979806	6441.236938
6036.989937	6441.24707
6036.994576	6441.251709
6037.007515	6441.264648
6037.020576	6441.27771
6037.02143	6441.278564
6037.028022	6441.285156
6037.028754	6441.285889
6037.029486	6441.286621
6037.029853	6441.286987
6037.030585	6441.28772
6037.030951	6441.288086
6037.037055	6441.294189
6037.043768	6441.300903
6037.044012	6441.301147
6037.054022	6441.311157
6037.066961	6441.324097
6037.078191	6441.335327
6037.085026	6441.342163
6037.098576	6441.355713
6037.111149	6441.368286
6037.112491	6441.369629
6037.1142	6441.371338
6037.120181	6441.377319
6037.120548	6441.377686
6037.12482	6441.381958
6037.152041	6441.40918
6037.156557	6441.413696
6037.156923	6441.414063
6037.166933	6441.424072
6037.174135	6441.431274
6037.179505	6441.436646
6037.185731	6441.442871
6037.190613	6441.447754
6037.201966	6441.459106
6037.204895	6441.462036
6037.205506	6441.462646
6037.212707	6441.469849
6037.212829	6441.469971
6037.214294	6441.471436
6037.21466	6441.471802
6037.216003	6441.473145
6037.226257	6441.483398
6037.22821	6441.485352
6037.22882	6441.485962
6037.230041	6441.487183
6037.232604	6441.489746
6037.23529	6441.492432
6037.243468	6441.50061
6037.244078	6441.501221
6037.246764	6441.503906
6037.2536	6441.510742
6037.255186	6441.512329
6037.262266	6441.519409
6037.268125	6441.525269
6037.269102	6441.526245
6037.26959	6441.526733
6037.272398	6441.529541
6037.282895	6441.540039
6037.302426	6441.55957
6037.304501	6441.561646
6037.307431	6441.564575
6037.310604	6441.567749
6037.32098	6441.578125
6037.323177	6441.580322
6037.340266	6441.597412
6037.357356	6441.614502
6037.371271	6441.628418
6037.383844	6441.640991
6037.38836	6441.645508
6037.403496	6441.660645
6037.403863	6441.661011
6037.40545	6441.662598
6037.414116	6441.671265
6037.41668	6441.673828
6037.422417	6441.679565
6037.423149	6441.680298
6037.425468	6441.682617
6037.427543	6441.684692
6037.4356	6441.692749
6037.436943	6441.694092
6037.439506	6441.696655
6037.447318	6441.704468
6037.448905	6441.706055
6037.45159	6441.70874
6037.451957	6441.709106
6037.455985	6441.713135
6037.464041	6441.721191
6037.468802	6441.725952
6037.494802	6441.751953
6037.495412	6441.752563
6037.507008	6441.76416
6037.514577	6441.771729
6037.51775	6441.774902
6037.529224	6441.786377
6037.546924	6441.804077
6037.557055	6441.814209
6037.561938	6441.819092
6037.568774	6441.825928
6037.573412	6441.830566
6037.603563	6441.860718
6037.612229	6441.869385
6037.614915	6441.87207
6037.622117	6441.879272
6037.622483	6441.879639
6037.624314	6441.88147
6037.631027	6441.888184
6037.632248	6441.889404
6037.639694	6441.896851
6037.647506	6441.904663
6037.648483	6441.90564
6037.65007	6441.907227
6037.652999	6441.910156
6037.656295	6441.913452
6037.657516	6441.914673
6037.660201	6441.917358
6037.662154	6441.919312
6037.667525	6441.924683
6037.667769	6441.924927
6037.670455	6441.927612
6037.707075	6441.964233
6037.71745	6441.974609
6037.739666	6441.996826
6037.75053	6442.00769
6037.76237	6442.019531
6037.769938	6442.0271
6037.779826	6442.036987
6037.780436	6442.037598
6037.784464	6442.041626
6037.784708	6442.04187
6037.802896	6442.060059
6037.803751	6442.060913
6037.811075	6442.068237
6037.811075	6442.068237
6037.812417	6442.06958
6037.813882	6442.071045
6037.819863	6442.077026
6037.824014	6442.081177
6037.853554	6442.110718
6037.856971	6442.114136
6037.860145	6442.11731
6037.870277	6442.127441
6037.872352	6442.129517
6037.875037	6442.132202
6037.882239	6442.139404
6037.888465	6442.14563
6037.899939	6442.157104
6037.900061	6442.157227
6037.902868	6442.160034
6037.91715	6442.174316
6037.921056	6442.178223
6037.924962	6442.182129
6037.930089	6442.187256
6037.933141	6442.190308
6037.933141	6442.190308
6037.933873	6442.19104
6037.934239	6442.191406
6037.938389	6442.195557
6037.939732	6442.196899
6037.940709	6442.197876
6037.952305	6442.209473
6037.960239	6442.217407
6037.96207	6442.219238
6037.968662	6442.22583
6037.969516	6442.226685
6037.977817	6442.234985
6037.981845	6442.239014
6037.981967	6442.239136
6037.992221	6442.24939
6037.992709	6442.249878
6037.993441	6442.25061
6037.997836	6442.255005
6037.99869	6442.255859
6038.008333	6442.265503
6038.013582	6442.270752
6038.015291	6442.272461
6038.02884	6442.286011
6038.03177	6442.28894
6038.037141	6442.294312
6038.060822	6442.317993
6038.061188	6442.318359
6038.071075	6442.328247
6038.072418	6442.32959
6038.075836	6442.333008
6038.082793	6442.339966
6038.085723	6442.342896
6038.085845	6442.343018
6038.087066	6442.344238
6038.088286	6442.345459
6038.090606	6442.347778
6038.096953	6442.354126
6038.101103	6442.358276
6038.113432	6442.370605
6038.117338	6442.374512
6038.126493	6442.383667
6038.150784	6442.407959
6038.155789	6442.412964
6038.158474	6442.415649
6038.169826	6442.427002
6038.170437	6442.427612
6038.181423	6442.438599
6038.181911	6442.439087
6038.18423	6442.441406
6038.193019	6442.450195
6038.196315	6442.453491
6038.200343	6442.45752
6038.205592	6442.462769
6038.20962	6442.466797
6038.214503	6442.47168
6038.218897	6442.476074
6038.219874	6442.477051
6038.239404	6442.496582
6038.249291	6442.50647
6038.268456	6442.525635
6038.269188	6442.526367
6038.271874	6442.529053
6038.274925	6442.532104
6038.277367	6442.534546
6038.304465	6442.561646
6038.306418	6442.563599
6038.309836	6442.567017
6038.322653	6442.579834
6038.33547	6442.592651
6038.339376	6442.596558
6038.355245	6442.612427
6038.357076	6442.614258
6038.357198	6442.61438
6038.361836	6442.619019
6038.377217	6442.634399
6038.38808	6442.645264
6038.400775	6442.657959
6038.406268	6442.663452
6038.408832	6442.666016
6038.413226	6442.67041
6038.413348	6442.670532
6038.414203	6442.671387
6038.41762	6442.674805
6038.417865	6442.675049
6038.43117	6442.688354
6038.436907	6442.694092
6038.437883	6442.695068
6038.450822	6442.708008
6038.46425	6442.721436
6038.466203	6442.723389
6038.466325	6442.723511
6038.483414	6442.740601
6038.483658	6442.740845
6038.494278	6442.751465
6038.498306	6442.755493
6038.500015	6442.757202
6038.50209	6442.759277
6038.503921	6442.761108
6038.50917	6442.766357
6038.516006	6442.773193
6038.522109	6442.779297
6038.527724	6442.784912
6038.544569	6442.801758
6038.547254	6442.804443
6038.558118	6442.815308
6038.563489	6442.820679
6038.592785	6442.849976
6038.609386	6442.866577
6038.626597	6442.883789
6038.640391	6442.897583
6038.648813	6442.906006
6038.65394	6442.911133
6038.657236	6442.914429
6038.676034	6442.933228
6038.679086	6442.936279
6038.68702	6442.944214
6038.687264	6442.944458
6038.687508	6442.944702
6038.691658	6442.948853
6038.695687	6442.952881
6038.701424	6442.958618
6038.705086	6442.96228
6038.712898	6442.970093
6038.71363	6442.970825
6038.7201	6442.977295
6038.728644	6442.98584
6038.73133	6442.988525
6038.731818	6442.989014
6038.733405	6442.990601
6038.73609	6442.993286
6038.742194	6442.99939
6038.747076	6443.004272
6038.748663	6443.005859
6038.750006	6443.007202
6038.752203	6443.009399
6038.753302	6443.010498
6038.758551	6443.015747
6038.768438	6443.025635
6038.782842	6443.040039
6038.791997	6443.049194
6038.792973	6443.050171
6038.797001	6443.054199
6038.803593	6443.060791
6038.80872	6443.065918
6038.811649	6443.068848
6038.826541	6443.08374
6038.836429	6443.093628
6038.849001	6443.106201
6038.85303	6443.110229
6038.853762	6443.110962
6038.867678	6443.124878
6038.873659	6443.130859
6038.884034	6443.141235
6038.886476	6443.143677
6038.894044	6443.151245
6038.89795	6443.155151
6038.904053	6443.161255
6038.913086	6443.170288
6038.920166	6443.177368
6038.926391	6443.183594
6038.969236	6443.22644
6038.971678	6443.228882
6038.973387	6443.230591
6038.974607	6443.231812
6038.986081	6443.243286
6039.003659	6443.260864
6039.025387	6443.282593
6039.037349	6443.294556
6039.041255	6443.298462
6039.043941	6443.301147
6039.049678	6443.306885
6039.066523	6443.32373
6039.076044	6443.333252
6039.087274	6443.344482
6039.107049	6443.364258
6039.112054	6443.369263
6039.119866	6443.377075
6039.135856	6443.393066
6039.141716	6443.398926
6039.141838	6443.399048
6039.14257	6443.39978
6039.143669	6443.400879
6039.146598	6443.403809
6039.147086	6443.404297
6039.166739	6443.42395
6039.170889	6443.428101
6039.195791	6443.453003
6039.205312	6443.462524
6039.225087	6443.4823
6039.228627	6443.48584
6039.231922	6443.489136
6039.250354	6443.507568
6039.259021	6443.516235
6039.261096	6443.518311
6039.265124	6443.522339
6039.269152	6443.526367
6039.270373	6443.527588
6039.272448	6443.529663
6039.275988	6443.533203
6039.278307	6443.535522
6039.281237	6443.538452
6039.282946	6443.540161
6039.285875	6443.543091
6039.290636	6443.547852
6039.293932	6443.551147
6039.329575	6443.586792
6039.335922	6443.59314
6039.338974	6443.596191
6039.339707	6443.596924
6039.344711	6443.601929
6039.345932	6443.603149
6039.359725	6443.616943
6039.364364	6443.621582
6039.386092	6443.643311
6039.386946	6443.644165
6039.391096	6443.648315
6039.391707	6443.648926
6039.391829	6443.649048
6039.401472	6443.658691
6039.403181	6443.6604
6039.430768	6443.687988
6039.462139	6443.71936
6039.466411	6443.723633
6039.477153	6443.734375
6039.492655	6443.749878
6039.501932	6443.759155
6039.505106	6443.762329
6039.52012	6443.777344
6039.534524	6443.791748
6039.539773	6443.796997
6039.556984	6443.814209
6039.569679	6443.826904
6039.581519	6443.838745
6039.583594	6443.84082
6039.585425	6443.842651
6039.586524	6443.84375
6039.586768	6443.843994
6039.58689	6443.844116
6039.588721	6443.845947
6039.589331	6443.846558
6039.60581	6443.863037
6039.622045	6443.879272
6039.624975	6443.882202
6039.626317	6443.883545
6039.634862	6443.89209
6039.635961	6443.893188
6039.640721	6443.897949
6039.659519	6443.916748
6039.665745	6443.922974
6039.673069	6443.930298
6039.694674	6443.951904
6039.698336	6443.955566
6039.703219	6443.960449
6039.71274	6443.969971
6039.716402	6443.973633
6039.720552	6443.977783
6039.731782	6443.989014
6039.742402	6443.999634
6039.743379	6444.00061
6039.747407	6444.004639
6039.749116	6444.006348
6039.751313	6444.008545
6039.754975	6444.012207
6039.757416	6444.014648
6039.760712	6444.017944
6039.761811	6444.019043
6039.786712	6444.043945
6039.803069	6444.060303
6039.82797	6444.085205
6039.829313	6444.086548
6039.831266	6444.088501
6039.837003	6444.094238
6039.841275	6444.098511
6039.850064	6444.1073
6039.850797	6444.108032
6039.852017	6444.109253
6039.852383	6444.109619
6039.853482	6444.110718
6039.856045	6444.113281
6039.86813	6444.125366
6039.877773	6444.13501
6039.892665	6444.149902
6039.89828	6444.155518
6039.898402	6444.15564
6039.901088	6444.158325
6039.940637	6444.197876
6039.942712	6444.199951
6039.943323	6444.200562
6039.945764	6444.203003
6039.962853	6444.220093
6039.965417	6444.222656
6039.970543	6444.227783
6039.972496	6444.229736
6039.98214	6444.23938
6040.006919	6444.26416
6040.009482	6444.266724
6040.024374	6444.281616
6040.026938	6444.28418
6040.029379	6444.286621
6040.031088	6444.28833
6040.032553	6444.289795
6040.037435	6444.294678
6040.039389	6444.296631
6040.053426	6444.310669
6040.054158	6444.311401
6040.057454	6444.314697
6040.06014	6444.317383
6040.065755	6444.322998
6040.067342	6444.324585
6040.077351	6444.334595
6040.094806	6444.352051
6040.104083	6444.361328
6040.140215	6444.397461
6040.144976	6444.402222
6040.159501	6444.416748
6040.16829	6444.425537
6040.176835	6444.434082
6040.190506	6444.447754
6040.192703	6444.449951
6040.195755	6444.453003
6040.196732	6444.453979
6040.197342	6444.45459
6040.205398	6444.462646
6040.209182	6444.466431
6040.214919	6444.472168
6040.21553	6444.472778
6040.215774	6444.473022
6040.221999	6444.479248
6040.22322	6444.480469
6040.227004	6444.484253
6040.235793	6444.493042
6040.236403	6444.493652
6040.252882	6444.510132
6040.255445	6444.512695
6040.273877	6444.531128
6040.277051	6444.534302
6040.28352	6444.540771
6040.285473	6444.542725
6040.297314	6444.554565
6040.297558	6444.55481
6040.304027	6444.561279
6040.312938	6444.57019
6040.323802	6444.581055
6040.330882	6444.588135
6040.337962	6444.595215
6040.346751	6444.604004
6040.347239	6444.604492
6040.348704	6444.605957
6040.377145	6444.634399
6040.399361	6444.656616
6040.416694	6444.67395
6040.421211	6444.678467
6040.421699	6444.678955
6040.428291	6444.685547
6040.434882	6444.692139
6040.447577	6444.704834
6040.452826	6444.710083
6040.458685	6444.715942
6040.459784	6444.717041
6040.464056	6444.721313
6040.470281	6444.727539
6040.477483	6444.734741
6040.485662	6444.74292
6040.488713	6444.745972
6040.489079	6444.746338
6040.504094	6444.761353
6040.505314	6444.762573
6040.51215	6444.769409
6040.512882	6444.770142
6040.513493	6444.770752
6040.516056	6444.773315
6040.5163	6444.77356
6040.520084	6444.777344
6040.520572	6444.777832
6040.544497	6444.801758
6040.553774	6444.811035
6040.55585	6444.81311
6040.56122	6444.818481
6040.562563	6444.819824
6040.565615	6444.822876
6040.567568	6444.824829
6040.574648	6444.831909
6040.587098	6444.84436
6040.590516	6444.847778
6040.592958	6444.85022
6040.597108	6444.85437
6040.601136	6444.858398
6040.613098	6444.870361
6040.613465	6444.870728
6040.618713	6444.875977
6040.627258	6444.884521
6040.640563	6444.897827
6040.642516	6444.89978
6040.646667	6444.903931
6040.650451	6444.907715
6040.657897	6444.915161
6040.675352	6444.932617
6040.675718	6444.932983
6040.684507	6444.941772
6040.684751	6444.942017
6040.691587	6444.948853
6040.691709	6444.948975
6040.692075	6444.949341
6040.692197	6444.949463
6040.705624	6444.962891
6040.715268	6444.972534
6040.719296	6444.976563
6040.723202	6444.980469
6040.723812	6444.981079
6040.741146	6444.998413
6040.741512	6444.998779
6040.744808	6445.002075
6040.755549	6445.012817
6040.758357	6445.015625
6040.769709	6445.026978
6040.769953	6445.027222
6040.774225	6445.031494
6040.778498	6445.035767
6040.782038	6445.039307
6040.783502	6445.040771
6040.793146	6445.050415
6040.804864	6445.062134
6040.806207	6445.063477
6040.807916	6445.065186
6040.80877	6445.06604
6040.824761	6445.082031
6040.828301	6445.085571
6040.829765	6445.087036
6040.835991	6445.093262
6040.838432	6445.095703
6040.839531	6445.096802
6040.842582	6445.099854
6040.851249	6445.108521
6040.858329	6445.115601
6040.861991	6445.119263
6040.862357	6445.119629
6040.868338	6445.12561
6040.872	6445.129272
6040.883963	6445.141235
6040.887991	6445.145264
6040.904958	6445.162231
6040.933888	6445.191162
6040.94231	6445.199585
6040.946949	6445.204224
6040.950245	6445.20752
6040.951953	6445.209229
6040.958667	6445.215942
6040.963794	6445.221069
6040.978808	6445.236084
6040.982104	6445.23938
6040.984667	6445.241943
6040.988939	6445.246216
6040.99309	6445.250366
6041.000292	6445.257568
6041.002611	6445.259888
6041.008592	6445.265869
6041.014329	6445.271606
6041.031052	6445.28833
6041.037156	6445.294434
6041.047409	6445.304688
6041.053268	6445.310547
6041.057296	6445.314575
6041.060714	6445.317993
6041.062057	6445.319336
6041.065475	6445.322754
6041.078536	6445.335815
6041.082198	6445.339478
6041.099775	6445.357056
6041.110639	6445.36792
6041.125775	6445.383057
6041.130292	6445.387573
6041.153484	6445.410767
6041.157635	6445.414917
6041.166423	6445.423706
6041.168132	6445.425415
6041.171794	6445.429077
6041.193156	6445.450439
6041.193888	6445.451172
6041.205973	6445.463257
6041.213419	6445.470703
6041.236977	6445.494263
6041.254677	6445.511963
6041.260658	6445.517944
6041.26078	6445.518066
6041.262855	6445.520142
6041.276893	6445.53418
6041.282264	6445.539551
6041.283118	6445.540405
6041.284095	6445.541382
6041.284583	6445.54187
6041.301672	6445.55896
6041.302893	6445.560181
6041.30741	6445.564697
6041.308752	6445.56604
6041.329626	6445.586914
6041.337316	6445.594604
6041.345494	6445.602783
6041.353306	6445.610596
6041.355381	6445.612671
6041.363438	6445.620728
6041.363438	6445.620728
6041.366245	6445.623535
6041.369297	6445.626587
6041.39432	6445.651611
6041.397738	6445.655029
6041.404086	6445.661377
6041.411898	6445.669189
6041.41202	6445.669312
6041.413119	6445.67041
6041.418612	6445.675903
6041.424715	6445.682007
6041.444612	6445.701904
6041.446687	6445.703979
6041.447907	6445.7052
6041.450105	6445.707397
6041.454743	6445.712036
6041.464997	6445.72229
6041.469757	6445.727051
6041.471222	6445.728516
6041.487213	6445.744507
6041.501128	6445.758423
6041.502227	6445.759521
6041.506499	6445.763794
6041.507109	6445.764404
6041.507598	6445.764893
6041.520048	6445.777344
6041.521147	6445.778442
6041.52249	6445.779785
6041.543485	6445.800781
6041.548856	6445.806152
6041.551053	6445.80835
6041.554105	6445.811401
6041.566311	6445.823608
6041.579372	6445.83667
6041.580959	6445.838257
6041.598293	6445.855591
6041.612819	6445.870117
6041.614039	6445.871338
6041.627588	6445.884888
6041.644434	6445.901733
6041.651391	6445.908691
6041.654809	6445.912109
6041.67434	6445.931641
6041.696067	6445.953369
6041.70095	6445.958252
6041.719138	6445.97644
6041.720481	6445.977783
6041.726096	6445.983398
6041.726218	6445.983521
6041.739645	6445.996948
6041.741964	6445.999268
6041.755636	6446.012939
6041.756124	6446.013428
6041.767232	6446.024536
6041.774922	6446.032227
6041.781758	6446.039063
6041.786396	6446.043701
6041.790058	6446.047363
6041.795185	6446.05249
6041.803608	6446.060913
6041.813251	6446.070557
6041.814594	6446.071899
6041.818744	6446.07605
6041.818744	6446.07605
6041.81972	6446.077026
6041.827044	6446.084351
6041.833636	6446.090942
6041.845964	6446.103271
6041.853899	6446.111206
6041.856096	6446.113403
6041.86342	6446.120728
6041.869157	6446.126465
6041.88173	6446.139038
6041.896622	6446.153931
6041.902359	6446.159668
6041.908218	6446.165527
6041.920913	6446.178223
6041.921157	6446.178467
6041.922012	6446.179321
6041.922256	6446.179565
6041.923965	6446.181274
6041.925063	6446.182373
6041.935439	6446.192749
6041.948744	6446.206055
6041.951551	6446.208862
6041.960096	6446.217407
6041.969007	6446.226318
6041.969617	6446.226929
6041.975965	6446.233276
6041.989392	6446.246704
6041.998669	6446.255981
6042.003552	6446.260864
6042.004284	6446.261597
6042.006725	6446.264038
6042.010387	6446.2677
6042.017833	6446.275146
6042.028331	6446.285645
6042.040171	6446.297485
6042.045542	6446.302856
6042.064707	6446.322021
6042.076059	6446.333374
6042.083749	6446.341064
6042.085214	6446.342529
6042.101937	6446.359253
6042.102791	6446.360107
6042.117195	6446.374512
6042.136848	6446.394165
6042.142951	6446.400269
6042.145392	6446.40271
6042.146247	6446.403564
6042.146735	6446.404053
6042.149909	6446.407227
6042.170904	6446.428223
6042.171514	6446.428833
6042.18604	6446.443359
6042.199101	6446.456421
6042.209843	6446.467163
6042.218021	6446.475342
6042.228641	6446.485962
6042.254153	6446.511475
6042.258303	6446.515625
6042.272341	6446.529663
6042.279176	6446.536499
6042.295045	6446.552368
6042.300782	6446.558105
6042.303101	6446.560425
6042.31189	6446.569214
6042.321411	6446.578735
6042.332397	6446.589722
6042.333374	6446.590698
6042.333618	6446.590942
6042.336914	6446.594238
6042.338623	6446.595947
6042.359862	6446.617188
6042.364256	6446.621582
6042.369749	6446.627075
6042.371458	6446.628784
6042.401242	6446.658569
6042.403073	6446.6604
6042.418332	6446.675659
6042.424557	6446.681885
6042.435421	6446.692749
6042.448482	6446.705811
6042.449825	6446.707153
6042.452876	6446.710205
6042.452998	6446.710327
6042.454097	6446.711426
6042.456172	6446.713501
6042.487787	6446.745117
6042.497675	6446.755005
6042.505487	6446.762817
6042.533074	6446.790405
6042.542351	6446.799683
6042.553092	6446.810425
6042.560783	6446.818115
6042.565055	6446.822388
6042.569083	6446.826416
6042.578238	6446.835571
6042.580557	6446.837891
6042.585074	6446.842407
6042.586783	6446.844116
6042.588369	6446.845703
6042.601553	6446.858887
6042.60375	6446.861084
6042.6079	6446.865234
6042.609487	6446.866821
6042.620717	6446.878052
6042.621816	6446.87915
6042.62328	6446.880615
6042.625844	6446.883179
6042.627919	6446.885254
6042.63805	6446.895386
6042.640858	6446.898193
6042.645008	6446.902344
6042.646717	6446.904053
6042.647816	6446.905151
6042.651233	6446.908569
6042.653553	6446.910889
6042.655018	6446.912354
6042.672839	6446.930176
6042.678088	6446.935425
6042.68468	6446.942017
6042.685534	6446.942871
6042.72606	6446.983398
6042.728501	6446.98584
6042.730576	6446.987915
6042.739731	6446.99707
6042.740464	6446.997803
6042.746323	6447.003662
6042.748886	6447.006226
6042.751083	6447.008423
6042.751328	6447.008667
6042.75267	6447.01001
6042.760849	6447.018188
6042.762313	6447.019653
6042.763778	6447.021118
6042.772811	6447.030151
6042.773666	6447.031006
6042.784529	6447.04187
6042.787459	6447.0448
6042.796126	6447.053467
6042.804182	6447.061523
6042.80821	6447.065552
6042.814069	6447.071411
6042.816999	6447.074341
6042.818098	6447.075439
6042.825666	6447.083008
6042.827375	6447.084717
6042.827741	6447.085083
6042.830182	6447.087524
6042.835431	6447.092773
6042.848614	6447.105957
6042.852764	6447.110107
6042.855328	6447.112671
6042.859478	6447.116821
6042.860943	6447.118286
6042.875591	6447.132935
6042.898295	6447.15564
6042.901835	6447.15918
6042.91575	6447.173096
6042.926004	6447.18335
6042.930154	6447.1875
6042.930276	6447.187622
6042.938577	6447.195923
6042.941872	6447.199219
6042.949929	6447.207275
6042.954079	6447.211426
6042.971046	6447.228394
6042.972389	6447.229736
6042.978981	6447.236328
6042.981178	6447.238525
6042.987159	6447.244507
6043.003272	6447.26062
6043.005713	6447.263062
6043.008643	6447.265991
6043.03037	6447.28772
6043.048192	6447.305542
6043.05222	6447.30957
6043.052708	6447.310059
6043.085422	6447.342773
6043.085422	6447.342773
6043.102511	6447.359863
6043.107272	6447.364624
6043.108248	6447.365601
6043.118136	6447.375488
6043.130586	6447.387939
6043.132417	6447.389771
6043.133028	6447.390381
6043.133638	6447.390991
6043.138887	6447.39624
6043.153779	6447.411133
6043.171723	6447.429077
6043.191131	6447.448486
6043.240934	6447.498291
6043.243497	6447.500854
6043.247526	6447.504883
6043.248746	6447.506104
6043.251432	6447.508789
6043.261807	6447.519165
6043.27731	6447.534668
6043.279873	6447.537231
6043.281094	6447.538452
6043.284389	6447.541748
6043.286831	6447.544189
6043.298671	6447.55603
6043.300502	6447.557861
6043.31869	6447.57605
6043.327723	6447.585083
6043.352014	6447.609375
6043.353845	6447.611206
6043.357141	6447.614502
6043.35946	6447.616821
6043.364343	6447.621704
6043.374718	6447.63208
6043.379113	6447.636475
6043.38485	6447.642212
6043.389732	6447.647095
6043.398887	6447.65625
6043.416709	6447.674072
6043.43331	6447.690674
6043.448812	6447.706177
6043.452108	6447.709473
6043.456258	6447.713623
6043.466268	6447.723633
6043.468953	6447.726318
6043.46993	6447.727295
6043.47701	6447.734375
6043.48592	6447.743286
6043.487995	6447.745361
6043.502155	6447.759521
6043.502399	6447.759766
6043.503742	6447.761108
6043.505939	6447.763306
6043.5107	6447.768066
6043.519244	6447.776611
6043.525226	6447.782593
6043.525836	6447.783203
6043.526446	6447.783813
6043.528033	6447.7854
6043.54439	6447.801758
6043.553545	6447.810913
6043.555498	6447.812866
6043.564531	6447.821899
6043.565141	6447.82251
6043.565385	6447.822754
6043.569047	6447.826416
6043.586747	6447.844116
6043.587479	6447.844849
6043.60823	6447.865601
6043.615921	6447.873291
6043.617629	6447.875
6043.622878	6447.880249
6043.623977	6447.881348
6043.625198	6447.882568
6043.628249	6447.88562
6043.629226	6447.886597
6043.632033	6447.889404
6043.646315	6447.903687
6043.650465	6447.907837
6043.671949	6447.929321
6043.68147	6447.938843
6043.69978	6447.957153
6043.717846	6447.97522
6043.721263	6447.978638
6043.726146	6447.983521
6043.729442	6447.986816
6043.734447	6447.991821
6043.740794	6447.998169
6043.753123	6448.010498
6043.754099	6448.011475
6043.756907	6448.014282
6043.765573	6448.022949
6043.774118	6448.031494
6043.776315	6448.033691
6043.776803	6448.03418
6043.778024	6448.0354
6043.779123	6448.036499
6043.784127	6448.041504
6043.788034	6448.04541
6043.798165	6448.055542
6043.814522	6448.071899
6043.821724	6448.079102
6043.823799	6448.081177
6043.83332	6448.090698
6043.836372	6448.09375
6043.83747	6448.094849
6043.838569	6448.095947
6043.843329	6448.100708
6043.845527	6448.102905
6043.861273	6448.118652
6043.863959	6448.121338
6043.863959	6448.121338
6043.866156	6448.123535
6043.870184	6448.127563
6043.890447	6448.147827
6043.897893	6448.155273
6043.908391	6448.165771
6043.917057	6448.174438
6043.92194	6448.179321
6043.924503	6448.181885
6043.925968	6448.18335
6043.931949	6448.189331
6043.933536	6448.190918
6043.938053	6448.195435
6043.949893	6448.207275
6043.954165	6448.211548
6043.955996	6448.213379
6043.959658	6448.217041
6043.966494	6448.223877
6043.968813	6448.226196
6043.973696	6448.231079
6043.97748	6448.234863
6043.97809	6448.235474
6043.982363	6448.239746
6043.985292	6448.242676
6044.021424	6448.278809
6044.026795	6448.28418
6044.028381	6448.285767
6044.031189	6448.288574
6044.033996	6448.291382
6044.036926	6448.294312
6044.042297	6448.299683
6044.059752	6448.317139
6044.072691	6448.330078
6044.077086	6448.334473
6044.088682	6448.346069
6044.117001	6448.37439
6044.1264	6448.383789
6044.127255	6448.384644
6044.127987	6448.385376
6044.134701	6448.39209
6044.14764	6448.405029
6044.154598	6448.411987
6044.155452	6448.412842
6044.157527	6448.414917
6044.157771	6448.415161
6044.163386	6448.420776
6044.163875	6448.421265
6044.172297	6448.429688
6044.178645	6448.436035
6044.182551	6448.439941
6044.185968	6448.443359
6044.19903	6448.456421
6044.20672	6448.464111
6044.223931	6448.481323
6044.228203	6448.485596
6044.231987	6448.48938
6044.248344	6448.505737
6044.257987	6448.515381
6044.266044	6448.523438
6044.268851	6448.526245
6044.269828	6448.527222
6044.278128	6448.535522
6044.293142	6448.550537
6044.299124	6448.556519
6044.30303	6448.560425
6044.304861	6448.562256
6044.319509	6448.576904
6044.321095	6448.578491
6044.321218	6448.578613
6044.324513	6448.581909
6044.328908	6448.586304
6044.338185	6448.595581
6044.353931	6448.611328
6044.360157	6448.617554
6044.360401	6448.617798
6044.36626	6448.623657
6044.373218	6448.630615
6044.374682	6448.63208
6044.393725	6448.651123
6044.403124	6448.660522
6044.407884	6448.665283
6044.413744	6448.671143
6044.441697	6448.699097
6044.44841	6448.705811
6044.4561	6448.713501
6044.457443	6448.714844
6044.472701	6448.730103
6044.481124	6448.738525
6044.485152	6448.742554
6044.495039	6448.752441
6044.511885	6448.769287
6044.520185	6448.777588
6044.52165	6448.779053
6044.525556	6448.782959
6044.530317	6448.78772
6044.543622	6448.801025
6044.548626	6448.80603
6044.549237	6448.806641
6044.549847	6448.807251
6044.552044	6448.809448
6044.557537	6448.814941
6044.561443	6448.818848
6044.572673	6448.830078
6044.580241	6448.837646
6044.584514	6448.841919
6044.586711	6448.844116
6044.590373	6448.847778
6044.593669	6448.851074
6044.5955	6448.852905
6044.597087	6448.854492
6044.607218	6448.864624
6044.615763	6448.873169
6044.619425	6448.876831
6044.634561	6448.891968
6044.636026	6448.893433
6044.664589	6448.921997
6044.66642	6448.923828
6044.674232	6448.931641
6044.679603	6448.937012
6044.687537	6448.944946
6044.690467	6448.947876
6044.692176	6448.949585
6044.692786	6448.950195
6044.698645	6448.956055
6044.698767	6448.956177
6044.713904	6448.971313
6044.714514	6448.971924
6044.715735	6448.973145
6044.718908	6448.976318
6044.738073	6448.995483
6044.742589	6449.0
6044.75211	6449.009521
6044.760045	6449.017456
6044.764073	6449.021484
6044.768101	6449.025513
6044.782383	6449.039795
6044.784458	6449.04187
6044.788608	6449.046021
6044.789218	6449.046631
6044.793613	6449.051025
6044.798617	6449.05603
6044.799594	6449.057007
6044.806308	6449.063721
6044.842317	6449.099731
6044.851716	6449.109131
6044.863923	6449.121338
6044.865143	6449.122559
6044.869294	6449.126709
6044.874176	6449.131592
6044.878082	6449.135498
6044.893219	6449.150635
6044.894683	6449.1521
6044.904815	6449.162231
6044.909087	6449.166504
6044.915557	6449.172974
6044.915923	6449.17334
6044.923857	6449.181274
6044.925078	6449.182495
6044.952665	6449.210083
6044.954129	6449.211548
6044.956937	6449.214355
6044.9595	6449.216919
6044.975247	6449.232666
6044.991115	6449.248535
6044.994655	6449.252075
6045.006374	6449.263794
6045.008693	6449.266113
6045.009425	6449.266846
6045.009547	6449.266968
6045.020167	6449.277588
6045.025782	6449.283203
6045.026026	6449.283447
6045.028346	6449.285767
6045.040918	6449.29834
6045.046533	6449.303955
6045.047144	6449.304565
6045.058374	6449.315796
6045.060327	6449.317749
6045.06167	6449.319092
6045.072411	6449.329834
6045.073632	6449.331055
6045.086571	6449.343994
6045.090721	6449.348145
6045.104271	6449.361694
6045.112571	6449.369995
6045.112693	6449.370117
6045.119041	6449.376465
6045.128928	6449.386353
6045.130637	6449.388062
6045.1332	6449.390625
6045.135764	6449.393188
6045.140402	6449.397827
6045.149069	6449.406494
6045.155782	6449.413208
6045.163961	6449.421387
6045.170919	6449.428345
6045.172017	6449.429443
6045.173848	6449.431274
6045.176534	6449.43396
6045.20644	6449.463867
6045.216327	6449.473755
6045.219623	6449.477051
6045.223163	6449.480591
6045.226703	6449.484131
6045.227557	6449.484985
6045.232806	6449.490234
6045.24013	6449.497559
6045.243914	6449.501343
6045.251238	6449.508667
6045.251604	6449.509033
6045.253191	6449.51062
6045.257341	6449.514771
6045.25844	6449.515869
6045.259416	6449.516846
6045.273332	6449.530762
6045.289445	6449.546875
6045.308365	6449.565796
6045.341689	6449.599121
6045.349623	6449.607056
6045.361463	6449.618896
6045.362074	6449.619507
6045.372449	6449.629883
6045.373182	6449.630615
6045.374158	6449.631592
6045.376233	6449.633667
6045.378186	6449.63562
6045.386243	6449.643677
6045.408215	6449.665649
6045.414562	6449.671997
6045.422985	6449.68042
6045.424449	6449.681885
6045.435802	6449.693237
6045.442271	6449.699707
6045.449717	6449.707153
6045.469614	6449.727051
6045.472177	6449.729614
6045.481088	6449.738525
6045.482187	6449.739624
6045.495248	6449.752686
6045.497689	6449.755127
6045.498055	6449.755493
6045.503426	6449.760864
6045.503548	6449.760986
6045.513069	6449.770508
6045.523933	6449.781372
6045.525154	6449.782593
6045.550422	6449.807861
6045.555914	6449.813354
6045.559454	6449.816895
6045.564581	6449.822021
6045.565191	6449.822632
6045.565924	6449.823364
6045.580328	6449.837769
6045.585699	6449.84314
6045.588994	6449.846436
6045.594731	6449.852173
6045.604375	6449.861816
6045.604375	6449.861816
6045.605473	6449.862915
6045.608403	6449.865845
6045.636844	6449.894287
6045.647952	6449.905396
6045.656985	6449.914429
6045.668948	6449.926392
6045.675173	6449.932617
6045.677126	6449.93457
6045.679079	6449.936523
6045.679811	6449.937256
6045.687013	6449.944458
6045.690553	6449.947998
6045.700807	6449.958252
6045.702149	6449.959595
6045.704347	6449.961792
6045.7146	6449.972046
6045.722779	6449.980225
6045.730225	6449.987671
6045.734863	6449.99231
6045.736816	6449.994263
6045.744262	6450.001709
6045.750488	6450.007935
6045.763549	6450.020996
6045.781492	6450.03894
6045.785398	6450.042847
6045.792234	6450.049683
6045.819211	6450.07666
6045.819333	6450.076782
6045.82092	6450.078369
6045.826901	6450.084351
6045.829708	6450.087158
6045.830075	6450.087524
6045.832272	6450.089722
6045.834225	6450.091675
6045.839596	6450.097046
6045.845821	6450.103271
6045.847896	6450.105347
6045.85168	6450.109131
6045.855953	6450.113403
6045.856319	6450.11377
6045.859981	6450.117432
6045.86645	6450.123901
6045.868892	6450.126343
6045.872798	6450.130249
6045.875483	6450.132935
6045.876093	6450.133545
6045.880366	6450.137817
6045.891352	6450.148804
6045.894647	6450.1521
6045.906	6450.163452
6045.909051	6450.166504
6045.922356	6450.17981
6045.925652	6450.183105
6045.92614	6450.183594
6045.946281	6450.203735
6045.949455	6450.206909
6045.950065	6450.20752
6045.950676	6450.20813
6045.952995	6450.210449
6045.956047	6450.213501
6045.957023	6450.214478
6045.961051	6450.218506
6045.963004	6450.220459
6045.965324	6450.222778
6045.969474	6450.226929
6045.983267	6450.240723
6045.997427	6450.254883
6045.99938	6450.256836
6045.999746	6450.257202
6046.000845	6450.258301
6046.013418	6450.270874
6046.019643	6450.2771
6046.026357	6450.283813
6046.026479	6450.283936
6046.027211	6450.284668
6046.052479	6450.309937
6046.053821	6450.311279
6046.067371	6450.324829
6046.071521	6450.328979
6046.080676	6450.338135
6046.082263	6450.339722
6046.083239	6450.340698
6046.092883	6450.350342
6046.093005	6450.350464
6046.094347	6450.351807
6046.098009	6450.355469
6046.102892	6450.360352
6046.126207	6450.383667
6046.126939	6450.384399
6046.129502	6450.386963
6046.129746	6450.387207
6046.134385	6450.391846
6046.136216	6450.393677
6046.146347	6450.403809
6046.152329	6450.40979
6046.155624	6450.413086
6046.159653	6450.417114
6046.159775	6450.417236
6046.165512	6450.422974
6046.173568	6450.43103
6046.192855	6450.450317
6046.198714	6450.456177
6046.227399	6450.484863
6046.240582	6450.498047
6046.247052	6450.504517
6046.250714	6450.508179
6046.265118	6450.522583
6046.265362	6450.522827
6046.267193	6450.524658
6046.281719	6450.539185
6046.282329	6450.539795
6046.289531	6450.546997
6046.292338	6450.549805
6046.293071	6450.550537
6046.298564	6450.55603
6046.300639	6450.558105
6046.30247	6450.559937
6046.304179	6450.561646
6046.311136	6450.568604
6046.31431	6450.571777
6046.320169	6450.577637
6046.340188	6450.597656
6046.351418	6450.608887
6046.354592	6450.612061
6046.357033	6450.614502
6046.360939	6450.618408
6046.374489	6450.631958
6046.40354	6450.661011
6046.423803	6450.681274
6046.434423	6450.691895
6046.440282	6450.697754
6046.455052	6450.712524
6046.461033	6450.718506
6046.46555	6450.723022
6046.46616	6450.723633
6046.467503	6450.724976
6046.475193	6450.732666
6046.481296	6450.73877
6046.485447	6450.74292
6046.498508	6450.755981
6046.504367	6450.761841
6046.505221	6450.762695
6046.50632	6450.763794
6046.546113	6450.803589
6046.555024	6450.8125
6046.557099	6450.814575
6046.562104	6450.81958
6046.563325	6450.820801
6046.571991	6450.829468
6046.572724	6450.8302
6046.589569	6450.847046
6046.594696	6450.852173
6046.600189	6450.857666
6046.601775	6450.859253
6046.603973	6450.86145
6046.607635	6450.865112
6046.616667	6450.874146
6046.620696	6450.878174
6046.629484	6450.886963
6046.634245	6450.891724
6046.63632	6450.893799
6046.637419	6450.894897
6046.641325	6450.898804
6046.661954	6450.919434
6046.665006	6450.922485
6046.678799	6450.936279
6046.68771	6450.94519
6046.711269	6450.96875
6046.711513	6450.968994
6046.724818	6450.9823
6046.735193	6450.992676
6046.737269	6450.994751
6046.741907	6450.99939
6046.74679	6451.004272
6046.749597	6451.00708
6046.762536	6451.02002
6046.776208	6451.033691
6046.785241	6451.042725
6046.785485	6451.042969
6046.78878	6451.046265
6046.794884	6451.052368
6046.800377	6451.057861
6046.803184	6451.060669
6046.803795	6451.061279
6046.805137	6451.062622
6046.805626	6451.06311
6046.811485	6451.06897
6046.815757	6451.073242
6046.835776	6451.093262
6046.83956	6451.097046
6046.839682	6451.097168
6046.848227	6451.105713
6046.856893	6451.11438
6046.857504	6451.11499
6046.876912	6451.134399
6046.88448	6451.141968
6046.893635	6451.151123
6046.89864	6451.156128
6046.907306	6451.164795
6046.911213	6451.168701
6046.912921	6451.17041
6046.913654	6451.171143
6046.924762	6451.182251
6046.926471	6451.18396
6046.931475	6451.188965
6046.93648	6451.19397
6046.943438	6451.200928
6046.978593	6451.236084
6046.981767	6451.239258
6046.993119	6451.25061
6047.000687	6451.258179
6047.002396	6451.259888
6047.007645	6451.265137
6047.014358	6451.271851
6047.016067	6451.27356
6047.017166	6451.274658
6047.021682	6451.279175
6047.035109	6451.292603
6047.070509	6451.328003
6047.078199	6451.335693
6047.080274	6451.337769
6047.085157	6451.342651
6047.093457	6451.350952
6047.096753	6451.354248
6047.102856	6451.360352
6047.103466	6451.360962
6047.10725	6451.364746
6047.11018	6451.367676
6047.113354	6451.37085
6047.124462	6451.381958
6047.13679	6451.394287
6047.140819	6451.398315
6047.141917	6451.399414
6047.1468	6451.404297
6047.147776	6451.405273
6047.148997	6451.406494
6047.151682	6451.40918
6047.151805	6451.409302
6047.155222	6451.41272
6047.173776	6451.431274
6047.17756	6451.435059
6047.181955	6451.439453
6047.185006	6451.442505
6047.187936	6451.445435
6047.193673	6451.451172
6047.194894	6451.452393
6047.200875	6451.458374
6047.205391	6451.462891
6047.208199	6451.465698
6047.213814	6451.471313
6047.217842	6451.475342
6047.224922	6451.482422
6047.227607	6451.485107
6047.248115	6451.505615
6047.249823	6451.507324
6047.250678	6451.508179
6047.253485	6451.510986
6047.253852	6451.511353
6047.256171	6451.513672
6047.263739	6451.52124
6047.282415	6451.539917
6047.301824	6451.559326
6047.309758	6451.567261
6047.312687	6451.57019
6047.322819	6451.580322
6047.329777	6451.58728
6047.335758	6451.593262
6047.337345	6451.594849
6047.344791	6451.602295
6047.364321	6451.621826
6047.364809	6451.622314
6047.371035	6451.62854
6047.380434	6451.637939
6047.383974	6451.641479
6047.388734	6451.64624
6047.393739	6451.651245
6047.395448	6451.652954
6047.398133	6451.65564
6047.40387	6451.661377
6047.4068	6451.664307
6047.406922	6451.664429
6047.415711	6451.673218
6047.41742	6451.674927
6047.419983	6451.67749
6047.425842	6451.68335
6047.442687	6451.700195
6047.470396	6451.727905
6047.478331	6451.73584
6047.486387	6451.743896
6047.494199	6451.751709
6047.50604	6451.76355
6047.524472	6451.781982
6047.527157	6451.784668
6047.528256	6451.785767
6047.528866	6451.786377
6047.530453	6451.787964
6047.53326	6451.790771
6047.541561	6451.799072
6047.549983	6451.807495
6047.550472	6451.807983
6047.557796	6451.815308
6047.55804	6451.815552
6047.560847	6451.818359
6047.561091	6451.818604
6047.561213	6451.818726
6047.567561	6451.825073
6047.568782	6451.826294
6047.571467	6451.828979
6047.575617	6451.83313
6047.586603	6451.844116
6047.598932	6451.856445
6047.601861	6451.859375
6047.604181	6451.861694
6047.604913	6451.862427
6047.610406	6451.86792
6047.628228	6451.885742
6047.630791	6451.888306
6047.633232	6451.890747
6047.634331	6451.891846
6047.637383	6451.894897
6047.646415	6451.903931
6047.649955	6451.907471
6047.652153	6451.909668
6047.666678	6451.924194
6047.672415	6451.929932
6047.683646	6451.941162
6047.68511	6451.942627
6047.70757	6451.965088
6047.720509	6451.978027
6047.735035	6451.992554
6047.740284	6451.997803
6047.748096	6452.005615
6047.752735	6452.010254
6047.762012	6452.019531
6047.767261	6452.02478
6047.78435	6452.04187
6047.792162	6452.049683
6047.793627	6452.051147
6047.804125	6452.061646
6047.805834	6452.063354
6047.81389	6452.071411
6047.817064	6452.074585
6047.821702	6452.079224
6047.823533	6452.081055
6047.840256	6452.097778
6047.843796	6452.101318
6047.848435	6452.105957
6047.852097	6452.109619
6047.853195	6452.110718
6047.869796	6452.127319
6047.890181	6452.147705
6047.901777	6452.159302
6047.903242	6452.160767
6047.903486	6452.161011
6047.903608	6452.161133
6047.906904	6452.164429
6047.918745	6452.17627
6047.937909	6452.195435
6047.938275	6452.195801
6047.941693	6452.199219
6047.949261	6452.206787
6047.953533	6452.21106
6047.955608	6452.213135
6047.961712	6452.219238
6047.978191	6452.235718
6047.982463	6452.23999
6048.000529	6452.258057
6048.001993	6452.259521
6048.012369	6452.269897
6048.022745	6452.280273
6048.029702	6452.287231
6048.031656	6452.289185
6048.032266	6452.289795
6048.038857	6452.296387
6048.040322	6452.297852
6048.062416	6452.319946
6048.063637	6452.321167
6048.073646	6452.331177
6048.096595	6452.354126
6048.096961	6452.354492
6048.117224	6452.374756
6048.120397	6452.37793
6048.130407	6452.387939
6048.137365	6452.394897
6048.137609	6452.395142
6048.155675	6452.413208
6048.161778	6452.419312
6048.164952	6452.422485
6048.173252	6452.430786
6048.179477	6452.437012
6048.181308	6452.438843
6048.187168	6452.444702
6048.1962	6452.453735
6048.199252	6452.456787
6048.199496	6452.457031
6048.199618	6452.457153
6048.209506	6452.467041
6048.2139	6452.471436
6048.214999	6452.472534
6048.219637	6452.477173
6048.233553	6452.491089
6048.236238	6452.493774
6048.251985	6452.509521
6048.262238	6452.519775
6048.265412	6452.522949
6048.265778	6452.523315
6048.273712	6452.53125
6048.274323	6452.53186
6048.285919	6452.543457
6048.286041	6452.543579
6048.289703	6452.547241
6048.294708	6452.552246
6048.299712	6452.557251
6048.315825	6452.573364
6048.321806	6452.579346
6048.329008	6452.586548
6048.360013	6452.617554
6048.360623	6452.618164
6048.361844	6452.619385
6048.399684	6452.657227
6048.40298	6452.660522
6048.40298	6452.660522
6048.406764	6452.664307
6048.408107	6452.665649
6048.423853	6452.681396
6048.427149	6452.684692
6048.429224	6452.686768
6048.435572	6452.693115
6048.437647	6452.69519
6048.451929	6452.709473
6048.477318	6452.734863
6048.479271	6452.736816
6048.48037	6452.737915
6048.496849	6452.754395
6048.500999	6452.758545
6048.511008	6452.768555
6048.51113	6452.768677
6048.552389	6452.809937
6048.559957	6452.817505
6048.567525	6452.825073
6048.576436	6452.833984
6048.57729	6452.834839
6048.592915	6452.850464
6048.595966	6452.853516
6048.597309	6452.854858
6048.59975	6452.8573
6048.610004	6452.867554
6048.622333	6452.879883
6048.624286	6452.881836
6048.624774	6452.882324
6048.631854	6452.889404
6048.638079	6452.89563
6048.641741	6452.899292
6048.649309	6452.90686
6048.651384	6452.908936
6048.653337	6452.910889
6048.662614	6452.920166
6048.674333	6452.931885
6048.676896	6452.934448
6048.680436	6452.937988
6048.681046	6452.938599
6048.683854	6452.941406
6048.684342	6452.941895
6048.709732	6452.967285
6048.712051	6452.969604
6048.7256	6452.983154
6048.730727	6452.988281
6048.730849	6452.988403
6048.731582	6452.989136
6048.732558	6452.990112
6048.732924	6452.990479
6048.745253	6453.002808
6048.751234	6453.008789
6048.755873	6453.013428
6048.762953	6453.020508
6048.763197	6453.020752
6048.76991	6453.027466
6048.781262	6453.038818
6048.781629	6453.039185
6048.784314	6453.04187
6048.790173	6453.047729
6048.791272	6453.048828
6048.79176	6453.049316
6048.793591	6453.051147
6048.798718	6453.056274
6048.812633	6453.07019
6048.814953	6453.07251
6048.819957	6453.077515
6048.820812	6453.078369
6048.840464	6453.098022
6048.846446	6453.104004
6048.849497	6453.107056
6048.853281	6453.11084
6048.855356	6453.112915
6048.856821	6453.11438
6048.859995	6453.117554
6048.862802	6453.120361
6048.866464	6453.124023
6048.874155	6453.131714
6048.877206	6453.134766
6048.883554	6453.141113
6048.887216	6453.144775
6048.892953	6453.150513
6048.894784	6453.152344
6048.898079	6453.15564
6048.913582	6453.171143
6048.929695	6453.187256
6048.937019	6453.19458
6048.944831	6453.202393
6048.957892	6453.215454
6048.96546	6453.223022
6048.965704	6453.223267
6048.965704	6453.223267
6048.980474	6453.238037
6048.992559	6453.250122
6048.993779	6453.251343
6049.000737	6453.258301
6049.026981	6453.284546
6049.028812	6453.286377
6049.035892	6453.293457
6049.040286	6453.297852
6049.048465	6453.30603
6049.05054	6453.308105
6049.052737	6453.310303
6049.053347	6453.310913
6049.065188	6453.322754
6049.067507	6453.325073
6049.06885	6453.326416
6049.071657	6453.329224
6049.077028	6453.334595
6049.08777	6453.345337
6049.090577	6453.348145
6049.093995	6453.351563
6049.097413	6453.35498
6049.100221	6453.357788
6049.104005	6453.361572
6049.118653	6453.376221
6049.135009	6453.392578
6049.137817	6453.395386
6049.150756	6453.408325
6049.151	6453.408569
6049.156371	6453.41394
6049.164427	6453.421997
6049.174437	6453.432007
6049.178099	6453.435669
6049.178709	6453.436279
6049.181517	6453.439087
6049.184568	6453.442139
6049.187986	6453.445557
6049.200193	6453.457764
6049.201413	6453.458984
6049.205319	6453.462891
6049.208005	6453.465576
6049.222775	6453.480347
6049.248409	6453.505981
6049.256099	6453.513672
6049.263789	6453.521362
6049.268183	6453.525757
6049.274409	6453.531982
6049.276606	6453.53418
6049.280268	6453.537842
6049.286493	6453.544067
6049.302606	6453.560181
6049.305047	6453.562622
6049.30578	6453.563354
6049.307122	6453.564697
6049.310174	6453.567749
6049.313226	6453.570801
6049.335686	6453.593262
6049.339958	6453.597534
6049.344108	6453.601685
6049.349235	6453.606812
6049.354606	6453.612183
6049.355583	6453.613159
6049.357169	6453.614746
6049.367789	6453.625366
6049.368644	6453.626221
6049.36901	6453.626587
6049.369742	6453.627319
6049.371939	6453.629517
6049.376944	6453.634521
6049.380606	6453.638184
6049.39855	6453.656128
6049.398794	6453.656372
6049.402822	6453.6604
6049.406362	6453.66394
6049.414907	6453.672485
6049.426625	6453.684204
6049.433339	6453.690918
6049.435902	6453.693481
6049.437123	6453.694702
6049.437123	6453.694702
6049.441883	6453.699463
6049.45409	6453.71167
6049.46947	6453.727051
6049.469592	6453.727173
6049.480944	6453.738525
6049.483386	6453.740967
6049.496813	6453.754395
6049.49962	6453.757202
6049.501329	6453.758911
6049.502306	6453.759888
6049.504869	6453.762451
6049.508531	6453.766113
6049.51732	6453.774902
6049.530991	6453.788574
6049.531358	6453.78894
6049.54747	6453.805054
6049.561264	6453.818848
6049.561996	6453.81958
6049.562606	6453.82019
6049.587142	6453.844727
6049.589461	6453.847046
6049.599959	6453.857544
6049.623151	6453.880737
6049.63133	6453.888916
6049.634137	6453.891724
6049.63902	6453.896606
6049.640729	6453.898315
6049.645001	6453.902588
6049.645367	6453.902954
6049.646832	6453.904419
6049.651959	6453.909546
6049.661236	6453.918823
6049.68687	6453.944458
6049.687968	6453.945557
6049.688701	6453.946289
6049.701395	6453.958984
6049.7064	6453.963989
6049.709086	6453.966675
6049.713846	6453.971436
6049.721292	6453.978882
6049.722025	6453.979614
6049.730203	6453.987793
6049.730691	6453.988281
6049.73594	6453.99353
6049.737649	6453.995239
6049.740579	6453.998169
6049.758522	6454.016113
6049.762062	6454.019653
6049.766334	6454.023926
6049.766334	6454.023926
6049.775367	6454.032959
6049.777687	6454.035278
6049.819555	6454.077148
6049.833471	6454.091064
6049.85764	6454.115234
6049.873875	6454.13147
6049.877536	6454.135132
6049.88425	6454.141846
6049.894137	6454.151733
6049.914645	6454.172241
6049.920626	6454.178223
6049.926241	6454.183838
6049.934175	6454.191772
6049.940034	6454.197632
6049.944062	6454.20166
6049.952729	6454.210327
6049.954072	6454.21167
6049.955781	6454.213379
6049.957612	6454.21521
6049.970185	6454.227783
6049.972016	6454.229614
6049.978485	6454.236084
6049.985809	6454.243408
6049.989105	6454.246704
6049.991058	6454.248657
6049.999969	6454.257568
6050.009002	6454.266602
6050.009246	6454.266846
6050.013884	6454.271484
6050.016203	6454.273804
6050.028288	6454.285889
6050.038664	6454.296265
6050.043668	6454.30127
6050.04611	6454.303711
6050.050992	6454.308594
6050.06503	6454.322632
6050.07333	6454.330933
6050.073574	6454.331177
6050.081509	6454.339111
6050.099696	6454.3573
6050.103114	6454.360718
6050.108729	6454.366333
6050.119593	6454.377197
6050.123866	6454.38147
6050.124842	6454.382446
6050.125941	6454.383545
6050.126917	6454.384521
6050.127405	6454.38501
6050.133875	6454.391479
6050.139368	6454.396973
6050.146692	6454.404297
6050.15011	6454.407715
6050.154504	6454.412109
6050.182823	6454.44043
6050.184654	6454.442261
6050.191246	6454.448853
6050.207481	6454.465088
6050.215293	6454.4729
6050.222739	6454.480347
6050.227011	6454.484619
6050.229697	6454.487305
6050.232138	6454.489746
6050.239096	6454.496704
6050.251424	6454.509033
6050.2618	6454.519409
6050.269734	6454.527344
6050.299396	6454.557007
6050.300129	6454.557739
6050.308185	6454.565796
6050.314166	6454.571777
6050.331622	6454.589233
6050.338335	6454.595947
6050.349565	6454.607178
6050.350054	6454.607666
6050.367753	6454.625366
6050.370683	6454.628296
6050.378007	6454.63562
6050.380692	6454.638306
6050.38826	6454.645874
6050.390091	6454.647705
6050.40181	6454.659424
6050.405716	6454.66333
6050.409256	6454.66687
6050.412674	6454.670288
6050.41426	6454.671875
6050.440138	6454.697754
6050.469434	6454.727051
6050.471021	6454.728638
6050.48042	6454.738037
6050.494458	6454.752075
6050.494824	6454.752441
6050.495068	6454.752686
6050.499218	6454.756836
6050.500805	6454.758423
6050.517528	6454.775146
6050.522777	6454.780396
6050.540721	6454.79834
6050.545725	6454.803345
6050.546214	6454.803833
6050.575143	6454.832764
6050.597481	6454.855103
6050.598214	6454.855835
6050.618843	6454.876465
6050.631782	6454.889404
6050.651801	6454.909424
6050.65412	6454.911743
6050.655829	6454.913452
6050.658514	6454.916138
6050.669989	6454.927612
