#ttrig = 90918480.3784
# time 	 unbarycentered time 
6116.113164	6520.373169
6116.118657	6520.378662
6116.127323	6520.387329
6116.128422	6520.388428
6116.129765	6520.389771
6116.142582	6520.402588
6116.154178	6520.414185
6116.154544	6520.414551
6116.171145	6520.431152
6116.177126	6520.437134
6116.177493	6520.4375
6116.190432	6520.450439
6116.194826	6520.454834
6116.203615	6520.463623
6116.215089	6520.475098
6116.216432	6520.47644
6116.218873	6520.478882
6116.219483	6520.479492
6116.219483	6520.479492
6116.220094	6520.480103
6116.220216	6520.480225
6116.220338	6520.480347
6116.220948	6520.480957
6116.22107	6520.481079
6116.221192	6520.481201
6116.221314	6520.481323
6116.221436	6520.481445
6116.221802	6520.481812
6116.222047	6520.482056
6116.222291	6520.4823
6116.222535	6520.482544
6116.222657	6520.482666
6116.222657	6520.482666
6116.222779	6520.482788
6116.223145	6520.483154
6116.223511	6520.483521
6116.223755	6520.483765
6116.223878	6520.483887
6116.22461	6520.484619
6116.224976	6520.484985
6116.224976	6520.484985
6116.225586	6520.485596
6116.226319	6520.486328
6116.226319	6520.486328
6116.226319	6520.486328
6116.226441	6520.48645
6116.226807	6520.486816
6116.227295	6520.487305
6116.22754	6520.487549
6116.227662	6520.487671
6116.227784	6520.487793
6116.228272	6520.488281
6116.229737	6520.489746
6116.229737	6520.489746
6116.229981	6520.48999
6116.230591	6520.490601
6116.231079	6520.491089
6116.231812	6520.491821
6116.232178	6520.492188
6116.232422	6520.492432
6116.232422	6520.492432
6116.23291	6520.49292
6116.233521	6520.49353
6116.233643	6520.493652
6116.233887	6520.493896
6116.234131	6520.494141
6116.234253	6520.494263
6116.234375	6520.494385
6116.234497	6520.494507
6116.234619	6520.494629
6116.234741	6520.494751
6116.235108	6520.495117
6116.235108	6520.495117
6116.23523	6520.495239
6116.235474	6520.495483
6116.235474	6520.495483
6116.235596	6520.495605
6116.235596	6520.495605
6116.235718	6520.495728
6116.235962	6520.495972
6116.235962	6520.495972
6116.235962	6520.495972
6116.235962	6520.495972
6116.236084	6520.496094
6116.236084	6520.496094
6116.236206	6520.496216
6116.236206	6520.496216
6116.236328	6520.496338
6116.236328	6520.496338
6116.236572	6520.496582
6116.236572	6520.496582
6116.236694	6520.496704
6116.236694	6520.496704
6116.236694	6520.496704
6116.236817	6520.496826
6116.236817	6520.496826
6116.237061	6520.49707
6116.237305	6520.497314
6116.237549	6520.497559
6116.237671	6520.497681
6116.237671	6520.497681
6116.238037	6520.498047
6116.238281	6520.498291
6116.238403	6520.498413
6116.238648	6520.498657
6116.238648	6520.498657
6116.239014	6520.499023
6116.239136	6520.499146
6116.239624	6520.499634
6116.240234	6520.500244
6116.240234	6520.500244
6116.240478	6520.500488
6116.240845	6520.500854
6116.240967	6520.500977
6116.241211	6520.501221
6116.241943	6520.501953
6116.242187	6520.502197
6116.242309	6520.502319
6116.242432	6520.502441
6116.242554	6520.502563
6116.242554	6520.502563
6116.242798	6520.502808
6116.242798	6520.502808
6116.243042	6520.503052
6116.243164	6520.503174
6116.243286	6520.503296
6116.24353	6520.50354
6116.243652	6520.503662
6116.243774	6520.503784
6116.243896	6520.503906
6116.244507	6520.504517
6116.244751	6520.504761
6116.245483	6520.505493
6116.245971	6520.505981
6116.246338	6520.506348
6116.24646	6520.50647
6116.246948	6520.506958
6116.24707	6520.50708
6116.24707	6520.50708
6116.247314	6520.507324
6116.247314	6520.507324
6116.24768	6520.50769
6116.247925	6520.507935
6116.248047	6520.508057
6116.248413	6520.508423
6116.248413	6520.508423
6116.248657	6520.508667
6116.248779	6520.508789
6116.248901	6520.508911
6116.248901	6520.508911
6116.249267	6520.509277
6116.249633	6520.509644
6116.25	6520.51001
6116.250122	6520.510132
6116.250366	6520.510376
6116.250366	6520.510376
6116.250732	6520.510742
6116.250854	6520.510864
6116.250854	6520.510864
6116.250976	6520.510986
6116.25122	6520.51123
6116.25122	6520.51123
6116.251342	6520.511353
6116.251464	6520.511475
6116.251709	6520.511719
6116.251831	6520.511841
6116.251953	6520.511963
6116.252319	6520.512329
6116.252319	6520.512329
6116.252319	6520.512329
6116.252441	6520.512451
6116.252685	6520.512695
6116.252807	6520.512817
6116.252807	6520.512817
6116.252929	6520.512939
6116.252929	6520.512939
6116.253051	6520.513062
6116.253173	6520.513184
6116.253173	6520.513184
6116.253295	6520.513306
6116.253295	6520.513306
6116.253417	6520.513428
6116.253417	6520.513428
6116.253417	6520.513428
6116.25354	6520.51355
6116.253662	6520.513672
6116.253784	6520.513794
6116.253906	6520.513916
6116.25415	6520.51416
6116.25415	6520.51416
6116.25415	6520.51416
6116.254394	6520.514404
6116.254394	6520.514404
6116.254394	6520.514404
6116.254394	6520.514404
6116.254516	6520.514526
6116.254638	6520.514648
6116.254638	6520.514648
6116.254882	6520.514893
6116.254882	6520.514893
6116.254882	6520.514893
6116.254882	6520.514893
6116.255004	6520.515015
6116.255126	6520.515137
6116.255126	6520.515137
6116.255126	6520.515137
6116.255248	6520.515259
6116.255248	6520.515259
6116.255371	6520.515381
6116.255493	6520.515503
6116.255615	6520.515625
6116.255615	6520.515625
6116.255615	6520.515625
6116.255737	6520.515747
6116.255737	6520.515747
6116.255737	6520.515747
6116.255737	6520.515747
6116.255859	6520.515869
6116.255859	6520.515869
6116.255859	6520.515869
6116.255859	6520.515869
6116.255859	6520.515869
6116.255981	6520.515991
6116.256103	6520.516113
6116.256103	6520.516113
6116.256103	6520.516113
6116.256225	6520.516235
6116.256347	6520.516357
6116.256469	6520.516479
6116.256591	6520.516602
6116.256591	6520.516602
6116.256713	6520.516724
6116.256713	6520.516724
6116.256713	6520.516724
6116.256713	6520.516724
6116.256835	6520.516846
6116.257079	6520.51709
6116.257202	6520.517212
6116.257202	6520.517212
6116.257202	6520.517212
6116.257202	6520.517212
6116.257446	6520.517456
6116.257446	6520.517456
6116.257568	6520.517578
6116.257568	6520.517578
6116.25769	6520.5177
6116.25769	6520.5177
6116.257812	6520.517822
6116.257934	6520.517944
6116.257934	6520.517944
6116.258178	6520.518188
6116.258178	6520.518188
6116.2583	6520.518311
6116.258544	6520.518555
6116.258666	6520.518677
6116.258788	6520.518799
6116.25891	6520.518921
6116.25891	6520.518921
6116.259032	6520.519043
6116.259155	6520.519165
6116.259277	6520.519287
6116.259277	6520.519287
6116.259399	6520.519409
6116.259521	6520.519531
6116.259521	6520.519531
6116.259643	6520.519653
6116.259765	6520.519775
6116.259887	6520.519897
6116.260253	6520.520264
6116.260253	6520.520264
6116.260375	6520.520386
6116.260497	6520.520508
6116.260497	6520.520508
6116.260497	6520.520508
6116.260619	6520.52063
6116.260619	6520.52063
6116.260741	6520.520752
6116.260986	6520.520996
6116.260986	6520.520996
6116.260986	6520.520996
6116.260986	6520.520996
6116.261108	6520.521118
6116.261352	6520.521362
6116.261352	6520.521362
6116.261474	6520.521484
6116.261718	6520.521729
6116.26184	6520.521851
6116.26184	6520.521851
6116.26184	6520.521851
6116.262328	6520.522339
6116.262328	6520.522339
6116.26245	6520.522461
6116.26245	6520.522461
6116.26245	6520.522461
6116.262572	6520.522583
6116.262572	6520.522583
6116.262572	6520.522583
6116.262694	6520.522705
6116.262694	6520.522705
6116.262694	6520.522705
6116.262817	6520.522827
6116.262817	6520.522827
6116.262939	6520.522949
6116.262939	6520.522949
6116.262939	6520.522949
6116.263061	6520.523071
6116.263061	6520.523071
6116.263061	6520.523071
6116.263061	6520.523071
6116.263183	6520.523193
6116.263305	6520.523315
6116.263305	6520.523315
6116.263305	6520.523315
6116.263427	6520.523438
6116.263427	6520.523438
6116.263549	6520.52356
6116.263671	6520.523682
6116.264037	6520.524048
6116.264037	6520.524048
6116.264159	6520.52417
6116.264159	6520.52417
6116.264281	6520.524292
6116.264403	6520.524414
6116.264403	6520.524414
6116.264403	6520.524414
6116.264525	6520.524536
6116.264525	6520.524536
6116.26477	6520.52478
6116.26477	6520.52478
6116.264892	6520.524902
6116.265258	6520.525269
6116.26538	6520.525391
6116.265624	6520.525635
6116.265624	6520.525635
6116.265746	6520.525757
6116.265746	6520.525757
6116.265868	6520.525879
6116.265868	6520.525879
6116.26599	6520.526001
6116.266112	6520.526123
6116.266112	6520.526123
6116.266356	6520.526367
6116.266479	6520.526489
6116.266479	6520.526489
6116.266479	6520.526489
6116.266479	6520.526489
6116.266601	6520.526611
6116.266723	6520.526733
6116.266723	6520.526733
6116.266967	6520.526978
6116.267211	6520.527222
6116.267333	6520.527344
6116.267333	6520.527344
6116.267455	6520.527466
6116.267455	6520.527466
6116.267699	6520.52771
6116.267821	6520.527832
6116.267943	6520.527954
6116.268065	6520.528076
6116.268187	6520.528198
6116.268187	6520.528198
6116.268432	6520.528442
6116.268432	6520.528442
6116.268554	6520.528564
6116.268798	6520.528809
6116.269042	6520.529053
6116.269164	6520.529175
6116.269164	6520.529175
6116.269896	6520.529907
6116.269896	6520.529907
6116.27014	6520.530151
6116.27014	6520.530151
6116.270263	6520.530273
6116.270507	6520.530518
6116.270629	6520.53064
6116.270751	6520.530762
6116.271117	6520.531128
6116.271361	6520.531372
6116.271483	6520.531494
6116.271727	6520.531738
6116.271849	6520.53186
6116.271849	6520.53186
6116.272094	6520.532104
6116.272094	6520.532104
6116.272094	6520.532104
6116.272582	6520.532593
6116.272826	6520.532837
6116.273192	6520.533203
6116.273192	6520.533203
6116.273314	6520.533325
6116.273436	6520.533447
6116.273436	6520.533447
6116.273558	6520.533569
6116.273925	6520.533936
6116.274169	6520.53418
6116.274413	6520.534424
6116.274413	6520.534424
6116.274657	6520.534668
6116.274901	6520.534912
6116.274901	6520.534912
6116.275145	6520.535156
6116.275145	6520.535156
6116.275267	6520.535278
6116.275389	6520.5354
6116.275389	6520.5354
6116.275511	6520.535522
6116.275633	6520.535645
6116.275756	6520.535767
6116.275878	6520.535889
6116.276	6520.536011
6116.276122	6520.536133
6116.276366	6520.536377
6116.276488	6520.536499
6116.276488	6520.536499
6116.276488	6520.536499
6116.27661	6520.536621
6116.276976	6520.536987
6116.27722	6520.537231
6116.277464	6520.537476
6116.277464	6520.537476
6116.277953	6520.537964
6116.278075	6520.538086
6116.278319	6520.53833
6116.278319	6520.53833
6116.278563	6520.538574
6116.278807	6520.538818
6116.278807	6520.538818
6116.279051	6520.539063
6116.279173	6520.539185
6116.279417	6520.539429
6116.279417	6520.539429
6116.279417	6520.539429
6116.279906	6520.539917
6116.280028	6520.540039
6116.28076	6520.540771
6116.280882	6520.540894
6116.280882	6520.540894
6116.281126	6520.541138
6116.281126	6520.541138
6116.281248	6520.54126
6116.281371	6520.541382
6116.281493	6520.541504
6116.281737	6520.541748
6116.281981	6520.541992
6116.282103	6520.542114
6116.282225	6520.542236
6116.282469	6520.54248
6116.282469	6520.54248
6116.282591	6520.542603
6116.282591	6520.542603
6116.282713	6520.542725
6116.282713	6520.542725
6116.282713	6520.542725
6116.282835	6520.542847
6116.282957	6520.542969
6116.283079	6520.543091
6116.283079	6520.543091
6116.283202	6520.543213
6116.283324	6520.543335
6116.28369	6520.543701
6116.283812	6520.543823
6116.284178	6520.544189
6116.2843	6520.544312
6116.2843	6520.544312
6116.2843	6520.544312
6116.284422	6520.544434
6116.284422	6520.544434
6116.284544	6520.544556
6116.284544	6520.544556
6116.284666	6520.544678
6116.284666	6520.544678
6116.284666	6520.544678
6116.284788	6520.5448
6116.28491	6520.544922
6116.285521	6520.545532
6116.285521	6520.545532
6116.285521	6520.545532
6116.285521	6520.545532
6116.286009	6520.546021
6116.286131	6520.546143
6116.286253	6520.546265
6116.286375	6520.546387
6116.286375	6520.546387
6116.286375	6520.546387
6116.286497	6520.546509
6116.286619	6520.546631
6116.286619	6520.546631
6116.286741	6520.546753
6116.286741	6520.546753
6116.286986	6520.546997
6116.286986	6520.546997
6116.287352	6520.547363
6116.287596	6520.547607
6116.287596	6520.547607
6116.287596	6520.547607
6116.287718	6520.547729
6116.28784	6520.547852
6116.28784	6520.547852
6116.287962	6520.547974
6116.288328	6520.54834
6116.288328	6520.54834
6116.28845	6520.548462
6116.288694	6520.548706
6116.288817	6520.548828
6116.288939	6520.54895
6116.289427	6520.549438
6116.289549	6520.549561
6116.289549	6520.549561
6116.289671	6520.549683
6116.289671	6520.549683
6116.289915	6520.549927
6116.289915	6520.549927
6116.289915	6520.549927
6116.289915	6520.549927
6116.290037	6520.550049
6116.290159	6520.550171
6116.290159	6520.550171
6116.290525	6520.550537
6116.290525	6520.550537
6116.290648	6520.550659
6116.290892	6520.550903
6116.291136	6520.551147
6116.291258	6520.55127
6116.29138	6520.551392
6116.291624	6520.551636
6116.291624	6520.551636
6116.291746	6520.551758
6116.29199	6520.552002
6116.292479	6520.55249
6116.292601	6520.552612
6116.292601	6520.552612
6116.292845	6520.552856
6116.292967	6520.552979
6116.293089	6520.553101
6116.293089	6520.553101
6116.293211	6520.553223
6116.293333	6520.553345
6116.293577	6520.553589
6116.293699	6520.553711
6116.293943	6520.553955
6116.293943	6520.553955
6116.294432	6520.554443
6116.294554	6520.554565
6116.294554	6520.554565
6116.294676	6520.554688
6116.29492	6520.554932
6116.29492	6520.554932
6116.295286	6520.555298
6116.295408	6520.55542
6116.295408	6520.55542
6116.29553	6520.555542
6116.29553	6520.555542
6116.295774	6520.555786
6116.295774	6520.555786
6116.295896	6520.555908
6116.296263	6520.556274
6116.296507	6520.556519
6116.296629	6520.556641
6116.296629	6520.556641
6116.296751	6520.556763
6116.296873	6520.556885
6116.297117	6520.557129
6116.297605	6520.557617
6116.297727	6520.557739
6116.297727	6520.557739
6116.297971	6520.557983
6116.297971	6520.557983
6116.298094	6520.558105
6116.298826	6520.558838
6116.298826	6520.558838
6116.29907	6520.559082
6116.299192	6520.559204
6116.299314	6520.559326
6116.299436	6520.559448
6116.299436	6520.559448
6116.299558	6520.55957
6116.299558	6520.55957
6116.299558	6520.55957
6116.299925	6520.559937
6116.299925	6520.559937
6116.300047	6520.560059
6116.300169	6520.560181
6116.300413	6520.560425
6116.300413	6520.560425
6116.300779	6520.560791
6116.300901	6520.560913
6116.300901	6520.560913
6116.301023	6520.561035
6116.301145	6520.561157
6116.301145	6520.561157
6116.301267	6520.561279
6116.301267	6520.561279
6116.301511	6520.561523
6116.301756	6520.561768
6116.302244	6520.562256
6116.302244	6520.562256
6116.302366	6520.562378
6116.302976	6520.562988
6116.303098	6520.56311
6116.30322	6520.563232
6116.303709	6520.563721
6116.303953	6520.563965
6116.304075	6520.564087
6116.304197	6520.564209
6116.305418	6520.56543
6116.30554	6520.565552
6116.305662	6520.565674
6116.305784	6520.565796
6116.305906	6520.565918
6116.305906	6520.565918
6116.306028	6520.56604
6116.30615	6520.566162
6116.306516	6520.566528
6116.307126	6520.567139
6116.307859	6520.567871
6116.307859	6520.567871
6116.308347	6520.568359
6116.308835	6520.568848
6116.308957	6520.56897
6116.309079	6520.569092
6116.309568	6520.56958
6116.309812	6520.569824
6116.310544	6520.570557
6116.310544	6520.570557
6116.310666	6520.570679
6116.310788	6520.570801
6116.311399	6520.571411
6116.311643	6520.571655
6116.311887	6520.571899
6116.312375	6520.572388
6116.312864	6520.572876
6116.312986	6520.572998
6116.313108	6520.57312
6116.31323	6520.573242
6116.313352	6520.573364
6116.313352	6520.573364
6116.31384	6520.573853
6116.314328	6520.574341
6116.314695	6520.574707
6116.314939	6520.574951
6116.314939	6520.574951
6116.318479	6520.578491
6116.318601	6520.578613
6116.319333	6520.579346
6116.319577	6520.57959
6116.319943	6520.579956
6116.32153	6520.581543
6116.322018	6520.582031
6116.322263	6520.582275
6116.322385	6520.582397
6116.322385	6520.582397
6116.322385	6520.582397
6116.322629	6520.582642
6116.322995	6520.583008
6116.325192	6520.585205
6116.32568	6520.585693
6116.328	6520.588013
6116.32922	6520.589233
6116.332028	6520.592041
6116.332516	6520.592529
6116.333371	6520.593384
6116.333493	6520.593506
6116.333615	6520.593628
6116.335568	6520.595581
6116.33923	6520.599243
6116.343746	6520.60376
6116.34399	6520.604004
6116.344601	6520.604614
6116.346432	6520.606445
6116.346676	6520.606689
6116.349972	6520.609985
6116.350704	6520.610718
6116.350704	6520.610718
6116.350704	6520.610718
6116.351925	6520.611938
6116.351925	6520.611938
6116.352291	6520.612305
6116.354	6520.614014
6116.354488	6520.614502
6116.354854	6520.614868
6116.355464	6520.615479
6116.356319	6520.616333
6116.356441	6520.616455
6116.356807	6520.616821
6116.357051	6520.617065
6116.358272	6520.618286
6116.358394	6520.618408
6116.359493	6520.619507
6116.362788	6520.622803
6116.363033	6520.623047
6116.363033	6520.623047
6116.363033	6520.623047
6116.363155	6520.623169
6116.363155	6520.623169
6116.363765	6520.623779
6116.364375	6520.62439
6116.364619	6520.624634
6116.364741	6520.624756
6116.365962	6520.625977
6116.366572	6520.626587
6116.366939	6520.626953
6116.368526	6520.62854
6116.36877	6520.628784
6116.370357	6520.630371
6116.371089	6520.631104
6116.373652	6520.633667
6116.374629	6520.634644
6116.376216	6520.63623
6116.37768	6520.637695
6116.378413	6520.638428
6116.378535	6520.63855
6116.379634	6520.639648
6116.381098	6520.641113
6116.381098	6520.641113
6116.386347	6520.646362
6116.388178	6520.648193
6116.391596	6520.651611
6116.394159	6520.654175
6116.396723	6520.656738
6116.39892	6520.658936
6116.401117	6520.661133
6116.402338	6520.662354
6116.403558	6520.663574
6116.404169	6520.664185
6116.405756	6520.665771
6116.407098	6520.667114
6116.409906	6520.669922
6116.412347	6520.672363
6116.412957	6520.672974
6116.41369	6520.673706
6116.414422	6520.674438
6116.415765	6520.675781
6116.415887	6520.675903
6116.416253	6520.67627
6116.416619	6520.676636
6116.416619	6520.676636
6116.416864	6520.67688
6116.41723	6520.677246
6116.419061	6520.679077
6116.419061	6520.679077
6116.419549	6520.679565
6116.419671	6520.679688
6116.420037	6520.680054
6116.420404	6520.68042
6116.421624	6520.681641
6116.422234	6520.682251
6116.423211	6520.683228
6116.425408	6520.685425
6116.425896	6520.685913
6116.426019	6520.686035
6116.426263	6520.686279
6116.426507	6520.686523
6116.428704	6520.688721
6116.429192	6520.689209
6116.429436	6520.689453
6116.430657	6520.690674
6116.431145	6520.691162
6116.431511	6520.691528
6116.432122	6520.692139
6116.43261	6520.692627
6116.433587	6520.693604
6116.433709	6520.693726
6116.433953	6520.69397
6116.434197	6520.694214
6116.435051	6520.695068
6116.437249	6520.697266
6116.437493	6520.69751
6116.437859	6520.697876
6116.4403	6520.700317
6116.440911	6520.700928
6116.441643	6520.70166
6116.441643	6520.70166
6116.441887	6520.701904
6116.442009	6520.702026
6116.442497	6520.702515
6116.442986	6520.703003
6116.443108	6520.703125
6116.443108	6520.703125
6116.44323	6520.703247
6116.444084	6520.704102
6116.444695	6520.704712
6116.444817	6520.704834
6116.444939	6520.704956
6116.445061	6520.705078
6116.445671	6520.705688
6116.445671	6520.705688
6116.446037	6520.706055
6116.446159	6520.706177
6116.446281	6520.706299
6116.447014	6520.707031
6116.447258	6520.707275
6116.447502	6520.70752
6116.447746	6520.707764
6116.448235	6520.708252
6116.448235	6520.708252
6116.448601	6520.708618
6116.448967	6520.708984
6116.449089	6520.709106
6116.449089	6520.709106
6116.449577	6520.709595
6116.449577	6520.709595
6116.449699	6520.709717
6116.450554	6520.710571
6116.450676	6520.710693
6116.450798	6520.710815
6116.45092	6520.710938
6116.451286	6520.711304
6116.451896	6520.711914
6116.452019	6520.712036
6116.452141	6520.712158
6116.452751	6520.712769
6116.453117	6520.713135
6116.453361	6520.713379
6116.453483	6520.713501
6116.453727	6520.713745
6116.454216	6520.714233
6116.454338	6520.714355
6116.454704	6520.714722
6116.455192	6520.71521
6116.455803	6520.71582
6116.456901	6520.716919
6116.456901	6520.716919
6116.457023	6520.717041
6116.457756	6520.717773
6116.460197	6520.720215
6116.460319	6520.720337
6116.460441	6520.720459
6116.460563	6520.720581
6116.461051	6520.721069
6116.461173	6520.721191
6116.461662	6520.72168
6116.461784	6520.721802
6116.463493	6520.723511
6116.463859	6520.723877
6116.463859	6520.723877
6116.464469	6520.724487
6116.464591	6520.724609
6116.465446	6520.725464
6116.465568	6520.725586
6116.46569	6520.725708
6116.465934	6520.725952
6116.466178	6520.726196
6116.467643	6520.727661
6116.467887	6520.727905
6116.468253	6520.728271
6116.468375	6520.728394
6116.468497	6520.728516
6116.468497	6520.728516
6116.46862	6520.728638
6116.46862	6520.728638
6116.468986	6520.729004
6116.469352	6520.72937
6116.469352	6520.72937
6116.469474	6520.729492
6116.469474	6520.729492
6116.470084	6520.730103
6116.470206	6520.730225
6116.47045	6520.730469
6116.47045	6520.730469
6116.471183	6520.731201
6116.471549	6520.731567
6116.471671	6520.731689
6116.472159	6520.732178
6116.472526	6520.732544
6116.472526	6520.732544
6116.472892	6520.73291
6116.473868	6520.733887
6116.473868	6520.733887
6116.47399	6520.734009
6116.474112	6520.734131
6116.474112	6520.734131
6116.474235	6520.734253
6116.474357	6520.734375
6116.474723	6520.734741
6116.474967	6520.734985
6116.475821	6520.73584
6116.476676	6520.736694
6116.476798	6520.736816
6116.476798	6520.736816
6116.477042	6520.737061
6116.477286	6520.737305
6116.477408	6520.737427
6116.477652	6520.737671
6116.478019	6520.738037
6116.478141	6520.738159
6116.479727	6520.739746
6116.47985	6520.739868
6116.480216	6520.740234
6116.480338	6520.740356
6116.480338	6520.740356
6116.480826	6520.740845
6116.481803	6520.741821
6116.482291	6520.74231
6116.483634	6520.743652
6116.484244	6520.744263
6116.484244	6520.744263
6116.484854	6520.744873
6116.484854	6520.744873
6116.484976	6520.744995
6116.484976	6520.744995
6116.485587	6520.745605
6116.486075	6520.746094
6116.486197	6520.746216
6116.486441	6520.74646
6116.487296	6520.747314
6116.487784	6520.747803
6116.487906	6520.747925
6116.489371	6520.74939
6116.489737	6520.749756
6116.489737	6520.749756
6116.490103	6520.750122
6116.490469	6520.750488
6116.490713	6520.750732
6116.49169	6520.751709
6116.493765	6520.753784
6116.493887	6520.753906
6116.494253	6520.754272
6116.494742	6520.754761
6116.494742	6520.754761
6116.494864	6520.754883
6116.494864	6520.754883
6116.496817	6520.756836
6116.496817	6520.756836
6116.496939	6520.756958
6116.497427	6520.757446
6116.497671	6520.75769
6116.497793	6520.757813
6116.498037	6520.758057
6116.498282	6520.758301
6116.498404	6520.758423
6116.498648	6520.758667
6116.498892	6520.758911
6116.49938	6520.759399
6116.499624	6520.759644
6116.499746	6520.759766
6116.500357	6520.760376
6116.500357	6520.760376
6116.500479	6520.760498
6116.500845	6520.760864
6116.501211	6520.76123
6116.501699	6520.761719
6116.503408	6520.763428
6116.50353	6520.76355
6116.503652	6520.763672
6116.503774	6520.763794
6116.503897	6520.763916
6116.504507	6520.764526
6116.504629	6520.764648
6116.505117	6520.765137
6116.505483	6520.765503
6116.505605	6520.765625
6116.505605	6520.765625
6116.505728	6520.765747
6116.50646	6520.766479
6116.506704	6520.766724
6116.507314	6520.767334
6116.507314	6520.767334
6116.507559	6520.767578
6116.507803	6520.767822
6116.508047	6520.768066
6116.508169	6520.768188
6116.508901	6520.768921
6116.508901	6520.768921
6116.509023	6520.769043
6116.509145	6520.769165
6116.509145	6520.769165
6116.509145	6520.769165
6116.509389	6520.769409
6116.509512	6520.769531
6116.509512	6520.769531
6116.509878	6520.769897
6116.509878	6520.769897
6116.510122	6520.770142
6116.510366	6520.770386
6116.510488	6520.770508
6116.510488	6520.770508
6116.51061	6520.77063
6116.510732	6520.770752
6116.510732	6520.770752
6116.510854	6520.770874
6116.510976	6520.770996
6116.510976	6520.770996
6116.511098	6520.771118
6116.511343	6520.771362
6116.511465	6520.771484
6116.511587	6520.771606
6116.511831	6520.771851
6116.512075	6520.772095
6116.512075	6520.772095
6116.512441	6520.772461
6116.512685	6520.772705
6116.512807	6520.772827
6116.513174	6520.773193
6116.513296	6520.773315
6116.513418	6520.773438
6116.51354	6520.77356
6116.51354	6520.77356
6116.513662	6520.773682
6116.513662	6520.773682
6116.513906	6520.773926
6116.514272	6520.774292
6116.514394	6520.774414
6116.514394	6520.774414
6116.514516	6520.774536
6116.514516	6520.774536
6116.51476	6520.77478
6116.51476	6520.77478
6116.514882	6520.774902
6116.515005	6520.775024
6116.515127	6520.775146
6116.515249	6520.775269
6116.515371	6520.775391
6116.515493	6520.775513
6116.515859	6520.775879
6116.515981	6520.776001
6116.516103	6520.776123
6116.516591	6520.776611
6116.516713	6520.776733
6116.516713	6520.776733
6116.516836	6520.776855
6116.516836	6520.776855
6116.517324	6520.777344
6116.517446	6520.777466
6116.517812	6520.777832
6116.517934	6520.777954
6116.518056	6520.778076
6116.518178	6520.778198
6116.5183	6520.77832
6116.518544	6520.778564
6116.518666	6520.778687
6116.519765	6520.779785
6116.520375	6520.780396
6116.520742	6520.780762
6116.520986	6520.781006
6116.521352	6520.781372
6116.521596	6520.781616
6116.52184	6520.78186
6116.521962	6520.781982
6116.522084	6520.782104
6116.522328	6520.782349
6116.522328	6520.782349
6116.522451	6520.782471
6116.522695	6520.782715
6116.522695	6520.782715
6116.522817	6520.782837
6116.523061	6520.783081
6116.523305	6520.783325
6116.523671	6520.783691
6116.523671	6520.783691
6116.523793	6520.783813
6116.524037	6520.784058
6116.524037	6520.784058
6116.524159	6520.78418
6116.524404	6520.784424
6116.524648	6520.784668
6116.52477	6520.78479
6116.52477	6520.78479
6116.524892	6520.784912
6116.524892	6520.784912
6116.525014	6520.785034
6116.525136	6520.785156
6116.525258	6520.785278
6116.525502	6520.785522
6116.525868	6520.785889
6116.52599	6520.786011
6116.526235	6520.786255
6116.526235	6520.786255
6116.526235	6520.786255
6116.526357	6520.786377
6116.526601	6520.786621
6116.526723	6520.786743
6116.526723	6520.786743
6116.526845	6520.786865
6116.526967	6520.786987
6116.527089	6520.787109
6116.527211	6520.787231
6116.527333	6520.787354
6116.527577	6520.787598
6116.527943	6520.787964
6116.528066	6520.788086
6116.528066	6520.788086
6116.528188	6520.788208
6116.528188	6520.788208
6116.52831	6520.78833
6116.528554	6520.788574
6116.529042	6520.789063
6116.529042	6520.789063
6116.52953	6520.789551
6116.530019	6520.790039
6116.530141	6520.790161
6116.530995	6520.791016
6116.530995	6520.791016
6116.531117	6520.791138
6116.531972	6520.791992
6116.532338	6520.792358
6116.532582	6520.792603
6116.532826	6520.792847
6116.53307	6520.793091
6116.533314	6520.793335
6116.533436	6520.793457
6116.533803	6520.793823
6116.534901	6520.794922
6116.535756	6520.795776
6116.536122	6520.796143
6116.536366	6520.796387
6116.536732	6520.796753
6116.537587	6520.797607
6116.537953	6520.797974
6116.538075	6520.798096
6116.538319	6520.79834
6116.538563	6520.798584
6116.539174	6520.799194
6116.539296	6520.799316
6116.53954	6520.799561
6116.541005	6520.801025
6116.541371	6520.801392
6116.541493	6520.801514
6116.541737	6520.801758
6116.542469	6520.80249
6116.542836	6520.802856
6116.543324	6520.803345
6116.543812	6520.803833
6116.543934	6520.803955
6116.544056	6520.804077
6116.544178	6520.804199
6116.544422	6520.804443
6116.545399	6520.80542
6116.545521	6520.805542
6116.545643	6520.805664
6116.545765	6520.805786
6116.546131	6520.806152
6116.546375	6520.806396
6116.546986	6520.807007
6116.547108	6520.807129
6116.547718	6520.807739
6116.548084	6520.808105
6116.548939	6520.80896
6116.550037	6520.810059
6116.550282	6520.810303
6116.550526	6520.810547
6116.551136	6520.811157
6116.551136	6520.811157
6116.554066	6520.814087
6116.554066	6520.814087
6116.554432	6520.814453
6116.55492	6520.814941
6116.555286	6520.815308
6116.55553	6520.815552
6116.556629	6520.81665
6116.556873	6520.816895
6116.556995	6520.817017
6116.557728	6520.817749
6116.558094	6520.818115
6116.558338	6520.818359
6116.55846	6520.818481
6116.558826	6520.818848
6116.558948	6520.81897
6116.559681	6520.819702
6116.559803	6520.819824
6116.560779	6520.820801
6116.561023	6520.821045
6116.561145	6520.821167
6116.561634	6520.821655
6116.561756	6520.821777
6116.561878	6520.821899
6116.56261	6520.822632
6116.562732	6520.822754
6116.562854	6520.822876
6116.563587	6520.823608
6116.563953	6520.823975
6116.564319	6520.824341
6116.568225	6520.828247
6116.568713	6520.828735
6116.570422	6520.830444
6116.570544	6520.830566
6116.571399	6520.831421
6116.571887	6520.831909
6116.572864	6520.832886
6116.573352	6520.833374
6116.573596	6520.833618
6116.57384	6520.833862
6116.57384	6520.833862
6116.574695	6520.834717
6116.574695	6520.834717
6116.574695	6520.834717
6116.575183	6520.835205
6116.57738	6520.837402
6116.57799	6520.838013
6116.578967	6520.838989
6116.579821	6520.839844
6116.580188	6520.84021
6116.58031	6520.840332
6116.58092	6520.840942
6116.582629	6520.842651
6116.583361	6520.843384
6116.58385	6520.843872
6116.583972	6520.843994
6116.58507	6520.845093
6116.585559	6520.845581
6116.586169	6520.846191
6116.586535	6520.846558
6116.587023	6520.847046
6116.587512	6520.847534
6116.587634	6520.847656
6116.588488	6520.848511
6116.589709	6520.849731
6116.590441	6520.850464
6116.590441	6520.850464
6116.590563	6520.850586
6116.590807	6520.85083
6116.591174	6520.851196
6116.592272	6520.852295
6116.593005	6520.853027
6116.593371	6520.853394
6116.595934	6520.855957
6116.596178	6520.856201
6116.5963	6520.856323
6116.597033	6520.857056
6116.597399	6520.857422
6116.597643	6520.857666
6116.598009	6520.858032
6116.598986	6520.859009
6116.599108	6520.859131
6116.599108	6520.859131
6116.599474	6520.859497
6116.600084	6520.860107
6116.600206	6520.860229
6116.600206	6520.860229
6116.600817	6520.86084
6116.601061	6520.861084
6116.601305	6520.861328
6116.601427	6520.86145
6116.601549	6520.861572
6116.603746	6520.86377
6116.604113	6520.864136
6116.604601	6520.864624
6116.604845	6520.864868
6116.605089	6520.865112
6116.605577	6520.865601
6116.605699	6520.865723
6116.606066	6520.866089
6116.606066	6520.866089
6116.60631	6520.866333
6116.60692	6520.866943
6116.607042	6520.867065
6116.608507	6520.86853
6116.608751	6520.868774
6116.608995	6520.869019
6116.609361	6520.869385
6116.609361	6520.869385
6116.61046	6520.870483
6116.610948	6520.870972
6116.61107	6520.871094
6116.61107	6520.871094
6116.611192	6520.871216
6116.611681	6520.871704
6116.611925	6520.871948
6116.61339	6520.873413
6116.617174	6520.877197
6116.61815	6520.878174
6116.618394	6520.878418
6116.618638	6520.878662
6116.619127	6520.87915
6116.619615	6520.879639
6116.62169	6520.881714
6116.62169	6520.881714
6116.622056	6520.88208
6116.622422	6520.882446
6116.622789	6520.882813
6116.622911	6520.882935
6116.623399	6520.883423
6116.624009	6520.884033
6116.624131	6520.884155
6116.624742	6520.884766
6116.625352	6520.885376
6116.625596	6520.88562
6116.625718	6520.885742
6116.625718	6520.885742
6116.626084	6520.886108
6116.626206	6520.88623
6116.628037	6520.888062
6116.62938	6520.889404
6116.631577	6520.891602
6116.631821	6520.891846
6116.634385	6520.894409
6116.636582	6520.896606
6116.637681	6520.897705
6116.637681	6520.897705
6116.638047	6520.898071
6116.638535	6520.89856
6116.641465	6520.901489
6116.641953	6520.901978
6116.642685	6520.90271
6116.642929	6520.902954
6116.643662	6520.903687
6116.645127	6520.905151
6116.645249	6520.905273
6116.645859	6520.905884
6116.646103	6520.906128
6116.646591	6520.906616
6116.64708	6520.907104
6116.647202	6520.907227
6116.64769	6520.907715
6116.649887	6520.909912
6116.650986	6520.911011
6116.651718	6520.911743
6116.653305	6520.91333
6116.657699	6520.917725
6116.658676	6520.918701
6116.658676	6520.918701
6116.65953	6520.919556
6116.660507	6520.920532
6116.661606	6520.921631
6116.66246	6520.922485
6116.663192	6520.923218
6116.663559	6520.923584
6116.663559	6520.923584
6116.664047	6520.924072
6116.664047	6520.924072
6116.664779	6520.924805
6116.666366	6520.926392
6116.666732	6520.926758
6116.666854	6520.92688
6116.667465	6520.92749
6116.668441	6520.928467
6116.669662	6520.929688
6116.669662	6520.929688
6116.669906	6520.929932
6116.670028	6520.930054
6116.670272	6520.930298
6116.670272	6520.930298
6116.671127	6520.931152
6116.671249	6520.931274
6116.671615	6520.931641
6116.673202	6520.933228
6116.673446	6520.933472
6116.673568	6520.933594
6116.674056	6520.934082
6116.67723	6520.937256
6116.678207	6520.938232
6116.678207	6520.938232
6116.679305	6520.939331
6116.679915	6520.939941
6116.680282	6520.940308
6116.680404	6520.94043
6116.680526	6520.940552
6116.681136	6520.941162
6116.681258	6520.941284
6116.681258	6520.941284
6116.684554	6520.94458
6116.685042	6520.945068
6116.685286	6520.945313
6116.685775	6520.945801
6116.685897	6520.945923
6116.687361	6520.947388
6116.687361	6520.947388
6116.687484	6520.94751
6116.688094	6520.94812
6116.688216	6520.948242
6116.688948	6520.948975
6116.689192	6520.949219
6116.689803	6520.949829
6116.689925	6520.949951
6116.690291	6520.950317
6116.690413	6520.950439
6116.690657	6520.950684
6116.690779	6520.950806
6116.691023	6520.95105
6116.691145	6520.951172
6116.692366	6520.952393
6116.692366	6520.952393
6116.692488	6520.952515
6116.69261	6520.952637
6116.69261	6520.952637
6116.692854	6520.952881
6116.692976	6520.953003
6116.693099	6520.953125
6116.694075	6520.954102
6116.694075	6520.954102
6116.694075	6520.954102
6116.694319	6520.954346
6116.694563	6520.95459
6116.694685	6520.954712
6116.695052	6520.955078
6116.695052	6520.955078
6116.695296	6520.955322
6116.69554	6520.955566
6116.695784	6520.955811
6116.696028	6520.956055
6116.696761	6520.956787
6116.697249	6520.957275
6116.697859	6520.957886
6116.698103	6520.95813
6116.698347	6520.958374
6116.698469	6520.958496
6116.698591	6520.958618
6116.698591	6520.958618
6116.699446	6520.959473
6116.700056	6520.960083
6116.700056	6520.960083
6116.701399	6520.961426
6116.701399	6520.961426
6116.701765	6520.961792
6116.702864	6520.962891
6116.704451	6520.964478
6116.705427	6520.965454
6116.707014	6520.967041
6116.707624	6520.967651
6116.708235	6520.968262
6116.708723	6520.96875
6116.708723	6520.96875
6116.708967	6520.968994
6116.709211	6520.969238
6116.709577	6520.969604
6116.710066	6520.970093
6116.710066	6520.970093
6116.710188	6520.970215
6116.710432	6520.970459
6116.710554	6520.970581
6116.711897	6520.971924
6116.71385	6520.973877
6116.714094	6520.974121
6116.714094	6520.974121
6116.714094	6520.974121
6116.714948	6520.974976
6116.71507	6520.975098
6116.716169	6520.976196
6116.716535	6520.976563
6116.717268	6520.977295
6116.717634	6520.977661
6116.717756	6520.977783
6116.718	6520.978027
6116.718854	6520.978882
6116.718854	6520.978882
6116.719221	6520.979248
6116.719221	6520.979248
6116.719221	6520.979248
6116.719343	6520.97937
6116.719343	6520.97937
6116.719343	6520.97937
6116.719465	6520.979492
6116.720319	6520.980347
6116.720685	6520.980713
6116.721418	6520.981445
6116.721418	6520.981445
6116.72154	6520.981567
6116.722638	6520.982666
6116.723249	6520.983276
6116.724103	6520.984131
6116.724225	6520.984253
6116.724958	6520.984985
6116.726911	6520.986938
6116.726911	6520.986938
6116.726911	6520.986938
6116.727033	6520.987061
6116.727521	6520.987549
6116.727643	6520.987671
6116.728009	6520.988037
6116.728009	6520.988037
6116.728131	6520.988159
6116.729352	6520.98938
6116.731915	6520.991943
6116.732648	6520.992676
6116.733869	6520.993896
6116.734479	6520.994507
6116.735211	6520.995239
6116.736066	6520.996094
6116.736066	6520.996094
6116.736188	6520.996216
6116.73631	6520.996338
6116.73631	6520.996338
6116.736432	6520.99646
6116.736554	6520.996582
6116.736554	6520.996582
6116.737042	6520.99707
6116.737775	6520.997803
6116.738385	6520.998413
6116.738751	6520.998779
6116.738873	6520.998901
6116.73985	6520.999878
6116.739972	6521.0
6116.740094	6521.000122
6116.74107	6521.001099
6116.742657	6521.002686
6116.742901	6521.00293
6116.742901	6521.00293
6116.743634	6521.003662
6116.743634	6521.003662
6116.744244	6521.004272
6116.74461	6521.004639
6116.745465	6521.005493
6116.745587	6521.005615
6116.745709	6521.005737
6116.745831	6521.005859
6116.746563	6521.006592
6116.74693	6521.006958
6116.747662	6521.00769
6116.747784	6521.007813
6116.748272	6521.008301
6116.748394	6521.008423
6116.748516	6521.008545
6116.749005	6521.009033
6116.749005	6521.009033
6116.749371	6521.009399
6116.749737	6521.009766
6116.750103	6521.010132
6116.750103	6521.010132
6116.750225	6521.010254
6116.750225	6521.010254
6116.750469	6521.010498
6116.750469	6521.010498
6116.750958	6521.010986
6116.751324	6521.011353
6116.751446	6521.011475
6116.752178	6521.012207
6116.752423	6521.012451
6116.752545	6521.012573
6116.753033	6521.013062
6116.753033	6521.013062
6116.753033	6521.013062
6116.753033	6521.013062
6116.753399	6521.013428
6116.753399	6521.013428
6116.753643	6521.013672
6116.754009	6521.014038
6116.754131	6521.01416
6116.754131	6521.01416
6116.754376	6521.014404
6116.754498	6521.014526
6116.754498	6521.014526
6116.75462	6521.014648
6116.754986	6521.015015
6116.75523	6521.015259
6116.75523	6521.015259
6116.755474	6521.015503
6116.755596	6521.015625
6116.755718	6521.015747
6116.755718	6521.015747
6116.75584	6521.015869
6116.75584	6521.015869
6116.756084	6521.016113
6116.756451	6521.016479
6116.756451	6521.016479
6116.756573	6521.016602
6116.756573	6521.016602
6116.756695	6521.016724
6116.756695	6521.016724
6116.756695	6521.016724
6116.757061	6521.01709
6116.757549	6521.017578
6116.758038	6521.018066
6116.75816	6521.018188
6116.75816	6521.018188
6116.758404	6521.018433
6116.758404	6521.018433
6116.75877	6521.018799
6116.75877	6521.018799
6116.75877	6521.018799
6116.758892	6521.018921
6116.759258	6521.019287
6116.759258	6521.019287
6116.759258	6521.019287
6116.75938	6521.019409
6116.75938	6521.019409
6116.759502	6521.019531
6116.759502	6521.019531
6116.759624	6521.019653
6116.759869	6521.019897
6116.760357	6521.020386
6116.760601	6521.02063
6116.760845	6521.020874
6116.761944	6521.021973
6116.764019	6521.024048
6116.764263	6521.024292
6116.764385	6521.024414
6116.764507	6521.024536
6116.764629	6521.024658
6116.765239	6521.025269
6116.765361	6521.025391
6116.765606	6521.025635
6116.765606	6521.025635
6116.766094	6521.026123
6116.766094	6521.026123
6116.766216	6521.026245
6116.766338	6521.026367
6116.766826	6521.026855
6116.766826	6521.026855
6116.766948	6521.026978
6116.767681	6521.02771
6116.767681	6521.02771
6116.767803	6521.027832
6116.767803	6521.027832
6116.768535	6521.028564
6116.768657	6521.028687
6116.768779	6521.028809
6116.768901	6521.028931
6116.769023	6521.029053
6116.769146	6521.029175
6116.769268	6521.029297
6116.76939	6521.029419
6116.76939	6521.029419
6116.76939	6521.029419
6116.77	6521.030029
6116.77	6521.030029
6116.770366	6521.030396
6116.770854	6521.030884
6116.771221	6521.03125
6116.771221	6521.03125
6116.771465	6521.031494
6116.771953	6521.031982
6116.771953	6521.031982
6116.772075	6521.032104
6116.772441	6521.032471
6116.772441	6521.032471
6116.772563	6521.032593
6116.772685	6521.032715
6116.772685	6521.032715
6116.77293	6521.032959
6116.77293	6521.032959
6116.77293	6521.032959
6116.77293	6521.032959
6116.773052	6521.033081
6116.773418	6521.033447
6116.773906	6521.033936
6116.773906	6521.033936
6116.774638	6521.034668
6116.774761	6521.03479
6116.775127	6521.035156
6116.775127	6521.035156
6116.775737	6521.035767
6116.775981	6521.036011
6116.776103	6521.036133
6116.776225	6521.036255
6116.776347	6521.036377
6116.776469	6521.036499
6116.776592	6521.036621
6116.776592	6521.036621
6116.776592	6521.036621
6116.776714	6521.036743
6116.776836	6521.036865
6116.77708	6521.037109
6116.777202	6521.037231
6116.777568	6521.037598
6116.777812	6521.037842
6116.778056	6521.038086
6116.7783	6521.03833
6116.778423	6521.038452
6116.778545	6521.038574
6116.778667	6521.038696
6116.778789	6521.038818
6116.778789	6521.038818
6116.778911	6521.03894
6116.779887	6521.039917
6116.780009	6521.040039
6116.780498	6521.040527
6116.78062	6521.040649
6116.78062	6521.040649
6116.781108	6521.041138
6116.78123	6521.04126
6116.78123	6521.04126
6116.781352	6521.041382
6116.781474	6521.041504
6116.781596	6521.041626
6116.78184	6521.04187
6116.781962	6521.041992
6116.781962	6521.041992
6116.782451	6521.04248
6116.782573	6521.042603
6116.782817	6521.042847
6116.783183	6521.043213
6116.783183	6521.043213
6116.783305	6521.043335
6116.783671	6521.043701
6116.783793	6521.043823
6116.78416	6521.044189
6116.78416	6521.044189
6116.784282	6521.044312
6116.78477	6521.0448
6116.784892	6521.044922
6116.784892	6521.044922
6116.785258	6521.045288
6116.785624	6521.045654
6116.785991	6521.046021
6116.785991	6521.046021
6116.786357	6521.046387
6116.786967	6521.046997
6116.787211	6521.047241
6116.787577	6521.047607
6116.787577	6521.047607
6116.787822	6521.047852
6116.788676	6521.048706
6116.788798	6521.048828
6116.789042	6521.049072
6116.789775	6521.049805
6116.789897	6521.049927
6116.790019	6521.050049
6116.790263	6521.050293
6116.790263	6521.050293
6116.790263	6521.050293
6116.790385	6521.050415
6116.790507	6521.050537
6116.790629	6521.050659
6116.791728	6521.051758
6116.792094	6521.052124
6116.792826	6521.052856
6116.792826	6521.052856
6116.79307	6521.053101
6116.793315	6521.053345
6116.793803	6521.053833
6116.793925	6521.053955
6116.794169	6521.054199
6116.794291	6521.054321
6116.794535	6521.054565
6116.795023	6521.055054
6116.79539	6521.05542
6116.795512	6521.055542
6116.795634	6521.055664
6116.796977	6521.057007
6116.797343	6521.057373
6116.798197	6521.058228
6116.798197	6521.058228
6116.798808	6521.058838
6116.79893	6521.05896
6116.79893	6521.05896
6116.79893	6521.05896
6116.799296	6521.059326
6116.799296	6521.059326
6116.799418	6521.059448
6116.799662	6521.059692
6116.799906	6521.059937
6116.800028	6521.060059
6116.800883	6521.060913
6116.801127	6521.061157
6116.801249	6521.061279
6116.801371	6521.061401
6116.801493	6521.061523
6116.801859	6521.06189
6116.802103	6521.062134
6116.802103	6521.062134
6116.802347	6521.062378
6116.802347	6521.062378
6116.802592	6521.062622
6116.802958	6521.062988
6116.802958	6521.062988
6116.802958	6521.062988
6116.802958	6521.062988
6116.803324	6521.063354
6116.803568	6521.063599
6116.803568	6521.063599
6116.804056	6521.064087
6116.804178	6521.064209
6116.8043	6521.064331
6116.804423	6521.064453
6116.804667	6521.064697
6116.804911	6521.064941
6116.805277	6521.065308
6116.806009	6521.06604
6116.806009	6521.06604
6116.806009	6521.06604
6116.806009	6521.06604
6116.806131	6521.066162
6116.806254	6521.066284
6116.806376	6521.066406
6116.806498	6521.066528
6116.80662	6521.06665
6116.806742	6521.066772
6116.806986	6521.067017
6116.807108	6521.067139
6116.807108	6521.067139
6116.80723	6521.067261
6116.807352	6521.067383
6116.807352	6521.067383
6116.807962	6521.067993
6116.808451	6521.068481
6116.808451	6521.068481
6116.808573	6521.068604
6116.808817	6521.068848
6116.808817	6521.068848
6116.809183	6521.069214
6116.809427	6521.069458
6116.809549	6521.06958
6116.809671	6521.069702
6116.809671	6521.069702
6116.810038	6521.070068
6116.810038	6521.070068
6116.810404	6521.070435
6116.810526	6521.070557
6116.81077	6521.070801
6116.811258	6521.071289
6116.81138	6521.071411
6116.811502	6521.071533
6116.811624	6521.071655
6116.811624	6521.071655
6116.811747	6521.071777
6116.812113	6521.072144
6116.812235	6521.072266
6116.812479	6521.07251
6116.812601	6521.072632
6116.812601	6521.072632
6116.812601	6521.072632
6116.812723	6521.072754
6116.812845	6521.072876
6116.812845	6521.072876
6116.812845	6521.072876
6116.812967	6521.072998
6116.812967	6521.072998
6116.813333	6521.073364
6116.813333	6521.073364
6116.813455	6521.073486
6116.8137	6521.07373
6116.813822	6521.073853
6116.813822	6521.073853
6116.813944	6521.073975
6116.814188	6521.074219
6116.815164	6521.075195
6116.815408	6521.075439
6116.815531	6521.075562
6116.815653	6521.075684
6116.815775	6521.075806
6116.815775	6521.075806
6116.815775	6521.075806
6116.815775	6521.075806
6116.816263	6521.076294
6116.816751	6521.076782
6116.817117	6521.077148
6116.817239	6521.077271
6116.817362	6521.077393
6116.817606	6521.077637
6116.817728	6521.077759
6116.817972	6521.078003
6116.818094	6521.078125
6116.81846	6521.078491
6116.818582	6521.078613
6116.81907	6521.079102
6116.819193	6521.079224
6116.819925	6521.079956
6116.820169	6521.0802
6116.820291	6521.080322
6116.820413	6521.080444
6116.820413	6521.080444
6116.820535	6521.080566
6116.820657	6521.080688
6116.820657	6521.080688
6116.820901	6521.080933
6116.821024	6521.081055
6116.821146	6521.081177
6116.821146	6521.081177
6116.822	6521.082031
6116.822	6521.082031
6116.822122	6521.082153
6116.822244	6521.082275
6116.822244	6521.082275
6116.822488	6521.08252
6116.822488	6521.08252
6116.822854	6521.082886
6116.823099	6521.08313
6116.823709	6521.08374
6116.823953	6521.083984
6116.824075	6521.084106
6116.824197	6521.084229
6116.825418	6521.085449
6116.825662	6521.085693
6116.825784	6521.085815
6116.827005	6521.087036
6116.827005	6521.087036
6116.828103	6521.088135
6116.828347	6521.088379
6116.82908	6521.089111
6116.831887	6521.091919
6116.832131	6521.092163
6116.832131	6521.092163
6116.832498	6521.092529
6116.83323	6521.093262
6116.83323	6521.093262
6116.83384	6521.093872
6116.835305	6521.095337
6116.835427	6521.095459
6116.835549	6521.095581
6116.836892	6521.096924
6116.837136	6521.097168
6116.837502	6521.097534
6116.838357	6521.098389
6116.838357	6521.098389
6116.8397	6521.099731
6116.839822	6521.099854
6116.840188	6521.10022
6116.840798	6521.10083
6116.841897	6521.101929
6116.842629	6521.102661
6116.843484	6521.103516
6116.844948	6521.10498
6116.845315	6521.105347
6116.846169	6521.106201
6116.846413	6521.106445
6116.847146	6521.107178
6116.847512	6521.107544
6116.848	6521.108032
6116.849099	6521.109131
6116.850075	6521.110107
6116.850197	6521.110229
6116.850563	6521.110596
6116.851906	6521.111938
6116.852028	6521.112061
6116.853493	6521.113525
6116.854103	6521.114136
6116.854714	6521.114746
6116.856423	6521.116455
6116.857277	6521.11731
6116.857765	6521.117798
6116.858986	6521.119019
6116.859718	6521.119751
6116.85984	6521.119873
6116.860451	6521.120483
6116.86216	6521.122192
6116.862404	6521.122437
6116.862648	6521.122681
6116.863991	6521.124023
6116.866432	6521.126465
6116.866676	6521.126709
6116.866676	6521.126709
6116.868507	6521.12854
6116.869117	6521.12915
6116.87046	6521.130493
6116.871803	6521.131836
6116.87339	6521.133423
6116.877418	6521.137451
6116.879493	6521.139526
6116.881202	6521.141235
6116.883521	6521.143555
6116.884009	6521.144043
6116.885474	6521.145508
6116.886573	6521.146606
6116.888038	6521.148071
6116.888282	6521.148315
6116.889014	6521.149048
6116.89231	6521.152344
6116.89524	6521.155273
6116.896094	6521.156128
6116.897071	6521.157104
6116.898047	6521.158081
6116.90293	6521.162964
6116.905371	6521.165405
6116.906592	6521.166626
6116.906836	6521.16687
6116.907812	6521.167847
6116.908056	6521.168091
6116.910254	6521.170288
6116.910742	6521.170776
6116.910742	6521.170776
6116.910986	6521.171021
6116.912085	6521.172119
6116.912085	6521.172119
6116.913305	6521.17334
6116.913549	6521.173584
6116.913916	6521.17395
6116.914282	6521.174316
6116.915869	6521.175903
6116.915991	6521.176025
6116.916357	6521.176392
6116.917089	6521.177124
6116.917333	6521.177368
6116.917578	6521.177612
6116.9177	6521.177734
6116.918188	6521.178223
6116.918188	6521.178223
6116.918432	6521.178467
6116.918676	6521.178711
6116.919531	6521.179565
6116.919531	6521.179565
6116.919531	6521.179565
6116.920263	6521.180298
6116.920751	6521.180786
6116.92124	6521.181274
6116.921362	6521.181396
6116.921972	6521.182007
6116.922094	6521.182129
6116.922582	6521.182617
6116.924779	6521.184814
6116.926977	6521.187012
6116.927465	6521.1875
6116.928075	6521.18811
6116.929662	6521.189697
6116.930272	6521.190308
6116.932836	6521.192871
6116.93308	6521.193115
6116.93308	6521.193115
6116.934301	6521.194336
6116.935765	6521.195801
6116.936254	6521.196289
6116.936864	6521.196899
6116.938451	6521.198486
6116.938817	6521.198853
6116.939061	6521.199097
6116.939671	6521.199707
6116.940038	6521.200073
6116.940648	6521.200684
6116.941991	6521.202026
6116.942235	6521.202271
6116.942967	6521.203003
6116.943456	6521.203491
6116.944554	6521.20459
6116.944676	6521.204712
6116.944798	6521.204834
6116.946263	6521.206299
6116.949193	6521.209229
6116.95139	6521.211426
6116.957005	6521.217041
6116.957737	6521.217773
6116.960179	6521.220215
6116.961521	6521.221558
6116.962254	6521.22229
6116.967014	6521.227051
6116.969089	6521.229126
6116.969822	6521.229858
6116.969944	6521.22998
6116.971164	6521.231201
6116.971287	6521.231323
6116.972995	6521.233032
6116.973484	6521.233521
6116.97385	6521.233887
6116.974094	6521.234131
6116.974704	6521.234741
6116.976169	6521.236206
6116.976657	6521.236694
6116.97739	6521.237427
6116.97861	6521.238647
6116.980075	6521.240112
6116.980808	6521.240845
6116.983493	6521.24353
6116.984226	6521.244263
6116.984836	6521.244873
6116.986789	6521.246826
6116.987277	6521.247314
6116.990451	6521.250488
6116.991061	6521.251099
6116.995822	6521.255859
6116.998751	6521.258789
6116.999118	6521.259155
6116.999484	6521.259521
6117.000826	6521.260864
6117.001071	6521.261108
6117.002535	6521.262573
6117.005221	6521.265259
6117.005709	6521.265747
6117.006075	6521.266113
6117.008883	6521.268921
6117.009737	6521.269775
6117.012545	6521.272583
6117.012789	6521.272827
6117.013277	6521.273315
6117.01462	6521.274658
6117.019503	6521.279541
6117.021211	6521.28125
6117.022432	6521.282471
6117.027071	6521.287109
6117.030122	6521.290161
6117.033784	6521.293823
6117.034639	6521.294678
6117.037934	6521.297974
6117.039888	6521.299927
6117.042451	6521.30249
6117.043427	6521.303467
6117.045869	6521.305908
6117.048676	6521.308716
6117.064667	6521.324707
6117.065033	6521.325073
6117.065888	6521.325928
6117.066864	6521.326904
6117.069061	6521.329102
6117.07138	6521.331421
6117.088836	6521.348877
6117.091765	6521.351807
6117.095794	6521.355835
6117.098357	6521.358398
6117.098601	6521.358643
6117.101897	6521.361938
6117.104094	6521.364136
6117.104216	6521.364258
6117.105559	6521.365601
6117.106169	6521.366211
6117.11508	6521.375122
6117.117399	6521.377441
6117.117765	6521.377808
6117.119352	6521.379395
