#ttrig = 90918480.3784
# time 	 unbarycentered time 
12915.79478	13320.433716
12915.805888	13320.444824
12915.815409	13320.454346
12915.824075	13320.463013
12915.825052	13320.463989
12915.843239	13320.482178
12915.859961	13320.498901
12915.878393	13320.517334
12915.883642	13320.522583
12915.887182	13320.526123
12915.88889	13320.527832
12915.899632	13320.538574
12915.907078	13320.546021
12915.915866	13320.55481
12915.917697	13320.556641
12915.921481	13320.560425
12915.922824	13320.561768
12915.934176	13320.57312
12915.946504	13320.585449
12915.957856	13320.596802
12915.965424	13320.60437
12915.977752	13320.616699
12915.978729	13320.617676
12915.978973	13320.61792
12915.980682	13320.619629
12915.981292	13320.620239
12915.981902	13320.62085
12915.982269	13320.621216
12915.982635	13320.621582
12915.982757	13320.621704
12915.982757	13320.621704
12915.985198	13320.624146
12915.985442	13320.62439
12915.987761	13320.626709
12915.990691	13320.629639
12915.990691	13320.629639
12915.991911	13320.630859
12915.993376	13320.632324
12915.994963	13320.633911
12915.996184	13320.635132
12915.996428	13320.635376
12916.001799	13320.640747
12916.002653	13320.641602
12916.003263	13320.642212
12916.00363	13320.642578
12916.00363	13320.642578
12916.004118	13320.643066
12916.004484	13320.643433
12916.005338	13320.644287
12916.006437	13320.645386
12916.00778	13320.646729
12916.008146	13320.647095
12916.008634	13320.647583
12916.008634	13320.647583
12916.010587	13320.649536
12916.014981	13320.653931
12916.015103	13320.654053
12916.01547	13320.654419
12916.01547	13320.654419
12916.015592	13320.654541
12916.01608	13320.655029
12916.016812	13320.655762
12916.017056	13320.656006
12916.017301	13320.65625
12916.017789	13320.656738
12916.018521	13320.657471
12916.018887	13320.657837
12916.01962	13320.658569
12916.019864	13320.658813
12916.021451	13320.6604
12916.022183	13320.661133
12916.022183	13320.661133
12916.022305	13320.661255
12916.022305	13320.661255
12916.023404	13320.662354
12916.024746	13320.663696
12916.025601	13320.664551
12916.025967	13320.664917
12916.025967	13320.664917
12916.027676	13320.666626
12916.029507	13320.668457
12916.030117	13320.669067
12916.030605	13320.669556
12916.030727	13320.669678
12916.031582	13320.670532
12916.031826	13320.670776
12916.032925	13320.671875
12916.032925	13320.671875
12916.034145	13320.673096
12916.034267	13320.673218
12916.034267	13320.673218
12916.034878	13320.673828
12916.035122	13320.674072
12916.035488	13320.674438
12916.035732	13320.674683
12916.036587	13320.675537
12916.036831	13320.675781
12916.037075	13320.676025
12916.037685	13320.676636
12916.038906	13320.677856
12916.039028	13320.677979
12916.040493	13320.679443
12916.040615	13320.679565
12916.046596	13320.685547
12916.047084	13320.686035
12916.050502	13320.689453
12916.050746	13320.689697
12916.051722	13320.690674
12916.051844	13320.690796
12916.052211	13320.691162
12916.054164	13320.693115
12916.055262	13320.694214
12916.056849	13320.695801
12916.056849	13320.695801
12916.059901	13320.698853
12916.060145	13320.699097
12916.061487	13320.700439
12916.061976	13320.700928
12916.062708	13320.70166
12916.062952	13320.701904
12916.063807	13320.702759
12916.063929	13320.702881
12916.064295	13320.703247
12916.064539	13320.703491
12916.066248	13320.7052
12916.06637	13320.705322
12916.068689	13320.707642
12916.069177	13320.70813
12916.071374	13320.710327
12916.073327	13320.71228
12916.073694	13320.712646
12916.074304	13320.713257
12916.075403	13320.714355
12916.075525	13320.714478
12916.075891	13320.714844
12916.076135	13320.715088
12916.076623	13320.715576
12916.078332	13320.717285
12916.080773	13320.719727
12916.080773	13320.719727
12916.083092	13320.722046
12916.084557	13320.723511
12916.084557	13320.723511
12916.084923	13320.723877
12916.084923	13320.723877
12916.084923	13320.723877
12916.085412	13320.724365
12916.086388	13320.725342
12916.086632	13320.725586
12916.087365	13320.726318
12916.087853	13320.726807
12916.088341	13320.727295
12916.089074	13320.728027
12916.089318	13320.728271
12916.089684	13320.728638
12916.089806	13320.72876
12916.090294	13320.729248
12916.091149	13320.730103
12916.092003	13320.730957
12916.094933	13320.733887
12916.095177	13320.734131
12916.095543	13320.734497
12916.095665	13320.734619
12916.096153	13320.735107
12916.096397	13320.735352
12916.097008	13320.735962
12916.101524	13320.740479
12916.103111	13320.742065
12916.103721	13320.742676
12916.104087	13320.743042
12916.104453	13320.743408
12916.10543	13320.744385
12916.105796	13320.744751
12916.106895	13320.74585
12916.107139	13320.746094
12916.107383	13320.746338
12916.107993	13320.746948
12916.108482	13320.747437
12916.109092	13320.748047
12916.109092	13320.748047
12916.109946	13320.748901
12916.11019	13320.749146
12916.111289	13320.750244
12916.111655	13320.75061
12916.115683	13320.754639
12916.116904	13320.755859
12916.116904	13320.755859
12916.118125	13320.75708
12916.118979	13320.757935
12916.119955	13320.758911
12916.121298	13320.760254
12916.12142	13320.760376
12916.122275	13320.76123
12916.122641	13320.761597
12916.124228	13320.763184
12916.12435	13320.763306
12916.124838	13320.763794
12916.125082	13320.764038
12916.125448	13320.764404
12916.125448	13320.764404
12916.126181	13320.765137
12916.126303	13320.765259
12916.126425	13320.765381
12916.127279	13320.766235
12916.127279	13320.766235
12916.128866	13320.767822
12916.129354	13320.768311
12916.130331	13320.769287
12916.130453	13320.769409
12916.132772	13320.771729
12916.133016	13320.771973
12916.133749	13320.772705
12916.133871	13320.772827
12916.134847	13320.773804
12916.136312	13320.775269
12916.138631	13320.777588
12916.140218	13320.779175
12916.14864	13320.787598
12916.149983	13320.78894
12916.156452	13320.79541
12916.157185	13320.796143
12916.158894	13320.797852
12916.160358	13320.799316
12916.160847	13320.799805
12916.16341	13320.802368
12916.163654	13320.802612
12916.167804	13320.806763
12916.169391	13320.80835
12916.169757	13320.808716
12916.171222	13320.810181
12916.172931	13320.81189
12916.177813	13320.816772
12916.180865	13320.819824
12916.181597	13320.820557
12916.183794	13320.822754
12916.184283	13320.823242
12916.196245	13320.835205
12916.198198	13320.837158
12916.203202	13320.842163
12916.204423	13320.843384
12916.204911	13320.843872
12916.205033	13320.843994
12916.208207	13320.847168
12916.208695	13320.847656
12916.21016	13320.849121
12916.211503	13320.850464
12916.213578	13320.852539
12916.214066	13320.853027
12916.219071	13320.858032
12916.219925	13320.858887
12916.220291	13320.859253
12916.220413	13320.859375
12916.222366	13320.861328
12916.228469	13320.867432
12916.229568	13320.86853
12916.231521	13320.870483
12916.231887	13320.87085
12916.23738	13320.876343
12916.239333	13320.878296
12916.241408	13320.880371
12916.241896	13320.880859
12916.242385	13320.881348
12916.244093	13320.883057
12916.245558	13320.884521
12916.246657	13320.88562
12916.256544	13320.895508
12916.258497	13320.897461
12916.281323	13320.920288
12916.285595	13320.924561
12916.295726	13320.934692
12916.308421	13320.947388
12916.313181	13320.952148
12916.314035	13320.953003
12916.317087	13320.956055
12916.319162	13320.95813
12916.319528	13320.958496
12916.324899	13320.963867
12916.332955	13320.971924
12916.337105	13320.976074
12916.348213	13320.987183
12916.355293	13320.994263
12916.356635	13320.995605
12916.361152	13321.000122
12916.370795	13321.009766
12916.376166	13321.015137
12916.378119	13321.01709
12916.379339	13321.018311
12916.380682	13321.019653
12916.382635	13321.021606
12916.384832	13321.023804
12916.386175	13321.025146
12916.414859	13321.053833
12916.434145	13321.07312
12916.448427	13321.087402
12916.455262	13321.094238
12916.455262	13321.094238
12916.459901	13321.098877
12916.461732	13321.100708
12916.462708	13321.101685
12916.468811	13321.107788
12916.4693	13321.108276
12916.472595	13321.111572
12916.484435	13321.123413
12916.488097	13321.127075
12916.489928	13321.128906
12916.492858	13321.131836
12916.500059	13321.139038
12916.502134	13321.141113
12916.518857	13321.157837
12916.523984	13321.162964
12916.535336	13321.174316
12916.536434	13321.175415
12916.542293	13321.181274
12916.551326	13321.190308
12916.551814	13321.190796
12916.55218	13321.191162
12916.565485	13321.204468
12916.570856	13321.209839
12916.576349	13321.215332
12916.598564	13321.237549
12916.599541	13321.238525
12916.603202	13321.242188
12916.612601	13321.251587
12916.612601	13321.251587
12916.615165	13321.25415
12916.619925	13321.258911
12916.623831	13321.262817
12916.628836	13321.267822
12916.632376	13321.271362
12916.640188	13321.279175
12916.641896	13321.280884
12916.649831	13321.288818
12916.658741	13321.297729
12916.661182	13321.300171
12916.661549	13321.300537
12916.665577	13321.304565
12916.672412	13321.311401
12916.67583	13321.314819
12916.679858	13321.318848
12916.686694	13321.325684
12916.69243	13321.331421
12916.703904	13321.342896
12916.710618	13321.349609
12916.713914	13321.352905
12916.726364	13321.365356
12916.73088	13321.369873
12916.735519	13321.374512
12916.736617	13321.37561
12916.739425	13321.378418
12916.739913	13321.378906
12916.740767	13321.379761
12916.747115	13321.386108
12916.747847	13321.386841
12916.749922	13321.388916
12916.750899	13321.389893
12916.753462	13321.392456
12916.755537	13321.394531
12916.76933	13321.408325
12916.778363	13321.417358
12916.790813	13321.42981
12916.792034	13321.43103
12916.792278	13321.431274
12916.795207	13321.434204
12916.805827	13321.444824
12916.806437	13321.445435
12916.807902	13321.446899
12916.810954	13321.449951
12916.81486	13321.453857
12916.81608	13321.455078
12916.82023	13321.459229
12916.821207	13321.460205
12916.828653	13321.467651
12916.83085	13321.469849
12916.833291	13321.47229
12916.835122	13321.474121
12916.835488	13321.474487
12916.848305	13321.487305
12916.862708	13321.501709
12916.868567	13321.507568
12916.870642	13321.509644
12916.871497	13321.510498
12916.876868	13321.515869
12916.878576	13321.517578
12916.884924	13321.523926
12916.892492	13321.531494
12916.895177	13321.53418
12916.903843	13321.542847
12916.906895	13321.545898
12916.921787	13321.560791
12916.923129	13321.562134
12916.924106	13321.56311
12916.928866	13321.567871
12916.929843	13321.568848
12916.936678	13321.575684
12916.938753	13321.577759
12916.940218	13321.579224
12916.940218	13321.579224
12916.946199	13321.585205
12916.954622	13321.593628
12916.959504	13321.598511
12916.976471	13321.615479
12916.977081	13321.616089
12916.981842	13321.62085
12916.988311	13321.627319
12916.990386	13321.629395
12916.997588	13321.636597
12916.99832	13321.637329
12917.002958	13321.641968
12917.011137	13321.650146
12917.017972	13321.656982
12917.022611	13321.661621
12917.031033	13321.670044
12917.031765	13321.670776
12917.032254	13321.671265
12917.035793	13321.674805
12917.036526	13321.675537
12917.038601	13321.677612
12917.038967	13321.677979
12917.040432	13321.679443
12917.042995	13321.682007
12917.043483	13321.682495
12917.043605	13321.682617
12917.044094	13321.683105
12917.04446	13321.683472
12917.044948	13321.68396
12917.046657	13321.685669
12917.047023	13321.686035
12917.048488	13321.6875
12917.048976	13321.687988
12917.049098	13321.68811
12917.049098	13321.68811
12917.04922	13321.688232
12917.049831	13321.688843
12917.049953	13321.688965
12917.050685	13321.689697
12917.050929	13321.689941
12917.051295	13321.690308
12917.051417	13321.69043
12917.053615	13321.692627
12917.053859	13321.692871
12917.054713	13321.693726
12917.054957	13321.69397
12917.057154	13321.696167
12917.057521	13321.696533
12917.057887	13321.696899
12917.057887	13321.696899
12917.058131	13321.697144
12917.058375	13321.697388
12917.059474	13321.698486
12917.059718	13321.69873
12917.059718	13321.69873
12917.059962	13321.698975
12917.06045	13321.699463
12917.06045	13321.699463
12917.060694	13321.699707
12917.061183	13321.700195
12917.062525	13321.701538
12917.062525	13321.701538
12917.062525	13321.701538
12917.063013	13321.702026
12917.063136	13321.702148
12917.063258	13321.702271
12917.06399	13321.703003
12917.065089	13321.704102
12917.065211	13321.704224
12917.066065	13321.705078
12917.066309	13321.705322
12917.067042	13321.706055
12917.069361	13321.708374
12917.070337	13321.709351
12917.070581	13321.709595
12917.070581	13321.709595
12917.071192	13321.710205
12917.072534	13321.711548
12917.073023	13321.712036
12917.073389	13321.712402
12917.073755	13321.712769
12917.073877	13321.712891
12917.074243	13321.713257
12917.074976	13321.713989
12917.075342	13321.714355
12917.079492	13321.718506
12917.081445	13321.720459
12917.082544	13321.721558
12917.085839	13321.724854
12917.087548	13321.726563
12917.08767	13321.726685
12917.0906	13321.729614
12917.090722	13321.729736
12917.091332	13321.730347
12917.093773	13321.732788
12917.097923	13321.736938
12917.098168	13321.737183
12917.098534	13321.737549
12917.098656	13321.737671
12917.0989	13321.737915
12917.099144	13321.738159
12917.099999	13321.739014
12917.100487	13321.739502
12917.102562	13321.741577
12917.102806	13321.741821
12917.103172	13321.742188
12917.103538	13321.742554
12917.104149	13321.743164
12917.104637	13321.743652
12917.104759	13321.743774
12917.104881	13321.743896
12917.105003	13321.744019
12917.105247	13321.744263
12917.105491	13321.744507
12917.105735	13321.744751
12917.105858	13321.744873
12917.106102	13321.745117
12917.106224	13321.745239
12917.106224	13321.745239
12917.106346	13321.745361
12917.106346	13321.745361
12917.106468	13321.745483
12917.106712	13321.745728
12917.106834	13321.74585
12917.107078	13321.746094
12917.107444	13321.74646
12917.107566	13321.746582
12917.107811	13321.746826
12917.107933	13321.746948
12917.107933	13321.746948
12917.108421	13321.747437
12917.108543	13321.747559
12917.108543	13321.747559
12917.108543	13321.747559
12917.108543	13321.747559
12917.108665	13321.747681
12917.108787	13321.747803
12917.108909	13321.747925
12917.109153	13321.748169
12917.109153	13321.748169
12917.109153	13321.748169
12917.109275	13321.748291
12917.109275	13321.748291
12917.109397	13321.748413
12917.109519	13321.748535
12917.109519	13321.748535
12917.109641	13321.748657
12917.109641	13321.748657
12917.109764	13321.748779
12917.109764	13321.748779
12917.109764	13321.748779
12917.109764	13321.748779
12917.109886	13321.748901
12917.110008	13321.749023
12917.110008	13321.749023
12917.110008	13321.749023
12917.110008	13321.749023
12917.110252	13321.749268
12917.110252	13321.749268
12917.110252	13321.749268
12917.110496	13321.749512
12917.110618	13321.749634
12917.110862	13321.749878
12917.110984	13321.75
12917.110984	13321.75
12917.111106	13321.750122
12917.111106	13321.750122
12917.11135	13321.750366
12917.111472	13321.750488
12917.111839	13321.750854
12917.111961	13321.750977
12917.111961	13321.750977
12917.112205	13321.751221
12917.112205	13321.751221
12917.112205	13321.751221
12917.112693	13321.751709
12917.112693	13321.751709
12917.112815	13321.751831
12917.113181	13321.752197
12917.113181	13321.752197
12917.113792	13321.752808
12917.114768	13321.753784
12917.115378	13321.754395
12917.116477	13321.755493
12917.116599	13321.755615
12917.117454	13321.75647
12917.117698	13321.756714
12917.118186	13321.757202
12917.118186	13321.757202
12917.118674	13321.75769
12917.118796	13321.757813
12917.118918	13321.757935
12917.11904	13321.758057
12917.119284	13321.758301
12917.119895	13321.758911
12917.120017	13321.759033
12917.120261	13321.759277
12917.121115	13321.760132
12917.121237	13321.760254
12917.12197	13321.760986
12917.122092	13321.761108
12917.122336	13321.761353
12917.122336	13321.761353
12917.122458	13321.761475
12917.122458	13321.761475
12917.122946	13321.761963
12917.122946	13321.761963
12917.122946	13321.761963
12917.123068	13321.762085
12917.12319	13321.762207
12917.123313	13321.762329
12917.123435	13321.762451
12917.123435	13321.762451
12917.123923	13321.762939
12917.123923	13321.762939
12917.124045	13321.763062
12917.124045	13321.763062
12917.124289	13321.763306
12917.124289	13321.763306
12917.124533	13321.76355
12917.124533	13321.76355
12917.124655	13321.763672
12917.124899	13321.763916
12917.125021	13321.764038
12917.125143	13321.76416
12917.125388	13321.764404
12917.125388	13321.764404
12917.125632	13321.764648
12917.125632	13321.764648
12917.125876	13321.764893
12917.125876	13321.764893
12917.125998	13321.765015
12917.12612	13321.765137
12917.12612	13321.765137
12917.12612	13321.765137
12917.12612	13321.765137
12917.12612	13321.765137
12917.126242	13321.765259
12917.126242	13321.765259
12917.126242	13321.765259
12917.126364	13321.765381
12917.126364	13321.765381
12917.126364	13321.765381
12917.126364	13321.765381
12917.126608	13321.765625
12917.126608	13321.765625
12917.12673	13321.765747
12917.126852	13321.765869
12917.126974	13321.765991
12917.126974	13321.765991
12917.126974	13321.765991
12917.126974	13321.765991
12917.126974	13321.765991
12917.127096	13321.766113
12917.127096	13321.766113
12917.127096	13321.766113
12917.127219	13321.766235
12917.127219	13321.766235
12917.127219	13321.766235
12917.127219	13321.766235
12917.127341	13321.766357
12917.127341	13321.766357
12917.127341	13321.766357
12917.127463	13321.766479
12917.127463	13321.766479
12917.127585	13321.766602
12917.127707	13321.766724
12917.127829	13321.766846
12917.127829	13321.766846
12917.127829	13321.766846
12917.127829	13321.766846
12917.127829	13321.766846
12917.127951	13321.766968
12917.127951	13321.766968
12917.127951	13321.766968
12917.127951	13321.766968
12917.128073	13321.76709
12917.128195	13321.767212
12917.128195	13321.767212
12917.128317	13321.767334
12917.128561	13321.767578
12917.128561	13321.767578
12917.128561	13321.767578
12917.128683	13321.7677
12917.128805	13321.767822
12917.128805	13321.767822
12917.128927	13321.767944
12917.128927	13321.767944
12917.129049	13321.768066
12917.129049	13321.768066
12917.129049	13321.768066
12917.129172	13321.768188
12917.129416	13321.768433
12917.129538	13321.768555
12917.129538	13321.768555
12917.129538	13321.768555
12917.129538	13321.768555
12917.129538	13321.768555
12917.129538	13321.768555
12917.129904	13321.768921
12917.129904	13321.768921
12917.129904	13321.768921
12917.130026	13321.769043
12917.130148	13321.769165
12917.13027	13321.769287
12917.130392	13321.769409
12917.130392	13321.769409
12917.130514	13321.769531
12917.130514	13321.769531
12917.130514	13321.769531
12917.130636	13321.769653
12917.130636	13321.769653
12917.130636	13321.769653
12917.13088	13321.769897
12917.131247	13321.770264
12917.131247	13321.770264
12917.131369	13321.770386
12917.131491	13321.770508
12917.131491	13321.770508
12917.131491	13321.770508
12917.131613	13321.77063
12917.131613	13321.77063
12917.131613	13321.77063
12917.131857	13321.770874
12917.131857	13321.770874
12917.131979	13321.770996
12917.132101	13321.771118
12917.132223	13321.77124
12917.132223	13321.77124
12917.132345	13321.771362
12917.132345	13321.771362
12917.132467	13321.771484
12917.132467	13321.771484
12917.132467	13321.771484
12917.132589	13321.771606
12917.132589	13321.771606
12917.132589	13321.771606
12917.132711	13321.771729
12917.132711	13321.771729
12917.132711	13321.771729
12917.132711	13321.771729
12917.132711	13321.771729
12917.132711	13321.771729
12917.132833	13321.771851
12917.132833	13321.771851
12917.132833	13321.771851
12917.133078	13321.772095
12917.133078	13321.772095
12917.133078	13321.772095
12917.133078	13321.772095
12917.133078	13321.772095
12917.1332	13321.772217
12917.1332	13321.772217
12917.1332	13321.772217
12917.1332	13321.772217
12917.133322	13321.772339
12917.133444	13321.772461
12917.133444	13321.772461
12917.133444	13321.772461
12917.133444	13321.772461
12917.133566	13321.772583
12917.133566	13321.772583
12917.133566	13321.772583
12917.13381	13321.772827
12917.13381	13321.772827
12917.13381	13321.772827
12917.13381	13321.772827
12917.13381	13321.772827
12917.133932	13321.772949
12917.133932	13321.772949
12917.133932	13321.772949
12917.134054	13321.773071
12917.134054	13321.773071
12917.134054	13321.773071
12917.134054	13321.773071
12917.134054	13321.773071
12917.134176	13321.773193
12917.134176	13321.773193
12917.134176	13321.773193
12917.13442	13321.773438
12917.134542	13321.77356
12917.134542	13321.77356
12917.134542	13321.77356
12917.134664	13321.773682
12917.134664	13321.773682
12917.134664	13321.773682
12917.134664	13321.773682
12917.134664	13321.773682
12917.134664	13321.773682
12917.134664	13321.773682
12917.134664	13321.773682
12917.134786	13321.773804
12917.134786	13321.773804
12917.134786	13321.773804
12917.134786	13321.773804
12917.134786	13321.773804
12917.134909	13321.773926
12917.135031	13321.774048
12917.135031	13321.774048
12917.135031	13321.774048
12917.135153	13321.77417
12917.135275	13321.774292
12917.135275	13321.774292
12917.135275	13321.774292
12917.135275	13321.774292
12917.135275	13321.774292
12917.135397	13321.774414
12917.135397	13321.774414
12917.135519	13321.774536
12917.135519	13321.774536
12917.135519	13321.774536
12917.135641	13321.774658
12917.135641	13321.774658
12917.135763	13321.77478
12917.135763	13321.77478
12917.135885	13321.774902
12917.135885	13321.774902
12917.135885	13321.774902
12917.136007	13321.775024
12917.136007	13321.775024
12917.136007	13321.775024
12917.136007	13321.775024
12917.136129	13321.775146
12917.136129	13321.775146
12917.136251	13321.775269
12917.136373	13321.775391
12917.136373	13321.775391
12917.136373	13321.775391
12917.136617	13321.775635
12917.136617	13321.775635
12917.136617	13321.775635
12917.136617	13321.775635
12917.136739	13321.775757
12917.136739	13321.775757
12917.136739	13321.775757
12917.136739	13321.775757
12917.136739	13321.775757
12917.136862	13321.775879
12917.136862	13321.775879
12917.136862	13321.775879
12917.136984	13321.776001
12917.137106	13321.776123
12917.137106	13321.776123
12917.137228	13321.776245
12917.137228	13321.776245
12917.137228	13321.776245
12917.137228	13321.776245
12917.13735	13321.776367
12917.13735	13321.776367
12917.137472	13321.776489
12917.137472	13321.776489
12917.137472	13321.776489
12917.137594	13321.776611
12917.137838	13321.776855
12917.137838	13321.776855
12917.137838	13321.776855
12917.137838	13321.776855
12917.13796	13321.776978
12917.13796	13321.776978
12917.13796	13321.776978
12917.13796	13321.776978
12917.138082	13321.7771
12917.138082	13321.7771
12917.138082	13321.7771
12917.138326	13321.777344
12917.138326	13321.777344
12917.138448	13321.777466
12917.13857	13321.777588
12917.13857	13321.777588
12917.138692	13321.77771
12917.138815	13321.777832
12917.138937	13321.777954
12917.138937	13321.777954
12917.139059	13321.778076
12917.139181	13321.778198
12917.139181	13321.778198
12917.139303	13321.77832
12917.139791	13321.778809
12917.139791	13321.778809
12917.139791	13321.778809
12917.139791	13321.778809
12917.139913	13321.778931
12917.140035	13321.779053
12917.140157	13321.779175
12917.140279	13321.779297
12917.140401	13321.779419
12917.14089	13321.779907
12917.141012	13321.780029
12917.141134	13321.780151
12917.141134	13321.780151
12917.1415	13321.780518
12917.141622	13321.78064
12917.141866	13321.780884
12917.141988	13321.781006
12917.142232	13321.78125
12917.142354	13321.781372
12917.142354	13321.781372
12917.142354	13321.781372
12917.142354	13321.781372
12917.142598	13321.781616
12917.142721	13321.781738
12917.142843	13321.78186
12917.142843	13321.78186
12917.142965	13321.781982
12917.142965	13321.781982
12917.142965	13321.781982
12917.143087	13321.782104
12917.143087	13321.782104
12917.143209	13321.782227
12917.143453	13321.782471
12917.143453	13321.782471
12917.143575	13321.782593
12917.143575	13321.782593
12917.143575	13321.782593
12917.143697	13321.782715
12917.143697	13321.782715
12917.143819	13321.782837
12917.143941	13321.782959
12917.143941	13321.782959
12917.144063	13321.783081
12917.144063	13321.783081
12917.144185	13321.783203
12917.144429	13321.783447
12917.144551	13321.783569
12917.144551	13321.783569
12917.144796	13321.783813
12917.144918	13321.783936
12917.144918	13321.783936
12917.144918	13321.783936
12917.144918	13321.783936
12917.144918	13321.783936
12917.144918	13321.783936
12917.144918	13321.783936
12917.14504	13321.784058
12917.145162	13321.78418
12917.145162	13321.78418
12917.145162	13321.78418
12917.145284	13321.784302
12917.145406	13321.784424
12917.14565	13321.784668
12917.145894	13321.784912
12917.145894	13321.784912
12917.146016	13321.785034
12917.14626	13321.785278
12917.14626	13321.785278
12917.146382	13321.7854
12917.146504	13321.785522
12917.146504	13321.785522
12917.146627	13321.785645
12917.146627	13321.785645
12917.146871	13321.785889
12917.146871	13321.785889
12917.146993	13321.786011
12917.146993	13321.786011
12917.147115	13321.786133
12917.147115	13321.786133
12917.147115	13321.786133
12917.147237	13321.786255
12917.147237	13321.786255
12917.147237	13321.786255
12917.147237	13321.786255
12917.147359	13321.786377
12917.147359	13321.786377
12917.147359	13321.786377
12917.147359	13321.786377
12917.147481	13321.786499
12917.147481	13321.786499
12917.147603	13321.786621
12917.147603	13321.786621
12917.147725	13321.786743
12917.147725	13321.786743
12917.147847	13321.786865
12917.147847	13321.786865
12917.147847	13321.786865
12917.147969	13321.786987
12917.147969	13321.786987
12917.148091	13321.787109
12917.148091	13321.787109
12917.148091	13321.787109
12917.148213	13321.787231
12917.148213	13321.787231
12917.148335	13321.787354
12917.148457	13321.787476
12917.148457	13321.787476
12917.148457	13321.787476
12917.148457	13321.787476
12917.14858	13321.787598
12917.14858	13321.787598
12917.14858	13321.787598
12917.148702	13321.78772
12917.149068	13321.788086
12917.14919	13321.788208
12917.14919	13321.788208
12917.149312	13321.78833
12917.149434	13321.788452
12917.149556	13321.788574
12917.149556	13321.788574
12917.149678	13321.788696
12917.1498	13321.788818
12917.149922	13321.78894
12917.150288	13321.789307
12917.150288	13321.789307
12917.15041	13321.789429
12917.150533	13321.789551
12917.150655	13321.789673
12917.150777	13321.789795
12917.150899	13321.789917
12917.150899	13321.789917
12917.151021	13321.790039
12917.151387	13321.790405
12917.151509	13321.790527
12917.151509	13321.790527
12917.151509	13321.790527
12917.151631	13321.790649
12917.151875	13321.790894
12917.151875	13321.790894
12917.151997	13321.791016
12917.152119	13321.791138
12917.152119	13321.791138
12917.152241	13321.79126
12917.152241	13321.79126
12917.152241	13321.79126
12917.152364	13321.791382
12917.152364	13321.791382
12917.152486	13321.791504
12917.152608	13321.791626
12917.15273	13321.791748
12917.15273	13321.791748
12917.152974	13321.791992
12917.152974	13321.791992
12917.152974	13321.791992
12917.152974	13321.791992
12917.15334	13321.792358
12917.15334	13321.792358
12917.153462	13321.79248
12917.153584	13321.792603
12917.153584	13321.792603
12917.153584	13321.792603
12917.153706	13321.792725
12917.153706	13321.792725
12917.153706	13321.792725
12917.153828	13321.792847
12917.153828	13321.792847
12917.15395	13321.792969
12917.154072	13321.793091
12917.154194	13321.793213
12917.154194	13321.793213
12917.154194	13321.793213
12917.154194	13321.793213
12917.154317	13321.793335
12917.154683	13321.793701
12917.154683	13321.793701
12917.155293	13321.794312
12917.155293	13321.794312
12917.155415	13321.794434
12917.155537	13321.794556
12917.155781	13321.7948
12917.155781	13321.7948
12917.156147	13321.795166
12917.15627	13321.795288
12917.156392	13321.79541
12917.156636	13321.795654
12917.15688	13321.795898
12917.15688	13321.795898
12917.157124	13321.796143
12917.157246	13321.796265
12917.15749	13321.796509
12917.157612	13321.796631
12917.157612	13321.796631
12917.158223	13321.797241
12917.158711	13321.797729
12917.158833	13321.797852
12917.158955	13321.797974
12917.159443	13321.798462
12917.159443	13321.798462
12917.159443	13321.798462
12917.159565	13321.798584
12917.159687	13321.798706
12917.159809	13321.798828
12917.160053	13321.799072
12917.160176	13321.799194
12917.160176	13321.799194
12917.160542	13321.799561
12917.16103	13321.800049
12917.161152	13321.800171
12917.161152	13321.800171
12917.161152	13321.800171
12917.161518	13321.800537
12917.161762	13321.800781
12917.161762	13321.800781
12917.162129	13321.801147
12917.162373	13321.801392
12917.162617	13321.801636
12917.162983	13321.802002
12917.163105	13321.802124
12917.163105	13321.802124
12917.163105	13321.802124
12917.163227	13321.802246
12917.163959	13321.802979
12917.163959	13321.802979
12917.164204	13321.803223
12917.164326	13321.803345
12917.164326	13321.803345
12917.164814	13321.803833
12917.164814	13321.803833
12917.16518	13321.804199
12917.165302	13321.804321
12917.165424	13321.804443
12917.165912	13321.804932
12917.165912	13321.804932
12917.165912	13321.804932
12917.166157	13321.805176
12917.166157	13321.805176
12917.166401	13321.80542
12917.166523	13321.805542
12917.166767	13321.805786
12917.167255	13321.806274
12917.167865	13321.806885
12917.167988	13321.807007
12917.168232	13321.807251
12917.168476	13321.807495
12917.168842	13321.807861
12917.169086	13321.808105
12917.169574	13321.808594
12917.169696	13321.808716
12917.169696	13321.808716
12917.169818	13321.808838
12917.170429	13321.809448
12917.170795	13321.809814
12917.171039	13321.810059
12917.171527	13321.810547
12917.17226	13321.811279
12917.172626	13321.811646
12917.17287	13321.81189
12917.172992	13321.812012
12917.174579	13321.813599
12917.174945	13321.813965
12917.175433	13321.814453
12917.175678	13321.814697
12917.1758	13321.814819
12917.175922	13321.814941
12917.176166	13321.815186
12917.176654	13321.815674
12917.176898	13321.815918
12917.177142	13321.816162
12917.177631	13321.81665
12917.177631	13321.81665
12917.177753	13321.816772
12917.177875	13321.816895
12917.178363	13321.817383
12917.178363	13321.817383
12917.178485	13321.817505
12917.178607	13321.817627
12917.178973	13321.817993
12917.179217	13321.818237
12917.179217	13321.818237
12917.179339	13321.818359
12917.179461	13321.818481
12917.179828	13321.818848
12917.179828	13321.818848
12917.17995	13321.81897
12917.180072	13321.819092
12917.180194	13321.819214
12917.18056	13321.81958
12917.180926	13321.819946
12917.181537	13321.820557
12917.181659	13321.820679
12917.181781	13321.820801
12917.181781	13321.820801
12917.181903	13321.820923
12917.182025	13321.821045
12917.182269	13321.821289
12917.182879	13321.821899
12917.182879	13321.821899
12917.183001	13321.822021
12917.183245	13321.822266
12917.183245	13321.822266
12917.18349	13321.82251
12917.184344	13321.823364
12917.184466	13321.823486
12917.184954	13321.823975
12917.185687	13321.824707
12917.185687	13321.824707
12917.185687	13321.824707
12917.185809	13321.824829
12917.186175	13321.825195
12917.186297	13321.825317
12917.186541	13321.825562
12917.186907	13321.825928
12917.187518	13321.826538
12917.187518	13321.826538
12917.187762	13321.826782
12917.187884	13321.826904
12917.188128	13321.827148
12917.188128	13321.827148
12917.18825	13321.827271
12917.188372	13321.827393
12917.188616	13321.827637
12917.188738	13321.827759
12917.189226	13321.828247
12917.189226	13321.828247
12917.189226	13321.828247
12917.189837	13321.828857
12917.189837	13321.828857
12917.190203	13321.829224
12917.190325	13321.829346
12917.190569	13321.82959
12917.190691	13321.829712
12917.190691	13321.829712
12917.190813	13321.829834
12917.190935	13321.829956
12917.191179	13321.8302
12917.191302	13321.830322
12917.191424	13321.830444
12917.191546	13321.830566
12917.191668	13321.830688
12917.191912	13321.830933
12917.192034	13321.831055
12917.192156	13321.831177
12917.192888	13321.831909
12917.19301	13321.832031
12917.193743	13321.832764
12917.19533	13321.834351
12917.195574	13321.834595
12917.195574	13321.834595
12917.19594	13321.834961
12917.19594	13321.834961
12917.196184	13321.835205
12917.19655	13321.835571
12917.197283	13321.836304
12917.197771	13321.836792
12917.197893	13321.836914
12917.198259	13321.83728
12917.198381	13321.837402
12917.199602	13321.838623
12917.199724	13321.838745
12917.200212	13321.839233
12917.200212	13321.839233
12917.200334	13321.839355
12917.200822	13321.839844
12917.200822	13321.839844
12917.201189	13321.84021
12917.201677	13321.840698
12917.202775	13321.841797
12917.20302	13321.842041
12917.203142	13321.842163
12917.203386	13321.842407
12917.204118	13321.84314
12917.204484	13321.843506
12917.205461	13321.844482
12917.205461	13321.844482
12917.205583	13321.844604
12917.206559	13321.845581
12917.206926	13321.845947
12917.207048	13321.846069
12917.207536	13321.846558
12917.208146	13321.847168
12917.208879	13321.8479
12917.209367	13321.848389
12917.209489	13321.848511
12917.209489	13321.848511
12917.209733	13321.848755
12917.210099	13321.849121
12917.210221	13321.849243
12917.210587	13321.849609
12917.211076	13321.850098
12917.212174	13321.851196
12917.212174	13321.851196
12917.212174	13321.851196
12917.212663	13321.851685
12917.213761	13321.852783
12917.213883	13321.852905
12917.214005	13321.853027
12917.214738	13321.85376
12917.214738	13321.85376
12917.214982	13321.854004
12917.215592	13321.854614
12917.215592	13321.854614
12917.216202	13321.855225
12917.216813	13321.855835
12917.216935	13321.855957
12917.217789	13321.856812
12917.219376	13321.858398
12917.222672	13321.861694
12917.222794	13321.861816
12917.223038	13321.862061
12917.223282	13321.862305
12917.226212	13321.865234
12917.227432	13321.866455
12917.228042	13321.867065
12917.228531	13321.867554
12917.229263	13321.868286
12917.229873	13321.868896
12917.23024	13321.869263
12917.230484	13321.869507
12917.230728	13321.869751
12917.231582	13321.870605
12917.231582	13321.870605
12917.231704	13321.870728
12917.232559	13321.871582
12917.232803	13321.871826
12917.233169	13321.872192
12917.233413	13321.872437
12917.239883	13321.878906
12917.240127	13321.87915
12917.241714	13321.880737
12917.244399	13321.883423
12917.245864	13321.884888
12917.245986	13321.88501
12917.246718	13321.885742
12917.24684	13321.885864
12917.24684	13321.885864
12917.250014	13321.889038
12917.252211	13321.891235
12917.253798	13321.892822
12917.25392	13321.892944
12917.255385	13321.894409
12917.258558	13321.897583
12917.259535	13321.89856
12917.260145	13321.89917
12917.261732	13321.900757
12917.26222	13321.901245
12917.265638	13321.904663
12917.271741	13321.910767
12917.2776	13321.916626
12917.27821	13321.917236
12917.281994	13321.921021
12917.29005	13321.929077
12917.291271	13321.930298
12917.294567	13321.933594
12917.297862	13321.93689
12917.298351	13321.937378
12917.30006	13321.939087
12917.302989	13321.942017
12917.30421	13321.943237
12917.30482	13321.943848
12917.307261	13321.946289
12917.3119	13321.950928
12917.312388	13321.951416
12917.312876	13321.951904
12917.317637	13321.956665
12917.325083	13321.964111
12917.326303	13321.965332
12917.32728	13321.966309
12917.327402	13321.966431
12917.328012	13321.967041
12917.330331	13321.96936
12917.331674	13321.970703
12917.332284	13321.971313
12917.332528	13321.971558
12917.33497	13321.973999
12917.339364	13321.978394
12917.339486	13321.978516
12917.340829	13321.979858
12917.346321	13321.985352
12917.348641	13321.987671
12917.35572	13321.994751
12917.356209	13321.995239
12917.361701	13322.000732
12917.362068	13322.001099
12917.369025	13322.008057
12917.37403	13322.013062
12917.379767	13322.018799
12917.382574	13322.021606
12917.383184	13322.022217
12917.389654	13322.028687
12917.392339	13322.031372
12917.39417	13322.033203
12917.396733	13322.035767
12917.401494	13322.040527
12917.405888	13322.044922
12917.413334	13322.052368
12917.414188	13322.053223
12917.419193	13322.058228
12917.426151	13322.065186
12917.434329	13322.073364
12917.436038	13322.075073
12917.447634	13322.08667
12917.44861	13322.087646
12917.457521	13322.096558
12917.470948	13322.109985
12917.47107	13322.110107
12917.4823	13322.121338
12917.484497	13322.123535
12917.487426	13322.126465
12917.489379	13322.128418
