#ttrig = 89837420.3784
# time 	 unbarycentered time 
4555.14859	4887.054131
4555.151612	4887.057153
4555.151707	4887.057248
4555.152881	4887.058422
4555.15346	4887.059001
4555.153533	4887.059074
4555.153718	4887.059259
4555.153758	4887.059299
4555.154369	4887.059911
4555.154864	4887.060406
4555.155601	4887.061143
4555.155604	4887.061146
4555.155744	4887.061286
4555.155899	4887.06144
4555.155969	4887.06151
4555.156034	4887.061576
4555.156168	4887.061709
4555.156179	4887.061721
4555.156425	4887.061967
4555.156428	4887.06197
4555.156435	4887.061976
4555.156512	4887.062054
4555.156754	4887.062296
4555.156831	4887.062372
4555.156928	4887.062469
4555.157102	4887.062644
4555.157174	4887.062716
4555.157186	4887.062728
4555.157199	4887.06274
4555.157239	4887.06278
4555.15727	4887.062812
4555.157327	4887.062869
4555.157336	4887.062878
4555.157407	4887.062948
4555.157413	4887.062955
4555.157597	4887.063139
4555.157606	4887.063148
4555.157611	4887.063152
4555.157704	4887.063246
4555.157713	4887.063254
4555.157722	4887.063264
4555.157732	4887.063273
4555.157732	4887.063273
4555.157746	4887.063288
4555.157792	4887.063334
4555.157803	4887.063345
4555.15785	4887.063392
4555.157858	4887.063399
4555.15788	4887.063421
4555.15795	4887.063492
4555.158034	4887.063576
4555.158082	4887.063623
4555.158086	4887.063627
4555.158127	4887.063668
4555.158133	4887.063675
4555.158135	4887.063677
4555.158176	4887.063718
4555.158188	4887.063729
4555.158276	4887.063818
4555.158281	4887.063823
4555.158297	4887.063839
4555.158312	4887.063853
4555.158335	4887.063877
4555.158338	4887.06388
4555.15835	4887.063891
4555.158419	4887.063961
4555.158453	4887.063994
4555.158501	4887.064043
4555.158519	4887.064061
4555.158554	4887.064096
4555.158561	4887.064103
4555.158562	4887.064104
4555.158585	4887.064127
4555.158617	4887.064158
4555.158636	4887.064178
4555.158641	4887.064182
4555.158651	4887.064193
4555.15867	4887.064212
4555.158682	4887.064223
4555.158706	4887.064248
4555.158723	4887.064265
4555.158765	4887.064307
4555.158829	4887.064371
4555.158866	4887.064407
4555.158908	4887.064449
4555.158935	4887.064477
4555.158952	4887.064494
4555.158956	4887.064498
4555.158984	4887.064526
4555.159009	4887.06455
4555.159041	4887.064583
4555.159078	4887.06462
4555.159078	4887.06462
4555.159092	4887.064633
4555.1591	4887.064642
4555.159104	4887.064646
4555.159133	4887.064674
4555.159136	4887.064678
4555.159151	4887.064693
4555.15918	4887.064722
4555.159206	4887.064748
4555.15921	4887.064752
4555.159254	4887.064796
4555.159319	4887.06486
4555.159343	4887.064885
4555.15936	4887.064901
4555.159405	4887.064947
4555.15944	4887.064981
4555.159488	4887.06503
4555.159502	4887.065043
4555.159516	4887.065058
4555.159516	4887.065058
4555.159526	4887.065068
4555.159539	4887.065081
4555.159548	4887.06509
4555.159555	4887.065097
4555.159578	4887.06512
4555.159587	4887.065129
4555.159607	4887.065148
4555.159611	4887.065153
4555.159624	4887.065166
4555.159626	4887.065167
4555.159635	4887.065177
4555.159656	4887.065198
4555.159657	4887.065199
4555.159708	4887.065249
4555.159732	4887.065274
4555.159743	4887.065285
4555.159752	4887.065294
4555.159782	4887.065324
4555.159838	4887.06538
4555.159861	4887.065403
4555.159881	4887.065423
4555.1599	4887.065442
4555.159903	4887.065445
4555.159911	4887.065453
4555.159915	4887.065456
4555.159943	4887.065485
4555.159985	4887.065527
4555.159987	4887.065529
4555.15999	4887.065532
4555.159991	4887.065533
4555.160018	4887.065559
4555.160073	4887.065615
4555.160085	4887.065627
4555.16009	4887.065632
4555.160098	4887.06564
4555.16011	4887.065652
4555.16011	4887.065652
4555.160138	4887.06568
4555.160149	4887.065691
4555.160151	4887.065693
4555.160151	4887.065693
4555.160171	4887.065713
4555.160173	4887.065715
4555.160202	4887.065743
4555.160206	4887.065748
4555.160207	4887.065749
4555.160215	4887.065757
4555.160239	4887.065781
4555.160244	4887.065785
4555.16025	4887.065792
4555.160251	4887.065793
4555.160286	4887.065827
4555.160288	4887.06583
4555.160311	4887.065853
4555.160325	4887.065866
4555.160326	4887.065867
4555.160344	4887.065886
4555.16036	4887.065902
4555.160363	4887.065905
4555.160369	4887.065911
4555.160376	4887.065918
4555.160406	4887.065948
4555.160428	4887.065969
4555.160449	4887.06599
4555.160479	4887.066021
4555.160483	4887.066025
4555.160508	4887.06605
4555.160537	4887.066079
4555.160553	4887.066094
4555.160556	4887.066098
4555.160577	4887.066119
4555.160577	4887.066119
4555.160637	4887.066179
4555.160644	4887.066186
4555.160653	4887.066195
4555.160674	4887.066216
4555.16068	4887.066222
4555.160715	4887.066257
4555.160718	4887.06626
4555.160723	4887.066265
4555.160738	4887.06628
4555.160739	4887.066281
4555.16075	4887.066292
4555.160764	4887.066306
4555.16077	4887.066312
4555.160789	4887.066331
4555.160797	4887.066339
4555.160803	4887.066345
4555.160808	4887.06635
4555.160819	4887.06636
4555.160819	4887.06636
4555.160822	4887.066364
4555.160837	4887.066379
4555.160847	4887.066389
4555.160865	4887.066407
4555.160873	4887.066415
4555.160902	4887.066444
4555.160903	4887.066445
4555.160922	4887.066463
4555.160925	4887.066467
4555.160925	4887.066467
4555.160934	4887.066476
4555.160942	4887.066484
4555.160946	4887.066488
4555.160954	4887.066496
4555.160962	4887.066504
4555.160984	4887.066525
4555.160995	4887.066537
4555.161021	4887.066563
4555.161022	4887.066564
4555.161045	4887.066587
4555.161054	4887.066596
4555.161068	4887.06661
4555.161097	4887.066639
4555.161111	4887.066653
4555.161124	4887.066666
4555.161127	4887.066669
4555.161162	4887.066704
4555.161182	4887.066724
4555.161185	4887.066727
4555.161198	4887.06674
4555.161212	4887.066754
4555.161222	4887.066764
4555.161238	4887.06678
4555.161241	4887.066783
4555.161255	4887.066797
4555.161264	4887.066806
4555.161284	4887.066826
4555.161286	4887.066828
4555.161293	4887.066835
4555.161304	4887.066846
4555.161338	4887.06688
4555.161353	4887.066895
4555.161375	4887.066917
4555.161388	4887.06693
4555.161396	4887.066938
4555.161422	4887.066964
4555.161436	4887.066978
4555.161457	4887.066999
4555.161461	4887.067003
4555.161465	4887.067007
4555.161473	4887.067015
4555.161473	4887.067015
4555.161476	4887.067018
4555.161512	4887.067054
4555.161514	4887.067056
4555.161521	4887.067063
4555.161527	4887.067069
4555.161533	4887.067075
4555.161535	4887.067077
4555.161545	4887.067087
4555.161555	4887.067097
4555.161556	4887.067098
4555.161565	4887.067107
4555.161585	4887.067127
4555.161586	4887.067128
4555.161607	4887.067149
4555.161616	4887.067158
4555.161631	4887.067173
4555.161634	4887.067176
4555.16164	4887.067182
4555.161645	4887.067187
4555.161653	4887.067195
4555.161657	4887.067199
4555.161677	4887.067219
4555.161683	4887.067225
4555.161684	4887.067226
4555.161689	4887.067231
4555.161704	4887.067246
4555.16171	4887.067252
4555.161713	4887.067255
4555.161724	4887.067266
4555.161745	4887.067287
4555.161747	4887.067289
4555.161783	4887.067325
4555.161793	4887.067335
4555.161828	4887.06737
4555.161832	4887.067374
4555.161838	4887.06738
4555.161844	4887.067386
4555.161855	4887.067397
4555.161861	4887.067403
4555.161892	4887.067434
4555.161902	4887.067444
4555.161912	4887.067454
4555.161918	4887.06746
4555.16193	4887.067472
4555.161933	4887.067475
4555.161953	4887.067495
4555.161967	4887.067509
4555.161999	4887.067541
4555.162009	4887.067551
4555.162013	4887.067555
4555.162033	4887.067575
4555.162048	4887.06759
4555.162053	4887.067595
4555.162093	4887.067635
4555.162115	4887.067657
4555.162143	4887.067685
4555.162146	4887.067688
4555.162178	4887.06772
4555.162188	4887.06773
4555.162211	4887.067753
4555.162214	4887.067756
4555.162235	4887.067777
4555.162238	4887.06778
4555.162242	4887.067784
4555.162246	4887.067788
4555.162247	4887.067789
4555.162257	4887.067799
4555.162259	4887.067801
4555.162278	4887.06782
4555.162287	4887.067829
4555.16229	4887.067832
4555.162295	4887.067837
4555.1623	4887.067842
4555.162327	4887.067869
4555.162333	4887.067875
4555.162337	4887.067879
4555.162353	4887.067895
4555.162382	4887.067925
4555.162384	4887.067926
4555.162399	4887.067941
4555.162412	4887.067954
4555.162415	4887.067957
4555.162416	4887.067958
4555.16242	4887.067962
4555.162437	4887.067979
4555.162457	4887.067999
4555.162464	4887.068007
4555.162475	4887.068017
4555.162495	4887.068037
4555.162495	4887.068037
4555.162506	4887.068048
4555.162516	4887.068058
4555.16255	4887.068092
4555.162567	4887.068109
4555.162583	4887.068125
4555.1626	4887.068142
4555.162604	4887.068146
4555.162608	4887.068151
4555.162634	4887.068176
4555.162643	4887.068185
4555.162647	4887.068189
4555.162654	4887.068196
4555.162655	4887.068197
4555.16269	4887.068233
4555.162692	4887.068234
4555.162705	4887.068247
4555.162719	4887.068261
4555.162719	4887.068261
4555.162733	4887.068275
4555.162749	4887.068291
4555.16275	4887.068292
4555.162758	4887.0683
4555.16276	4887.068302
4555.162785	4887.068327
4555.162793	4887.068335
4555.162816	4887.068358
4555.162834	4887.068376
4555.162836	4887.068378
4555.162847	4887.068389
4555.162859	4887.068401
4555.162861	4887.068403
4555.162875	4887.068418
4555.162882	4887.068424
4555.162892	4887.068434
4555.162896	4887.068439
4555.162901	4887.068443
4555.162914	4887.068456
4555.162932	4887.068474
4555.162933	4887.068475
4555.162954	4887.068496
4555.162966	4887.068508
4555.162976	4887.068518
4555.162993	4887.068535
4555.163012	4887.068554
4555.163026	4887.068568
4555.16304	4887.068582
4555.163041	4887.068583
4555.163049	4887.068591
4555.163062	4887.068604
4555.163075	4887.068617
4555.163077	4887.068619
4555.163083	4887.068625
4555.16309	4887.068632
4555.163098	4887.06864
4555.163117	4887.068659
4555.163131	4887.068673
4555.163133	4887.068675
4555.163133	4887.068675
4555.163141	4887.068683
4555.163142	4887.068684
4555.163149	4887.068691
4555.163153	4887.068695
4555.163162	4887.068704
4555.163183	4887.068725
4555.16319	4887.068732
4555.163205	4887.068748
4555.163205	4887.068748
4555.16324	4887.068782
4555.16324	4887.068782
4555.163245	4887.068787
4555.163249	4887.068791
4555.16325	4887.068792
4555.163279	4887.068821
4555.163299	4887.068841
4555.163302	4887.068844
4555.163314	4887.068856
4555.16333	4887.068872
4555.163352	4887.068894
4555.163353	4887.068895
4555.163355	4887.068897
4555.163375	4887.068917
4555.163379	4887.068921
4555.163387	4887.068929
4555.163389	4887.068931
4555.163403	4887.068945
4555.163416	4887.068958
4555.16343	4887.068972
4555.163437	4887.068979
4555.163452	4887.068995
4555.163453	4887.068995
4555.163469	4887.069011
4555.163471	4887.069013
4555.163488	4887.06903
4555.16349	4887.069032
4555.163515	4887.069057
4555.163517	4887.069059
4555.163527	4887.069069
4555.163528	4887.06907
4555.163531	4887.069073
4555.163534	4887.069077
4555.163541	4887.069083
4555.163543	4887.069085
4555.163565	4887.069107
4555.163575	4887.069118
4555.163595	4887.069137
4555.163614	4887.069156
4555.16362	4887.069162
4555.163626	4887.069168
4555.163646	4887.069188
4555.163651	4887.069193
4555.163669	4887.069211
4555.163673	4887.069215
4555.163678	4887.069221
4555.163684	4887.069226
4555.163686	4887.069228
4555.163688	4887.06923
4555.16371	4887.069252
4555.163723	4887.069265
4555.163729	4887.069271
4555.163731	4887.069273
4555.163751	4887.069293
4555.16376	4887.069303
4555.163764	4887.069306
4555.163764	4887.069306
4555.163798	4887.06934
4555.163805	4887.069347
4555.163811	4887.069353
4555.163821	4887.069363
4555.163838	4887.06938
4555.163854	4887.069396
4555.163854	4887.069396
4555.163865	4887.069407
4555.163884	4887.069427
4555.163894	4887.069436
4555.163903	4887.069446
4555.163908	4887.06945
4555.16391	4887.069452
4555.16392	4887.069462
4555.163942	4887.069484
4555.163944	4887.069487
4555.163952	4887.069494
4555.163958	4887.0695
4555.163963	4887.069505
4555.163964	4887.069506
4555.163977	4887.069519
4555.163986	4887.069529
4555.163988	4887.06953
4555.164	4887.069542
4555.164018	4887.06956
4555.164032	4887.069574
4555.164042	4887.069584
4555.16405	4887.069592
4555.16405	4887.069592
4555.164052	4887.069594
4555.164051	4887.069593
4555.164061	4887.069603
4555.164088	4887.06963
4555.164096	4887.069638
4555.1641	4887.069642
4555.164109	4887.069652
4555.164114	4887.069656
4555.16415	4887.069693
4555.164176	4887.069718
4555.164178	4887.06972
4555.164187	4887.069729
4555.164191	4887.069733
4555.164195	4887.069737
4555.164205	4887.069747
4555.164214	4887.069757
4555.164218	4887.06976
4555.16422	4887.069762
4555.164222	4887.069764
4555.164225	4887.069767
4555.164231	4887.069773
4555.164235	4887.069777
4555.164238	4887.06978
4555.164252	4887.069794
4555.164272	4887.069814
4555.164294	4887.069836
4555.164301	4887.069843
4555.164306	4887.069848
4555.164306	4887.069848
4555.164331	4887.069873
4555.164333	4887.069875
4555.164335	4887.069878
4555.164342	4887.069884
4555.164349	4887.069891
4555.164351	4887.069893
4555.16438	4887.069922
4555.164409	4887.069951
4555.164411	4887.069953
4555.164424	4887.069966
4555.164435	4887.069977
4555.164438	4887.069981
4555.16444	4887.069983
4555.164443	4887.069985
4555.164445	4887.069987
4555.164466	4887.070008
4555.164474	4887.070016
4555.164475	4887.070017
4555.164474	4887.070016
4555.164479	4887.070021
4555.164488	4887.07003
4555.164492	4887.070034
4555.164496	4887.070038
4555.164501	4887.070044
4555.164515	4887.070057
4555.164519	4887.070061
4555.164522	4887.070065
4555.164527	4887.070069
4555.164527	4887.070069
4555.164548	4887.07009
4555.164561	4887.070104
4555.164566	4887.070108
4555.164572	4887.070114
4555.164581	4887.070123
4555.164587	4887.070129
4555.164589	4887.070131
4555.164606	4887.070148
4555.164607	4887.070149
4555.164621	4887.070163
4555.164624	4887.070167
4555.164624	4887.070167
4555.164636	4887.070178
4555.16465	4887.070192
4555.164657	4887.070199
4555.164668	4887.07021
4555.164674	4887.070216
4555.164682	4887.070224
4555.164692	4887.070234
4555.164697	4887.070239
4555.164702	4887.070244
4555.164703	4887.070245
4555.164707	4887.07025
4555.164719	4887.070261
4555.164721	4887.070263
4555.164747	4887.07029
4555.164752	4887.070294
4555.164758	4887.0703
4555.164763	4887.070305
4555.16477	4887.070313
4555.164782	4887.070324
4555.164783	4887.070325
4555.164793	4887.070335
4555.164799	4887.070341
4555.164802	4887.070344
4555.164808	4887.070351
4555.164812	4887.070354
4555.16482	4887.070362
4555.164835	4887.070377
4555.16484	4887.070382
4555.164841	4887.070383
4555.164842	4887.070384
4555.164846	4887.070388
4555.164851	4887.070394
4555.164852	4887.070395
4555.164879	4887.070421
4555.164893	4887.070436
4555.164896	4887.070438
4555.164909	4887.070451
4555.164919	4887.070461
4555.164939	4887.070481
4555.16494	4887.070482
4555.164949	4887.070491
4555.164971	4887.070513
4555.16498	4887.070522
4555.164984	4887.070526
4555.165	4887.070542
4555.165005	4887.070547
4555.165005	4887.070547
4555.165028	4887.07057
4555.165032	4887.070574
4555.165032	4887.070574
4555.165062	4887.070604
4555.165065	4887.070607
4555.165076	4887.070619
4555.165093	4887.070635
4555.165096	4887.070639
4555.165118	4887.070661
4555.165127	4887.070669
4555.165138	4887.070681
4555.165143	4887.070685
4555.165149	4887.070691
4555.165152	4887.070694
4555.165156	4887.070698
4555.165158	4887.070701
4555.165164	4887.070706
4555.165165	4887.070707
4555.165184	4887.070726
4555.165191	4887.070733
4555.165207	4887.070749
4555.165216	4887.070758
4555.16523	4887.070772
4555.16523	4887.070772
4555.165241	4887.070784
4555.165241	4887.070784
4555.165254	4887.070796
4555.165256	4887.070798
4555.165263	4887.070806
4555.165277	4887.070819
4555.165287	4887.070829
4555.165288	4887.07083
4555.165299	4887.070841
4555.165303	4887.070846
4555.165306	4887.070848
4555.165314	4887.070856
4555.165332	4887.070874
4555.165336	4887.070878
4555.165343	4887.070886
4555.165344	4887.070887
4555.165347	4887.070889
4555.165352	4887.070894
4555.165369	4887.070911
4555.165372	4887.070914
4555.165372	4887.070914
4555.165386	4887.070929
4555.165386	4887.070929
4555.165389	4887.070931
4555.165396	4887.070938
4555.165398	4887.07094
4555.165407	4887.07095
4555.165411	4887.070953
4555.165415	4887.070957
4555.165424	4887.070967
4555.165429	4887.070971
4555.165434	4887.070976
4555.165434	4887.070976
4555.165439	4887.070981
4555.165446	4887.070989
4555.165446	4887.070989
4555.165449	4887.070992
4555.165456	4887.070998
4555.165457	4887.070999
4555.165465	4887.071008
4555.165468	4887.071011
4555.165472	4887.071014
4555.165473	4887.071015
4555.165491	4887.071033
4555.165498	4887.07104
4555.165508	4887.071051
4555.165515	4887.071057
4555.165521	4887.071063
4555.165533	4887.071075
4555.165563	4887.071105
4555.165567	4887.071109
4555.165571	4887.071114
4555.165573	4887.071116
4555.165577	4887.071119
4555.165583	4887.071125
4555.165588	4887.07113
4555.165589	4887.071131
4555.165598	4887.07114
4555.165619	4887.071161
4555.16562	4887.071162
4555.16562	4887.071162
4555.165632	4887.071175
4555.165635	4887.071177
4555.165672	4887.071215
4555.165675	4887.071218
4555.165687	4887.071229
4555.165688	4887.07123
4555.165694	4887.071237
4555.165698	4887.07124
4555.165704	4887.071246
4555.16572	4887.071262
4555.165742	4887.071284
4555.165745	4887.071287
4555.165746	4887.071288
4555.165753	4887.071295
4555.165755	4887.071298
4555.165769	4887.071311
4555.165774	4887.071317
4555.165774	4887.071317
4555.16578	4887.071322
4555.165795	4887.071338
4555.165797	4887.07134
4555.165806	4887.071348
4555.165809	4887.071351
4555.165834	4887.071376
4555.165843	4887.071385
4555.165859	4887.071402
4555.165862	4887.071404
4555.165864	4887.071406
4555.165873	4887.071415
4555.165877	4887.07142
4555.165881	4887.071424
4555.165883	4887.071425
4555.16591	4887.071452
4555.165912	4887.071454
4555.165915	4887.071457
4555.165935	4887.071477
4555.165946	4887.071488
4555.165947	4887.071489
4555.165954	4887.071496
4555.165962	4887.071505
4555.165976	4887.071518
4555.165984	4887.071527
4555.165997	4887.071539
4555.166015	4887.071557
4555.166033	4887.071575
4555.166055	4887.071597
4555.166065	4887.071608
4555.166078	4887.07162
4555.166079	4887.071621
4555.166081	4887.071623
4555.166095	4887.071637
4555.166102	4887.071644
4555.166132	4887.071674
4555.166144	4887.071687
4555.166172	4887.071714
4555.166179	4887.071721
4555.166195	4887.071737
4555.1662	4887.071742
4555.166213	4887.071755
4555.166216	4887.071758
4555.166221	4887.071763
4555.166224	4887.071766
4555.166228	4887.071771
4555.166233	4887.071775
4555.166241	4887.071783
4555.166241	4887.071783
4555.166247	4887.07179
4555.166259	4887.071801
4555.166269	4887.071812
4555.166279	4887.071821
4555.166281	4887.071823
4555.166311	4887.071854
4555.166318	4887.07186
4555.16632	4887.071862
4555.166335	4887.071877
4555.166355	4887.071898
4555.166363	4887.071905
4555.166364	4887.071906
4555.166372	4887.071915
4555.166396	4887.071939
4555.166399	4887.071941
4555.166413	4887.071956
4555.166415	4887.071958
4555.166419	4887.071961
4555.166427	4887.071969
4555.166433	4887.071976
4555.166447	4887.071989
4555.16645	4887.071992
4555.166452	4887.071994
4555.166472	4887.072014
4555.166473	4887.072015
4555.166481	4887.072023
4555.166508	4887.07205
4555.166509	4887.072051
4555.166515	4887.072058
4555.166519	4887.072062
4555.166548	4887.07209
4555.166549	4887.072091
4555.166561	4887.072104
4555.166569	4887.072111
4555.166572	4887.072114
4555.166585	4887.072127
4555.166592	4887.072134
4555.1666	4887.072143
4555.166604	4887.072146
4555.166615	4887.072157
4555.16662	4887.072163
4555.166625	4887.072167
4555.166634	4887.072176
4555.166636	4887.072178
4555.166647	4887.072189
4555.166648	4887.07219
4555.166655	4887.072197
4555.166657	4887.0722
4555.166672	4887.072214
4555.166684	4887.072227
4555.166702	4887.072245
4555.166705	4887.072248
4555.166717	4887.072259
4555.166719	4887.072261
4555.166727	4887.072269
4555.166727	4887.072269
4555.166738	4887.07228
4555.166747	4887.072289
4555.166757	4887.072299
4555.166767	4887.07231
4555.16677	4887.072312
4555.166781	4887.072323
4555.166782	4887.072325
4555.166791	4887.072333
4555.166795	4887.072337
4555.166796	4887.072338
4555.166801	4887.072343
4555.166801	4887.072344
4555.16681	4887.072352
4555.166816	4887.072358
4555.16682	4887.072362
4555.166824	4887.072367
4555.166835	4887.072377
4555.166835	4887.072377
4555.166841	4887.072383
4555.166843	4887.072386
4555.166844	4887.072387
4555.16688	4887.072422
4555.166886	4887.072429
4555.166889	4887.072432
4555.166895	4887.072437
4555.166898	4887.07244
4555.166904	4887.072447
4555.16691	4887.072453
4555.166916	4887.072458
4555.16692	4887.072462
4555.166921	4887.072463
4555.166925	4887.072468
4555.166925	4887.072468
4555.166935	4887.072477
4555.166953	4887.072495
4555.166962	4887.072504
4555.166966	4887.072509
4555.166978	4887.07252
4555.166987	4887.07253
4555.166991	4887.072534
4555.166996	4887.072538
4555.166998	4887.07254
4555.167012	4887.072555
4555.167027	4887.07257
4555.167032	4887.072575
4555.167033	4887.072576
4555.167034	4887.072577
4555.167044	4887.072586
4555.167046	4887.072588
4555.167047	4887.072589
4555.16705	4887.072593
4555.167055	4887.072598
4555.167058	4887.0726
4555.167069	4887.072612
4555.167076	4887.072618
4555.167077	4887.072619
4555.167076	4887.072618
4555.167088	4887.07263
4555.167101	4887.072643
4555.167103	4887.072645
4555.16711	4887.072653
4555.167124	4887.072666
4555.16713	4887.072673
4555.167131	4887.072674
4555.167133	4887.072676
4555.167143	4887.072685
4555.167153	4887.072696
4555.167159	4887.072701
4555.167166	4887.072708
4555.167167	4887.072709
4555.167175	4887.072718
4555.167179	4887.072721
4555.167191	4887.072733
4555.167191	4887.072733
4555.167199	4887.072742
4555.1672	4887.072742
4555.167201	4887.072743
4555.167212	4887.072754
4555.167233	4887.072776
4555.167239	4887.072782
4555.167239	4887.072782
4555.167243	4887.072785
4555.167252	4887.072794
4555.167268	4887.07281
4555.167269	4887.072811
4555.167278	4887.072821
4555.167279	4887.072822
4555.167287	4887.072829
4555.167291	4887.072833
4555.167291	4887.072833
4555.167293	4887.072835
4555.167306	4887.072848
4555.167314	4887.072856
4555.167337	4887.07288
4555.167347	4887.072889
4555.167351	4887.072893
4555.167362	4887.072905
4555.167364	4887.072907
4555.167371	4887.072913
4555.167373	4887.072915
4555.16739	4887.072932
4555.167416	4887.072958
4555.167426	4887.072968
4555.16745	4887.072992
4555.167452	4887.072994
4555.167455	4887.072997
4555.16747	4887.073012
4555.167484	4887.073027
4555.167485	4887.073028
4555.167501	4887.073044
4555.167515	4887.073057
4555.167516	4887.073058
4555.167525	4887.073068
4555.167539	4887.073081
4555.167544	4887.073087
4555.167556	4887.073098
4555.167561	4887.073103
4555.167584	4887.073127
4555.167585	4887.073128
4555.167595	4887.073137
4555.167602	4887.073144
4555.167603	4887.073146
4555.167608	4887.073151
4555.167611	4887.073154
4555.167614	4887.073156
4555.167619	4887.073161
4555.167623	4887.073165
4555.167627	4887.07317
4555.167639	4887.073181
4555.16764	4887.073182
4555.167649	4887.073192
4555.167658	4887.0732
4555.167664	4887.073206
4555.167689	4887.073232
4555.167706	4887.073249
4555.167712	4887.073255
4555.167713	4887.073256
4555.167716	4887.073258
4555.167722	4887.073264
4555.167741	4887.073283
4555.167752	4887.073295
4555.167762	4887.073304
4555.167776	4887.073318
4555.167797	4887.073339
4555.167799	4887.073341
4555.167829	4887.073371
4555.167833	4887.073376
4555.167843	4887.073385
4555.16785	4887.073393
4555.167855	4887.073398
4555.167855	4887.073398
4555.16786	4887.073402
4555.167882	4887.073424
4555.167891	4887.073434
4555.167895	4887.073438
4555.167906	4887.073448
4555.16791	4887.073452
4555.167924	4887.073466
4555.167937	4887.07348
4555.167955	4887.073498
4555.167963	4887.073505
4555.167986	4887.073528
4555.167988	4887.07353
4555.167995	4887.073538
4555.168026	4887.073568
4555.168036	4887.073579
4555.168044	4887.073586
4555.168056	4887.073599
4555.168063	4887.073606
4555.168068	4887.07361
4555.168083	4887.073626
4555.168086	4887.073628
4555.168088	4887.07363
4555.168092	4887.073634
4555.168096	4887.073639
4555.168098	4887.073641
4555.168102	4887.073645
4555.16811	4887.073652
4555.168137	4887.073679
4555.168144	4887.073687
4555.168155	4887.073697
4555.168155	4887.073697
4555.168176	4887.073718
4555.16819	4887.073732
4555.1682	4887.073743
4555.168209	4887.073751
4555.168211	4887.073753
4555.168226	4887.073769
4555.168226	4887.073769
4555.168231	4887.073773
4555.168236	4887.073778
4555.168237	4887.073779
4555.16824	4887.073782
4555.168243	4887.073786
4555.168252	4887.073794
4555.168257	4887.073799
4555.16826	4887.073802
4555.168266	4887.073809
4555.168282	4887.073825
4555.168293	4887.073835
4555.168294	4887.073836
4555.1683	4887.073842
4555.168319	4887.073861
4555.168334	4887.073876
4555.168335	4887.073877
4555.168351	4887.073894
4555.168355	4887.073897
4555.168356	4887.073898
4555.168359	4887.073901
4555.168363	4887.073906
4555.168368	4887.073911
4555.168378	4887.07392
4555.168389	4887.073932
4555.16839	4887.073933
4555.168389	4887.073932
4555.168425	4887.073968
4555.168427	4887.07397
4555.168472	4887.074015
4555.168476	4887.074018
4555.168477	4887.074019
4555.16848	4887.074022
4555.168488	4887.074031
4555.168488	4887.074031
4555.168488	4887.074031
4555.168496	4887.074039
4555.168498	4887.07404
4555.16852	4887.074062
4555.168521	4887.074063
4555.168521	4887.074063
4555.168531	4887.074074
4555.168539	4887.074081
4555.168549	4887.074092
4555.168552	4887.074095
4555.168555	4887.074098
4555.168556	4887.074099
4555.168568	4887.07411
4555.168581	4887.074123
4555.168587	4887.074129
4555.168588	4887.07413
4555.168596	4887.074139
4555.168599	4887.074142
4555.16861	4887.074152
4555.168612	4887.074155
4555.16862	4887.074162
4555.168624	4887.074166
4555.168641	4887.074183
4555.168659	4887.074202
4555.168662	4887.074204
4555.168681	4887.074224
4555.168692	4887.074234
4555.1687	4887.074243
4555.1687	4887.074243
4555.168706	4887.074248
4555.168713	4887.074255
4555.168725	4887.074267
4555.168728	4887.07427
4555.168736	4887.074279
4555.168747	4887.074289
4555.168774	4887.074316
4555.168775	4887.074318
4555.168791	4887.074333
4555.168795	4887.074337
4555.168808	4887.07435
4555.16881	4887.074352
4555.168817	4887.07436
4555.168831	4887.074373
4555.168835	4887.074377
4555.168836	4887.074379
4555.168844	4887.074387
4555.168845	4887.074388
4555.168845	4887.074388
4555.168857	4887.074399
4555.168864	4887.074407
4555.168872	4887.074414
4555.168878	4887.074421
4555.168881	4887.074424
4555.168889	4887.074431
4555.168894	4887.074436
4555.1689	4887.074443
4555.168918	4887.074461
4555.168923	4887.074466
4555.168962	4887.074505
4555.168964	4887.074507
4555.168968	4887.074511
4555.168974	4887.074516
4555.168976	4887.074518
4555.168982	4887.074525
4555.168991	4887.074533
4555.168995	4887.074537
4555.169	4887.074543
4555.169023	4887.074566
4555.169036	4887.074578
4555.169039	4887.074581
4555.169042	4887.074585
4555.169057	4887.074599
4555.169079	4887.074621
4555.169085	4887.074628
4555.169087	4887.07463
4555.169107	4887.07465
4555.16911	4887.074653
4555.169115	4887.074657
4555.169132	4887.074675
4555.169137	4887.074679
4555.169138	4887.07468
4555.169145	4887.074688
4555.169149	4887.074692
4555.169154	4887.074697
4555.16916	4887.074702
4555.16916	4887.074702
4555.169164	4887.074706
4555.169179	4887.074721
4555.169198	4887.07474
4555.169201	4887.074743
4555.169278	4887.074821
4555.169285	4887.074827
4555.169298	4887.074841
4555.169303	4887.074845
4555.169305	4887.074847
4555.169316	4887.074859
4555.169324	4887.074866
4555.169325	4887.074867
4555.16935	4887.074893
4555.169353	4887.074896
4555.169368	4887.07491
4555.16937	4887.074912
4555.169377	4887.07492
4555.169379	4887.074922
4555.16938	4887.074923
4555.1694	4887.074943
4555.169403	4887.074945
4555.169405	4887.074947
4555.169408	4887.07495
4555.169429	4887.074971
4555.169434	4887.074977
4555.169438	4887.074981
4555.169459	4887.075002
4555.16946	4887.075003
4555.169469	4887.075011
4555.169471	4887.075013
4555.169487	4887.075029
4555.169487	4887.075029
4555.169491	4887.075033
4555.169503	4887.075046
4555.169506	4887.075048
4555.169517	4887.07506
4555.169521	4887.075064
4555.169521	4887.075064
4555.169539	4887.075082
4555.169544	4887.075087
4555.169545	4887.075088
4555.169556	4887.075098
4555.169575	4887.075117
4555.169575	4887.075117
4555.16958	4887.075123
4555.169582	4887.075125
4555.169596	4887.075138
4555.169603	4887.075146
4555.169605	4887.075148
4555.169613	4887.075155
4555.169626	4887.075169
4555.169631	4887.075173
4555.169649	4887.075192
4555.169662	4887.075205
4555.169672	4887.075214
4555.169674	4887.075216
4555.169676	4887.075218
4555.169687	4887.07523
4555.169694	4887.075236
4555.169696	4887.075238
4555.169706	4887.075249
4555.169707	4887.07525
4555.169726	4887.075269
4555.169741	4887.075284
4555.169745	4887.075288
4555.16975	4887.075293
4555.169757	4887.075299
4555.169759	4887.075301
4555.169777	4887.075319
4555.16978	4887.075322
4555.169783	4887.075326
4555.169784	4887.075327
4555.169801	4887.075343
4555.169803	4887.075346
4555.169804	4887.075347
4555.169818	4887.07536
4555.169829	4887.075372
4555.169841	4887.075383
4555.169855	4887.075397
4555.169856	4887.075398
4555.169858	4887.0754
4555.169862	4887.075404
4555.169899	4887.075441
4555.169924	4887.075466
4555.169947	4887.07549
4555.169967	4887.075509
4555.169985	4887.075527
4555.169987	4887.07553
4555.169997	4887.07554
4555.169999	4887.075542
4555.169999	4887.075542
4555.170008	4887.075551
4555.170018	4887.075561
4555.170026	4887.075568
4555.170027	4887.075569
4555.170032	4887.075575
4555.170033	4887.075576
4555.17004	4887.075583
4555.170049	4887.075592
4555.170068	4887.07561
4555.170076	4887.075619
4555.170078	4887.075621
4555.170082	4887.075624
4555.170083	4887.075625
4555.170094	4887.075637
4555.170105	4887.075647
4555.170115	4887.075658
4555.170116	4887.075659
4555.170128	4887.07567
4555.170137	4887.07568
4555.170142	4887.075685
4555.170153	4887.075696
4555.17016	4887.075703
4555.170176	4887.075719
4555.170177	4887.07572
4555.17019	4887.075732
4555.170194	4887.075737
4555.170203	4887.075746
4555.170207	4887.075749
4555.170209	4887.075751
4555.170214	4887.075757
4555.170227	4887.075769
4555.170232	4887.075774
4555.170237	4887.07578
4555.170238	4887.075781
4555.170239	4887.075782
4555.17025	4887.075792
4555.170264	4887.075807
4555.17028	4887.075823
4555.170289	4887.075831
4555.170304	4887.075847
4555.170311	4887.075853
4555.170316	4887.075858
4555.170319	4887.075862
4555.170325	4887.075868
4555.170339	4887.075882
4555.170359	4887.075902
4555.170368	4887.075911
4555.170369	4887.075912
4555.170371	4887.075913
4555.170372	4887.075914
4555.170381	4887.075924
4555.170387	4887.07593
4555.170387	4887.07593
4555.170398	4887.07594
4555.170414	4887.075956
4555.170419	4887.075961
4555.170447	4887.07599
4555.170451	4887.075994
4555.170475	4887.076017
4555.170495	4887.076037
4555.170498	4887.07604
4555.170507	4887.07605
4555.170513	4887.076056
4555.170524	4887.076067
4555.170527	4887.07607
4555.170537	4887.076079
4555.170549	4887.076092
4555.170554	4887.076097
4555.170557	4887.076099
4555.170563	4887.076105
4555.170566	4887.076109
4555.170572	4887.076115
4555.17058	4887.076122
4555.17058	4887.076122
4555.170587	4887.07613
4555.17061	4887.076153
4555.17064	4887.076182
4555.170645	4887.076187
4555.170652	4887.076195
4555.170654	4887.076197
4555.170656	4887.076199
4555.17067	4887.076213
4555.170672	4887.076215
4555.170707	4887.07625
4555.170715	4887.076258
4555.170729	4887.076272
4555.170768	4887.07631
4555.170768	4887.07631
4555.170789	4887.076331
4555.170789	4887.076331
4555.170804	4887.076346
4555.170804	4887.076346
4555.170814	4887.076357
4555.170828	4887.07637
4555.170851	4887.076394
4555.170854	4887.076397
4555.17086	4887.076403
4555.170869	4887.076411
4555.170882	4887.076425
4555.170884	4887.076427
4555.170889	4887.076431
4555.170906	4887.076448
4555.170921	4887.076464
4555.170922	4887.076465
4555.170935	4887.076478
4555.170935	4887.076478
4555.170942	4887.076485
4555.170959	4887.076502
4555.170964	4887.076507
4555.170973	4887.076515
4555.170979	4887.076522
4555.170981	4887.076524
4555.170988	4887.07653
4555.171003	4887.076546
4555.171011	4887.076553
4555.171017	4887.07656
4555.171018	4887.076561
4555.171036	4887.076579
4555.171043	4887.076586
4555.171056	4887.076598
4555.171063	4887.076606
4555.17108	4887.076623
4555.171093	4887.076635
4555.171103	4887.076646
4555.171105	4887.076648
4555.171107	4887.07665
4555.171118	4887.07666
4555.171136	4887.076678
4555.171153	4887.076695
4555.171159	4887.076702
4555.171168	4887.076711
4555.171174	4887.076716
4555.171178	4887.07672
4555.17118	4887.076723
4555.171193	4887.076736
4555.171195	4887.076737
4555.171195	4887.076737
4555.171215	4887.076757
4555.171216	4887.076758
4555.171232	4887.076775
4555.171241	4887.076783
4555.17125	4887.076793
4555.171267	4887.07681
4555.171269	4887.076812
4555.171288	4887.076831
4555.1713	4887.076842
4555.171304	4887.076847
4555.171316	4887.076859
4555.171331	4887.076874
4555.171344	4887.076886
4555.171347	4887.07689
4555.171367	4887.07691
4555.17137	4887.076913
4555.171381	4887.076923
4555.17139	4887.076933
4555.171391	4887.076934
4555.171411	4887.076954
4555.17142	4887.076962
4555.171424	4887.076966
4555.171444	4887.076986
4555.171459	4887.077002
4555.171472	4887.077015
4555.171477	4887.07702
4555.171489	4887.077032
4555.171499	4887.077042
4555.171509	4887.077052
4555.171517	4887.07706
4555.171528	4887.07707
4555.171552	4887.077095
4555.171571	4887.077114
4555.171574	4887.077117
4555.171588	4887.07713
4555.171597	4887.07714
4555.171615	4887.077158
4555.171624	4887.077167
4555.171634	4887.077177
4555.171643	4887.077186
4555.171661	4887.077204
4555.17167	4887.077212
4555.171682	4887.077225
4555.171684	4887.077227
4555.17169	4887.077232
4555.171713	4887.077255
4555.171728	4887.077271
4555.171732	4887.077274
4555.17175	4887.077292
4555.171753	4887.077295
4555.171754	4887.077296
4555.171796	4887.077339
4555.171822	4887.077365
4555.171823	4887.077366
4555.171832	4887.077374
4555.171834	4887.077376
4555.171859	4887.077402
4555.171868	4887.077411
4555.171878	4887.077421
4555.17188	4887.077423
4555.171899	4887.077441
4555.171904	4887.077447
4555.171906	4887.077449
4555.171924	4887.077467
4555.171935	4887.077477
4555.171941	4887.077484
4555.171942	4887.077485
4555.171959	4887.077501
4555.171967	4887.07751
4555.171983	4887.077526
4555.171993	4887.077536
4555.171995	4887.077538
4555.172027	4887.07757
4555.172049	4887.077592
4555.172059	4887.077601
4555.172084	4887.077627
4555.172097	4887.07764
4555.172127	4887.07767
4555.172149	4887.077692
4555.172153	4887.077696
4555.172164	4887.077706
4555.172187	4887.077729
4555.17219	4887.077733
4555.172216	4887.077759
4555.172217	4887.07776
4555.172226	4887.077768
4555.17223	4887.077773
4555.172232	4887.077775
4555.172234	4887.077777
4555.172235	4887.077778
4555.172247	4887.077789
4555.172259	4887.077802
4555.172271	4887.077814
4555.172271	4887.077814
4555.172272	4887.077815
4555.172286	4887.077828
4555.172291	4887.077834
4555.172307	4887.077849
4555.172327	4887.077869
4555.172341	4887.077884
4555.172351	4887.077894
4555.172352	4887.077895
4555.172361	4887.077904
4555.172362	4887.077905
4555.172388	4887.07793
4555.172406	4887.077949
4555.172416	4887.077959
4555.17244	4887.077983
4555.172468	4887.078011
4555.172472	4887.078014
4555.172489	4887.078032
4555.172504	4887.078047
4555.172505	4887.078048
4555.172513	4887.078055
4555.172528	4887.078071
4555.172536	4887.078078
4555.172563	4887.078106
4555.172567	4887.07811
4555.172573	4887.078115
4555.172585	4887.078128
4555.172585	4887.078128
4555.172588	4887.078131
4555.172591	4887.078134
4555.172611	4887.078154
4555.172622	4887.078165
4555.172626	4887.078169
4555.172628	4887.078171
4555.172637	4887.078179
4555.172647	4887.07819
4555.172664	4887.078207
4555.172675	4887.078218
4555.172676	4887.078218
4555.172684	4887.078227
4555.17269	4887.078233
4555.172717	4887.078259
4555.172727	4887.07827
4555.172731	4887.078274
4555.172741	4887.078283
4555.172759	4887.078301
4555.172772	4887.078315
4555.172776	4887.078319
4555.172803	4887.078345
4555.172803	4887.078345
4555.172828	4887.078371
4555.17283	4887.078373
4555.172831	4887.078374
4555.172843	4887.078385
4555.172865	4887.078407
4555.172879	4887.078422
4555.172881	4887.078424
4555.172885	4887.078427
4555.172894	4887.078437
4555.172905	4887.078447
4555.17292	4887.078463
4555.172921	4887.078464
4555.172934	4887.078477
4555.172959	4887.078502
4555.172961	4887.078504
4555.172973	4887.078516
4555.172984	4887.078527
4555.172987	4887.078529
4555.17301	4887.078553
4555.173011	4887.078554
4555.173025	4887.078568
4555.17306	4887.078603
4555.17309	4887.078632
4555.173103	4887.078646
4555.173105	4887.078648
4555.173119	4887.078662
4555.173119	4887.078662
4555.173139	4887.078682
4555.173151	4887.078693
4555.173152	4887.078694
4555.173164	4887.078707
4555.173171	4887.078713
4555.17318	4887.078723
4555.173187	4887.07873
4555.173194	4887.078737
4555.173212	4887.078754
4555.17323	4887.078773
4555.173239	4887.078782
4555.17324	4887.078783
4555.173241	4887.078784
4555.173244	4887.078787
4555.17325	4887.078793
4555.173266	4887.078809
4555.173276	4887.078819
4555.173321	4887.078864
4555.173322	4887.078865
4555.173346	4887.078889
4555.173362	4887.078905
4555.1734	4887.078943
4555.173401	4887.078944
4555.17342	4887.078962
4555.173439	4887.078981
4555.173446	4887.078989
4555.173447	4887.07899
4555.173461	4887.079004
4555.17348	4887.079022
4555.17349	4887.079033
4555.173492	4887.079035
4555.173508	4887.079051
4555.173512	4887.079055
4555.173518	4887.079061
4555.17352	4887.079062
4555.173539	4887.079082
4555.173547	4887.07909
4555.173551	4887.079094
4555.173554	4887.079097
4555.173568	4887.079111
4555.173571	4887.079114
4555.173581	4887.079124
4555.173585	4887.079128
4555.173606	4887.079149
4555.173611	4887.079154
4555.17362	4887.079163
4555.173651	4887.079194
4555.173659	4887.079202
4555.173673	4887.079216
4555.173677	4887.07922
4555.173681	4887.079224
4555.173685	4887.079227
4555.173694	4887.079237
4555.173712	4887.079255
4555.173721	4887.079264
4555.173723	4887.079266
4555.173726	4887.079268
4555.173733	4887.079276
4555.173737	4887.07928
4555.173743	4887.079286
4555.173745	4887.079288
4555.173752	4887.079295
4555.173755	4887.079298
4555.173756	4887.079299
4555.173766	4887.079309
4555.173791	4887.079334
4555.173801	4887.079344
4555.173802	4887.079345
4555.173809	4887.079351
4555.173832	4887.079375
4555.173838	4887.079381
4555.173842	4887.079385
4555.173848	4887.079391
4555.173913	4887.079455
4555.173928	4887.079471
4555.173931	4887.079474
4555.173944	4887.079487
4555.17396	4887.079503
4555.173985	4887.079528
4555.173985	4887.079528
4555.173995	4887.079538
4555.174027	4887.07957
4555.174043	4887.079586
4555.174064	4887.079607
4555.174077	4887.079619
4555.174115	4887.079658
4555.174122	4887.079665
4555.174148	4887.079691
4555.17416	4887.079703
4555.17418	4887.079722
4555.17418	4887.079723
4555.174201	4887.079743
4555.174213	4887.079756
4555.174221	4887.079764
4555.17423	4887.079773
4555.17423	4887.079773
4555.174249	4887.079792
4555.174263	4887.079806
4555.174274	4887.079817
4555.174283	4887.079826
4555.174293	4887.079836
4555.174293	4887.079836
4555.174303	4887.079846
4555.174318	4887.079861
4555.174324	4887.079866
4555.174357	4887.0799
4555.174359	4887.079902
4555.174362	4887.079905
4555.174415	4887.079958
4555.174422	4887.079965
4555.174451	4887.079994
4555.174467	4887.080009
4555.174481	4887.080024
4555.174483	4887.080026
4555.17449	4887.080033
4555.174501	4887.080044
4555.174506	4887.080049
4555.174516	4887.080059
4555.174535	4887.080078
4555.174535	4887.080078
4555.174551	4887.080094
4555.174555	4887.080098
4555.174569	4887.080112
4555.17459	4887.080132
4555.17461	4887.080153
4555.174616	4887.080159
4555.174635	4887.080178
4555.174661	4887.080204
4555.174676	4887.080219
4555.174714	4887.080257
4555.174754	4887.080297
4555.174772	4887.080315
4555.174776	4887.080319
4555.17479	4887.080333
4555.174791	4887.080334
4555.1748	4887.080343
4555.17482	4887.080363
4555.17483	4887.080373
4555.174831	4887.080374
4555.174832	4887.080375
4555.174852	4887.080395
4555.174875	4887.080418
4555.174882	4887.080425
4555.1749	4887.080442
4555.17492	4887.080462
4555.174933	4887.080476
4555.174934	4887.080477
4555.174957	4887.0805
4555.174961	4887.080503
4555.174987	4887.08053
4555.175006	4887.080549
4555.175008	4887.080551
4555.175016	4887.080559
4555.175024	4887.080567
4555.175035	4887.080578
4555.175047	4887.08059
4555.17505	4887.080593
4555.175066	4887.080609
4555.175078	4887.080621
4555.17508	4887.080623
4555.175105	4887.080648
4555.175111	4887.080654
4555.175121	4887.080664
4555.175139	4887.080682
4555.175143	4887.080686
4555.175163	4887.080706
4555.175194	4887.080737
4555.175206	4887.080749
4555.175206	4887.080749
4555.175228	4887.08077
4555.17524	4887.080783
4555.175242	4887.080785
4555.175253	4887.080796
4555.175268	4887.080811
4555.175271	4887.080814
4555.175272	4887.080815
4555.175301	4887.080844
4555.175303	4887.080846
4555.175314	4887.080857
4555.17533	4887.080873
4555.175332	4887.080875
4555.175333	4887.080876
4555.175335	4887.080878
4555.175344	4887.080887
4555.175345	4887.080888
4555.175363	4887.080906
4555.175375	4887.080918
4555.175386	4887.080929
4555.17539	4887.080933
4555.175421	4887.080964
4555.175438	4887.080981
4555.175442	4887.080985
4555.175448	4887.080991
4555.175471	4887.081014
4555.175475	4887.081018
4555.175485	4887.081028
4555.175511	4887.081054
4555.175525	4887.081068
4555.17553	4887.081073
4555.175532	4887.081075
4555.175555	4887.081098
4555.175573	4887.081116
4555.175577	4887.08112
4555.175577	4887.08112
4555.175592	4887.081135
4555.175598	4887.081141
4555.175633	4887.081176
4555.175637	4887.08118
4555.175668	4887.081211
4555.175671	4887.081214
4555.175681	4887.081223
4555.175686	4887.081229
4555.175722	4887.081265
4555.175722	4887.081265
4555.175739	4887.081282
4555.175755	4887.081298
4555.175774	4887.081317
4555.175788	4887.081331
4555.175804	4887.081347
4555.175807	4887.08135
4555.17581	4887.081353
4555.175833	4887.081376
4555.175844	4887.081387
4555.175858	4887.081401
4555.17587	4887.081413
4555.175878	4887.081421
4555.17588	4887.081423
4555.175895	4887.081438
4555.175895	4887.081438
4555.175908	4887.081451
4555.175912	4887.081455
4555.175924	4887.081467
4555.175927	4887.08147
4555.175935	4887.081478
4555.175963	4887.081506
4555.175966	4887.081509
4555.175981	4887.081524
4555.175983	4887.081526
4555.176006	4887.081549
4555.176014	4887.081557
4555.176016	4887.081559
4555.176024	4887.081567
4555.176035	4887.081578
4555.176037	4887.08158
4555.176041	4887.081584
4555.176045	4887.081588
4555.176066	4887.081609
4555.176118	4887.081661
4555.17612	4887.081663
4555.176142	4887.081685
4555.176154	4887.081697
4555.176158	4887.081701
4555.176164	4887.081707
4555.176169	4887.081712
4555.176174	4887.081717
4555.17619	4887.081733
4555.176201	4887.081744
4555.176235	4887.081778
4555.17625	4887.081793
4555.176258	4887.081801
4555.176283	4887.081826
4555.176304	4887.081847
4555.176308	4887.081851
4555.176317	4887.08186
4555.176321	4887.081864
4555.176332	4887.081875
4555.176349	4887.081892
4555.176354	4887.081897
4555.176355	4887.081898
4555.176364	4887.081907
4555.176379	4887.081922
4555.176388	4887.081931
4555.176393	4887.081936
4555.176405	4887.081948
4555.176405	4887.081948
4555.176418	4887.081961
4555.176425	4887.081968
4555.176437	4887.08198
4555.176479	4887.082022
4555.176487	4887.08203
4555.176493	4887.082036
4555.176497	4887.08204
4555.176525	4887.082068
4555.176537	4887.08208
4555.176541	4887.082084
4555.176549	4887.082092
4555.176557	4887.0821
4555.176566	4887.082109
4555.176574	4887.082117
4555.176626	4887.08217
4555.176632	4887.082175
4555.176639	4887.082182
4555.176658	4887.082201
4555.176694	4887.082237
4555.176694	4887.082237
4555.176707	4887.08225
4555.176711	4887.082254
4555.176719	4887.082262
4555.176723	4887.082266
4555.176754	4887.082297
4555.176761	4887.082304
4555.176768	4887.082311
4555.176777	4887.08232
4555.17681	4887.082353
4555.176818	4887.082361
4555.176861	4887.082404
4555.176871	4887.082414
4555.176876	4887.082419
4555.176881	4887.082424
4555.176892	4887.082435
4555.176906	4887.082449
4555.176912	4887.082455
4555.176917	4887.08246
4555.176933	4887.082476
4555.176937	4887.08248
4555.176965	4887.082508
4555.176967	4887.08251
4555.177	4887.082543
4555.177003	4887.082546
4555.17702	4887.082563
4555.177032	4887.082575
4555.177036	4887.082579
4555.177037	4887.082581
4555.177041	4887.082584
4555.177056	4887.082599
4555.177073	4887.082616
4555.177093	4887.082636
4555.177104	4887.082647
4555.177114	4887.082657
4555.177124	4887.082667
4555.177127	4887.08267
4555.177132	4887.082675
4555.177136	4887.082679
4555.177161	4887.082704
4555.177213	4887.082756
4555.177217	4887.08276
4555.177226	4887.082769
4555.177233	4887.082776
4555.177237	4887.08278
4555.177244	4887.082788
4555.17726	4887.082803
4555.17727	4887.082813
4555.177278	4887.082821
4555.177284	4887.082827
4555.177294	4887.082837
4555.177295	4887.082838
4555.177299	4887.082842
4555.177304	4887.082847
4555.177331	4887.082874
4555.177349	4887.082892
4555.17735	4887.082893
4555.177364	4887.082907
4555.17737	4887.082913
4555.17737	4887.082913
4555.177382	4887.082925
4555.177388	4887.082932
4555.177399	4887.082942
4555.177403	4887.082946
4555.177407	4887.082951
4555.177414	4887.082957
4555.177428	4887.082972
4555.177461	4887.083004
4555.177465	4887.083008
4555.177496	4887.083039
4555.17751	4887.083054
4555.177521	4887.083064
4555.177547	4887.08309
4555.177562	4887.083105
4555.177568	4887.083111
4555.177572	4887.083116
4555.177589	4887.083132
4555.177601	4887.083144
4555.177611	4887.083154
4555.177633	4887.083177
4555.177655	4887.083199
4555.177658	4887.083201
4555.177664	4887.083207
4555.177674	4887.083217
4555.177702	4887.083245
4555.177704	4887.083247
4555.177735	4887.083278
4555.17775	4887.083293
4555.177752	4887.083295
4555.177755	4887.083298
4555.17777	4887.083313
4555.177785	4887.083328
4555.177802	4887.083345
4555.17782	4887.083364
4555.177824	4887.083367
4555.177833	4887.083376
4555.177839	4887.083382
4555.177845	4887.083388
4555.177847	4887.08339
4555.177851	4887.083394
4555.177869	4887.083412
4555.177876	4887.083419
4555.177893	4887.083436
4555.177895	4887.083438
4555.177904	4887.083447
4555.177912	4887.083455
4555.177915	4887.083458
4555.177916	4887.083459
4555.177933	4887.083476
4555.177945	4887.083488
4555.177958	4887.083501
4555.177958	4887.083501
4555.177962	4887.083506
4555.17797	4887.083513
4555.177974	4887.083517
4555.17798	4887.083523
4555.17798	4887.083523
4555.177995	4887.083538
4555.178	4887.083543
4555.178008	4887.083551
4555.178012	4887.083555
4555.178019	4887.083562
4555.178022	4887.083565
4555.178023	4887.083566
4555.178028	4887.083571
4555.178053	4887.083596
4555.178073	4887.083616
4555.178081	4887.083624
4555.178106	4887.08365
4555.178124	4887.083667
4555.178128	4887.083672
4555.178145	4887.083688
4555.178146	4887.083689
4555.178147	4887.08369
4555.178173	4887.083716
4555.178176	4887.083719
4555.178188	4887.083732
4555.178201	4887.083744
4555.178202	4887.083745
4555.178221	4887.083764
4555.178237	4887.08378
4555.178239	4887.083782
4555.17824	4887.083783
4555.178304	4887.083847
4555.178347	4887.08389
4555.178377	4887.08392
4555.178379	4887.083922
4555.178396	4887.08394
4555.178398	4887.083941
4555.178413	4887.083956
4555.178417	4887.083961
4555.17842	4887.083963
4555.178421	4887.083964
4555.178427	4887.08397
4555.178433	4887.083976
4555.178435	4887.083979
4555.178452	4887.083995
4555.178465	4887.084008
4555.178467	4887.08401
4555.1785	4887.084044
4555.17851	4887.084053
4555.178586	4887.084129
4555.178599	4887.084142
4555.17862	4887.084163
4555.178627	4887.08417
4555.178652	4887.084195
4555.178699	4887.084242
4555.178702	4887.084246
4555.178719	4887.084262
4555.178739	4887.084282
4555.17877	4887.084313
4555.178781	4887.084324
4555.178798	4887.084341
4555.178808	4887.084352
4555.17881	4887.084353
4555.178812	4887.084355
4555.178826	4887.08437
4555.178829	4887.084373
4555.178833	4887.084376
4555.178833	4887.084376
4555.178843	4887.084386
4555.178856	4887.084399
4555.178867	4887.084411
4555.178882	4887.084425
4555.178889	4887.084433
4555.178892	4887.084435
4555.178908	4887.084452
4555.178922	4887.084465
4555.178928	4887.084471
4555.178928	4887.084472
4555.178938	4887.084481
4555.17894	4887.084483
4555.178953	4887.084497
4555.178982	4887.084525
4555.178984	4887.084527
4555.178993	4887.084537
4555.178994	4887.084538
4555.179023	4887.084566
4555.179039	4887.084582
4555.179042	4887.084585
4555.179065	4887.084608
4555.179075	4887.084619
4555.179084	4887.084627
4555.17912	4887.084663
4555.179121	4887.084664
4555.17913	4887.084673
4555.179145	4887.084688
4555.179159	4887.084702
4555.179168	4887.084711
4555.179179	4887.084723
4555.179184	4887.084727
4555.179195	4887.084738
4555.17923	4887.084773
4555.17924	4887.084784
4555.179246	4887.084789
4555.179252	4887.084795
4555.179264	4887.084807
4555.179264	4887.084807
4555.179275	4887.084818
4555.17928	4887.084824
4555.179287	4887.08483
4555.179289	4887.084832
4555.179298	4887.084841
4555.179299	4887.084843
4555.179306	4887.084849
4555.17931	4887.084853
4555.179312	4887.084855
4555.179339	4887.084883
4555.179342	4887.084886
4555.179349	4887.084892
4555.179367	4887.08491
4555.179393	4887.084936
4555.179396	4887.084939
4555.179416	4887.084959
4555.179419	4887.084962
4555.179421	4887.084964
4555.179431	4887.084974
4555.179461	4887.085004
4555.179483	4887.085026
4555.179491	4887.085034
4555.179506	4887.08505
4555.179517	4887.08506
4555.179524	4887.085068
4555.179534	4887.085077
4555.179544	4887.085087
4555.179557	4887.0851
4555.179566	4887.08511
4555.17958	4887.085123
4555.179587	4887.085131
4555.17959	4887.085134
4555.17959	4887.085134
4555.179593	4887.085136
4555.1796	4887.085143
4555.179611	4887.085155
4555.179614	4887.085157
4555.179622	4887.085165
4555.179622	4887.085165
4555.179659	4887.085202
4555.179665	4887.085208
4555.179675	4887.085218
4555.179688	4887.085231
4555.179696	4887.085239
4555.179705	4887.085248
4555.179725	4887.085268
4555.179728	4887.085271
4555.179737	4887.08528
4555.179754	4887.085298
4555.179756	4887.085299
4555.179767	4887.08531
4555.179792	4887.085336
4555.17982	4887.085363
4555.179851	4887.085394
4555.179853	4887.085396
4555.179853	4887.085397
4555.179869	4887.085412
4555.179871	4887.085414
4555.179871	4887.085414
4555.179878	4887.085422
4555.179886	4887.085429
4555.179904	4887.085447
4555.179911	4887.085454
4555.179917	4887.085461
4555.179919	4887.085463
4555.179933	4887.085476
4555.179961	4887.085505
4555.179963	4887.085506
4555.179973	4887.085516
4555.179974	4887.085517
4555.179997	4887.08554
4555.179997	4887.085541
4555.180003	4887.085547
4555.180005	4887.085548
4555.18001	4887.085553
4555.180033	4887.085576
4555.180042	4887.085586
4555.18007	4887.085613
4555.180105	4887.085649
4555.180114	4887.085657
4555.180141	4887.085685
4555.180157	4887.0857
4555.180186	4887.08573
4555.180195	4887.085738
4555.180203	4887.085747
4555.180212	4887.085755
4555.180214	4887.085757
4555.18024	4887.085783
4555.180243	4887.085786
4555.180251	4887.085794
4555.180275	4887.085818
4555.180308	4887.085852
4555.180312	4887.085855
4555.180328	4887.085872
4555.180366	4887.085909
4555.18037	4887.085914
4555.180372	4887.085916
4555.180382	4887.085925
4555.180382	4887.085925
4555.180407	4887.08595
4555.180414	4887.085958
4555.180442	4887.085985
4555.180449	4887.085993
4555.180453	4887.085997
4555.180459	4887.086002
4555.18047	4887.086013
4555.180471	4887.086015
4555.180508	4887.086051
4555.180531	4887.086074
4555.180531	4887.086075
4555.180561	4887.086104
4555.180572	4887.086115
4555.180575	4887.086119
4555.180578	4887.086122
4555.180593	4887.086137
4555.180617	4887.086161
4555.180635	4887.086179
4555.180637	4887.086181
4555.180654	4887.086197
4555.180655	4887.086199
4555.180658	4887.086202
4555.180658	4887.086202
4555.180669	4887.086212
4555.180677	4887.086221
4555.180692	4887.086235
4555.180695	4887.086238
4555.180697	4887.086241
4555.180706	4887.086249
4555.180736	4887.086279
4555.180737	4887.08628
4555.180751	4887.086294
4555.18078	4887.086324
4555.180791	4887.086334
4555.180798	4887.086341
4555.1808	4887.086344
4555.180819	4887.086363
4555.180822	4887.086366
4555.180823	4887.086367
4555.180839	4887.086382
4555.180843	4887.086387
4555.180846	4887.08639
4555.180849	4887.086392
4555.180874	4887.086417
4555.180877	4887.08642
4555.180886	4887.08643
4555.180887	4887.086431
4555.180889	4887.086432
4555.180921	4887.086464
4555.180922	4887.086466
4555.180931	4887.086474
4555.180955	4887.086498
4555.180964	4887.086508
4555.180975	4887.086518
4555.180983	4887.086526
4555.180985	4887.086529
4555.180999	4887.086542
4555.181034	4887.086577
4555.181034	4887.086577
4555.18106	4887.086603
4555.181063	4887.086606
4555.181075	4887.086618
4555.181089	4887.086633
4555.181104	4887.086647
4555.181107	4887.08665
4555.181107	4887.086651
4555.181107	4887.08665
4555.181113	4887.086657
4555.181127	4887.086671
4555.181133	4887.086677
4555.181145	4887.086688
4555.181155	4887.086699
4555.181165	4887.086708
4555.181176	4887.08672
4555.181176	4887.08672
4555.181189	4887.086733
4555.181199	4887.086742
4555.181212	4887.086756
4555.181231	4887.086775
4555.181251	4887.086794
4555.181261	4887.086804
4555.181262	4887.086805
4555.181269	4887.086812
4555.181288	4887.086831
4555.181298	4887.086842
4555.181312	4887.086856
4555.181315	4887.086859
4555.181318	4887.086862
4555.181327	4887.08687
4555.18133	4887.086873
4555.181333	4887.086877
4555.181334	4887.086878
4555.181378	4887.086922
4555.181395	4887.086938
4555.181395	4887.086939
4555.18141	4887.086953
4555.181421	4887.086965
4555.181427	4887.08697
4555.181428	4887.086971
4555.181428	4887.086971
4555.181485	4887.087029
4555.181489	4887.087032
4555.181501	4887.087045
4555.181509	4887.087052
4555.181513	4887.087056
4555.181528	4887.087071
4555.181529	4887.087072
4555.181532	4887.087075
4555.181543	4887.087087
4555.181551	4887.087094
4555.181556	4887.087099
4555.181568	4887.087111
4555.181583	4887.087127
4555.181622	4887.087166
4555.18165	4887.087193
4555.181655	4887.087198
4555.181665	4887.087209
4555.181665	4887.087209
4555.181666	4887.08721
4555.181686	4887.08723
4555.1817	4887.087243
4555.181713	4887.087256
4555.181723	4887.087267
4555.181741	4887.087284
4555.181745	4887.087289
4555.181778	4887.087321
4555.18181	4887.087354
4555.181816	4887.087359
4555.181836	4887.087379
4555.181873	4887.087417
4555.181889	4887.087433
4555.181889	4887.087433
4555.181912	4887.087456
4555.181916	4887.08746
4555.181925	4887.087468
4555.181945	4887.087488
4555.181966	4887.087509
4555.181974	4887.087518
4555.181991	4887.087534
4555.181997	4887.087541
4555.182004	4887.087547
4555.182015	4887.087559
4555.18203	4887.087573
4555.182036	4887.08758
4555.182058	4887.087602
4555.182062	4887.087605
4555.182064	4887.087607
4555.182066	4887.087609
4555.182073	4887.087616
4555.182079	4887.087623
4555.182084	4887.087627
4555.182103	4887.087646
4555.182142	4887.087686
4555.182171	4887.087714
4555.182173	4887.087716
4555.18218	4887.087724
4555.182183	4887.087727
4555.182189	4887.087732
4555.182191	4887.087734
4555.182193	4887.087736
4555.18222	4887.087764
4555.182251	4887.087794
4555.182276	4887.087819
4555.182291	4887.087834
4555.182306	4887.08785
4555.182351	4887.087894
4555.182365	4887.087909
4555.182372	4887.087915
4555.182404	4887.087948
4555.182417	4887.08796
4555.182443	4887.087987
4555.18246	4887.088003
4555.182489	4887.088033
4555.182497	4887.08804
4555.182509	4887.088053
4555.18253	4887.088074
4555.182534	4887.088078
4555.182542	4887.088085
4555.182546	4887.088089
4555.182556	4887.088099
4555.182556	4887.088099
4555.182558	4887.088101
4555.18258	4887.088123
4555.182601	4887.088144
4555.182629	4887.088173
4555.182649	4887.088192
4555.182661	4887.088204
4555.18267	4887.088214
4555.182682	4887.088225
4555.182701	4887.088244
4555.18271	4887.088253
4555.182715	4887.088259
4555.182771	4887.088314
4555.182826	4887.088369
4555.182846	4887.088389
4555.182867	4887.08841
4555.18287	4887.088413
4555.182881	4887.088425
4555.182884	4887.088428
4555.182895	4887.088438
4555.182932	4887.088475
4555.182938	4887.088482
4555.182951	4887.088494
4555.182959	4887.088503
4555.182986	4887.08853
4555.182993	4887.088536
4555.182997	4887.08854
4555.183022	4887.088566
4555.183041	4887.088585
4555.183062	4887.088606
4555.183071	4887.088614
4555.183073	4887.088616
4555.183114	4887.088657
4555.183163	4887.088707
4555.183167	4887.088711
4555.183208	4887.088752
4555.183214	4887.088758
4555.18323	4887.088774
4555.183247	4887.088791
4555.183265	4887.088809
4555.183274	4887.088818
4555.183281	4887.088824
4555.183345	4887.088888
4555.183397	4887.088941
4555.183465	4887.089008
4555.183475	4887.089019
4555.183484	4887.089027
4555.183498	4887.089042
4555.183529	4887.089072
4555.183532	4887.089075
4555.183584	4887.089128
4555.183592	4887.089135
4555.183597	4887.089141
4555.183652	4887.089195
4555.183659	4887.089203
4555.183681	4887.089225
4555.183712	4887.089255
4555.183732	4887.089275
4555.183757	4887.0893
4555.183759	4887.089303
4555.183785	4887.089329
4555.183814	4887.089357
4555.183887	4887.089431
4555.183938	4887.089481
4555.183941	4887.089484
4555.183957	4887.0895
4555.183962	4887.089505
4555.183969	4887.089513
4555.184012	4887.089556
4555.184019	4887.089562
4555.184027	4887.089571
4555.184073	4887.089617
4555.184091	4887.089635
4555.184093	4887.089637
4555.184107	4887.08965
4555.184144	4887.089687
4555.184166	4887.089709
4555.184225	4887.089768
4555.184296	4887.08984
4555.184328	4887.089871
4555.184338	4887.089882
4555.184375	4887.089919
4555.184387	4887.089931
4555.184388	4887.089931
4555.184395	4887.089938
4555.184399	4887.089943
4555.184415	4887.089958
4555.184428	4887.089972
4555.18444	4887.089984
4555.184454	4887.089997
4555.184489	4887.090033
4555.184537	4887.09008
4555.184558	4887.090101
4555.18456	4887.090104
4555.184566	4887.09011
4555.184632	4887.090176
4555.184655	4887.090199
4555.184662	4887.090205
4555.184663	4887.090206
4555.184677	4887.09022
4555.184702	4887.090245
4555.184705	4887.090249
4555.184759	4887.090302
4555.184782	4887.090325
4555.184827	4887.09037
4555.184834	4887.090378
4555.184923	4887.090467
4555.184945	4887.090488
4555.185003	4887.090547
4555.185022	4887.090566
4555.185028	4887.090571
4555.185033	4887.090576
4555.185037	4887.090581
4555.185099	4887.090643
4555.185123	4887.090667
4555.185144	4887.090688
4555.185148	4887.090692
4555.185165	4887.090709
4555.185176	4887.090719
4555.185185	4887.090729
4555.185231	4887.090775
4555.185243	4887.090787
4555.185277	4887.09082
4555.185292	4887.090836
4555.185298	4887.090841
4555.18531	4887.090854
4555.185332	4887.090876
4555.185355	4887.090899
4555.185431	4887.090975
4555.185439	4887.090982
4555.185441	4887.090984
4555.185452	4887.090996
4555.185467	4887.091011
4555.185474	4887.091018
4555.18549	4887.091034
4555.18553	4887.091074
4555.185588	4887.091131
4555.185592	4887.091136
4555.185606	4887.091149
4555.185615	4887.091159
4555.185618	4887.091162
4555.185619	4887.091163
4555.185725	4887.091269
4555.185733	4887.091277
4555.185746	4887.09129
4555.185772	4887.091315
4555.185789	4887.091332
4555.185848	4887.091392
4555.18586	4887.091404
4555.185912	4887.091455
4555.185938	4887.091482
4555.185944	4887.091488
4555.185973	4887.091517
4555.185987	4887.091531
4555.186004	4887.091548
4555.186065	4887.091609
4555.186122	4887.091665
4555.186127	4887.091671
4555.186144	4887.091688
4555.186149	4887.091693
4555.186159	4887.091702
4555.186166	4887.09171
4555.18618	4887.091723
4555.186201	4887.091744
4555.186213	4887.091757
4555.186232	4887.091776
4555.186253	4887.091797
4555.186254	4887.091798
4555.186279	4887.091823
4555.186282	4887.091825
4555.186287	4887.091831
4555.186309	4887.091853
4555.186334	4887.091878
4555.186362	4887.091906
4555.186389	4887.091932
4555.186397	4887.091941
4555.186409	4887.091952
4555.186423	4887.091967
4555.18643	4887.091974
4555.186438	4887.091982
4555.186471	4887.092014
4555.186478	4887.092022
4555.186519	4887.092063
4555.186533	4887.092077
4555.186534	4887.092078
4555.186543	4887.092087
4555.186554	4887.092097
4555.186566	4887.09211
4555.186616	4887.092159
4555.186628	4887.092172
4555.186657	4887.092201
4555.186658	4887.092202
4555.186661	4887.092205
4555.186675	4887.092218
4555.186693	4887.092237
4555.186695	4887.092238
4555.186737	4887.09228
4555.186769	4887.092313
4555.186814	4887.092358
4555.18682	4887.092363
4555.186828	4887.092372
4555.186854	4887.092398
4555.186865	4887.092409
4555.186873	4887.092417
4555.186922	4887.092465
4555.186924	4887.092468
4555.18696	4887.092504
4555.18698	4887.092524
4555.187052	4887.092596
4555.187058	4887.092602
4555.187068	4887.092611
4555.187092	4887.092636
4555.187146	4887.09269
4555.187159	4887.092703
4555.1872	4887.092744
4555.187212	4887.092755
4555.187244	4887.092788
4555.187254	4887.092798
4555.187264	4887.092808
4555.187277	4887.092821
4555.18728	4887.092824
4555.187306	4887.09285
4555.187319	4887.092863
4555.187391	4887.092935
4555.187411	4887.092955
4555.187421	4887.092965
4555.187439	4887.092983
4555.187509	4887.093053
4555.187572	4887.093116
4555.187644	4887.093188
4555.187701	4887.093245
4555.18775	4887.093294
4555.187755	4887.093299
4555.187778	4887.093322
4555.187858	4887.093402
4555.187882	4887.093426
4555.187887	4887.093431
4555.187896	4887.09344
4555.187952	4887.093496
4555.187964	4887.093508
4555.188031	4887.093575
4555.188041	4887.093585
4555.188113	4887.093657
4555.188144	4887.093688
4555.188164	4887.093708
4555.18822	4887.093764
4555.188232	4887.093776
4555.188294	4887.093838
4555.188307	4887.093851
4555.188358	4887.093902
4555.188377	4887.093921
4555.188399	4887.093943
4555.188407	4887.093951
4555.188423	4887.093966
4555.188425	4887.093969
4555.188458	4887.094002
4555.188482	4887.094026
4555.188493	4887.094037
4555.18851	4887.094054
4555.188525	4887.094069
4555.188529	4887.094073
4555.188548	4887.094092
4555.188635	4887.094179
4555.188714	4887.094258
4555.188729	4887.094273
4555.188783	4887.094327
4555.188859	4887.094403
4555.188979	4887.094523
4555.189096	4887.09464
4555.189104	4887.094648
4555.189104	4887.094648
4555.189106	4887.09465
4555.189169	4887.094713
4555.189173	4887.094717
4555.189217	4887.094761
4555.189249	4887.094793
4555.189267	4887.09481
4555.189286	4887.09483
4555.189332	4887.094876
4555.189334	4887.094878
4555.189362	4887.094906
4555.189494	4887.095038
4555.189498	4887.095042
4555.189525	4887.095069
4555.189535	4887.095079
4555.189617	4887.095161
4555.189629	4887.095173
4555.189631	4887.095175
4555.189647	4887.095191
4555.189677	4887.095221
4555.189693	4887.095237
4555.18972	4887.095264
4555.189724	4887.095268
4555.189724	4887.095268
4555.189746	4887.09529
4555.189786	4887.09533
4555.189851	4887.095395
4555.189882	4887.095426
4555.189884	4887.095428
4555.190007	4887.095551
4555.190045	4887.095589
4555.190082	4887.095626
4555.190136	4887.09568
4555.190168	4887.095712
4555.190222	4887.095766
4555.190259	4887.095803
4555.190265	4887.095809
4555.190272	4887.095816
4555.190314	4887.095858
4555.190348	4887.095892
4555.190354	4887.095898
4555.190381	4887.095925
4555.190609	4887.096153
4555.190609	4887.096153
4555.190631	4887.096175
4555.190677	4887.096221
4555.190695	4887.096239
4555.190704	4887.096248
4555.190759	4887.096303
4555.190789	4887.096334
4555.19079	4887.096334
4555.190794	4887.096338
4555.190893	4887.096437
4555.190959	4887.096503
4555.191002	4887.096546
4555.191072	4887.096616
4555.191078	4887.096622
4555.191096	4887.09664
4555.191103	4887.096647
4555.191134	4887.096678
4555.191146	4887.09669
4555.191198	4887.096742
4555.191208	4887.096752
4555.191208	4887.096752
4555.191237	4887.096781
4555.191248	4887.096792
4555.191255	4887.096799
4555.191281	4887.096826
4555.191304	4887.096848
4555.191359	4887.096903
4555.191384	4887.096929
4555.191412	4887.096956
4555.191432	4887.096976
4555.191445	4887.096989
4555.191473	4887.097017
4555.191492	4887.097036
4555.191494	4887.097038
4555.191581	4887.097125
4555.191667	4887.097211
4555.191697	4887.097241
4555.19171	4887.097254
4555.191743	4887.097287
4555.191749	4887.097293
4555.191757	4887.097301
4555.191811	4887.097355
4555.191848	4887.097392
4555.191872	4887.097416
4555.191875	4887.097419
4555.191975	4887.097519
4555.191977	4887.097521
4555.191994	4887.097538
4555.192025	4887.097569
4555.192029	4887.097573
4555.192071	4887.097615
4555.192087	4887.097631
4555.192124	4887.097669
4555.192196	4887.09774
4555.19222	4887.097764
4555.192243	4887.097787
4555.192261	4887.097805
4555.192397	4887.097941
4555.192441	4887.097985
4555.192462	4887.098006
4555.192464	4887.098008
4555.192472	4887.098016
4555.192473	4887.098017
4555.192513	4887.098057
4555.192534	4887.098078
4555.192571	4887.098115
4555.192582	4887.098126
4555.192587	4887.098131
4555.192604	4887.098148
4555.192658	4887.098202
4555.192862	4887.098406
4555.192879	4887.098423
4555.192977	4887.098521
4555.193034	4887.098578
4555.193065	4887.098609
4555.193088	4887.098632
4555.193165	4887.098709
4555.193178	4887.098722
4555.193233	4887.098777
4555.193381	4887.098926
4555.193393	4887.098937
4555.193552	4887.099096
4555.193609	4887.099154
4555.193623	4887.099167
4555.193625	4887.09917
4555.193658	4887.099202
4555.193761	4887.099305
4555.193766	4887.09931
4555.193832	4887.099377
4555.193837	4887.099381
4555.193882	4887.099426
4555.193882	4887.099426
4555.193917	4887.099462
4555.193927	4887.099471
4555.193987	4887.099531
4555.194199	4887.099743
4555.194244	4887.099789
4555.194251	4887.099795
4555.19436	4887.099904
4555.194418	4887.099962
4555.194459	4887.100003
4555.194508	4887.100053
4555.194515	4887.10006
4555.194548	4887.100092
4555.194595	4887.10014
4555.194619	4887.100163
4555.194703	4887.100247
4555.194713	4887.100257
4555.194861	4887.100406
4555.194904	4887.100449
4555.195013	4887.100557
4555.195029	4887.100574
4555.195053	4887.100597
4555.195084	4887.100628
4555.195094	4887.100638
4555.195102	4887.100646
4555.195118	4887.100662
4555.195187	4887.100732
4555.195201	4887.100745
4555.195213	4887.100758
4555.195229	4887.100774
4555.195325	4887.100869
4555.19533	4887.100875
4555.195419	4887.100964
4555.195687	4887.101232
4555.195729	4887.101274
4555.195761	4887.101305
4555.195764	4887.101309
4555.195847	4887.101392
4555.195855	4887.101399
4555.195867	4887.101412
4555.195874	4887.101419
4555.195941	4887.101485
4555.19598	4887.101524
4555.19598	4887.101524
4555.19609	4887.101634
4555.196105	4887.101649
4555.196187	4887.101731
4555.196249	4887.101793
4555.196311	4887.101855
4555.196337	4887.101882
4555.196385	4887.10193
4555.196402	4887.101947
4555.19667	4887.102215
4555.196697	4887.102242
4555.196721	4887.102265
4555.196809	4887.102353
4555.196845	4887.102389
4555.196849	4887.102393
4555.19685	4887.102394
4555.196915	4887.10246
4555.196916	4887.102461
4555.196936	4887.102481
4555.196944	4887.102489
4555.197038	4887.102583
4555.19717	4887.102715
4555.197184	4887.102729
4555.197248	4887.102793
4555.197331	4887.102876
4555.197341	4887.102885
4555.197344	4887.102888
4555.197379	4887.102923
4555.197416	4887.102961
4555.197416	4887.102961
4555.197468	4887.103013
4555.197482	4887.103026
4555.197503	4887.103047
4555.197626	4887.10317
4555.197628	4887.103172
4555.197651	4887.103195
4555.19771	4887.103254
4555.197792	4887.103336
4555.197797	4887.103341
4555.197823	4887.103368
4555.197825	4887.10337
4555.197839	4887.103384
4555.197861	4887.103406
4555.197979	4887.103523
4555.198008	4887.103553
4555.198083	4887.103627
4555.198218	4887.103763
4555.198236	4887.103781
4555.19829	4887.103834
4555.198308	4887.103852
4555.198346	4887.10389
4555.198377	4887.103922
4555.198389	4887.103933
4555.198418	4887.103963
4555.198426	4887.103971
4555.198526	4887.104071
4555.198528	4887.104073
4555.198557	4887.104101
4555.198656	4887.1042
4555.198788	4887.104333
4555.198865	4887.104409
4555.198872	4887.104417
4555.198887	4887.104432
4555.198895	4887.10444
4555.198942	4887.104486
4555.198946	4887.10449
4555.198953	4887.104498
4555.199022	4887.104567
4555.199109	4887.104653
4555.199237	4887.104782
4555.199305	4887.10485
4555.199374	4887.104918
4555.199691	4887.105236
4555.199806	4887.105351
4555.199815	4887.10536
4555.19983	4887.105374
4555.19987	4887.105414
4555.200021	4887.105566
4555.200084	4887.105629
4555.200249	4887.105794
4555.200388	4887.105933
4555.200444	4887.105989
4555.200501	4887.106046
4555.200563	4887.106108
4555.200611	4887.106155
4555.200614	4887.106159
4555.200673	4887.106217
4555.200752	4887.106297
4555.200926	4887.106471
4555.200948	4887.106493
4555.200967	4887.106512
4555.201021	4887.106565
4555.201167	4887.106711
4555.201197	4887.106742
4555.201303	4887.106848
4555.201391	4887.106936
4555.201431	4887.106976
4555.201436	4887.106981
4555.201483	4887.107028
4555.201546	4887.107091
4555.201579	4887.107124
4555.201582	4887.107127
4555.201606	4887.107151
4555.201677	4887.107222
4555.201899	4887.107444
4555.201964	4887.107509
4555.202033	4887.107578
4555.202171	4887.107716
4555.202271	4887.107816
4555.2024	4887.107944
4555.202423	4887.107968
4555.202497	4887.108042
4555.202557	4887.108102
4555.202586	4887.108131
4555.202719	4887.108264
4555.203095	4887.10864
4555.203108	4887.108653
4555.203159	4887.108704
4555.203184	4887.108729
4555.203197	4887.108742
4555.20328	4887.108825
4555.20344	4887.108985
4555.203726	4887.109271
4555.203727	4887.109272
4555.203765	4887.10931
4555.203889	4887.109434
4555.20399	4887.109535
4555.204053	4887.109598
4555.204135	4887.10968
4555.204159	4887.109704
4555.204162	4887.109707
4555.204335	4887.10988
4555.204372	4887.109917
4555.204442	4887.109987
4555.204464	4887.110009
4555.204514	4887.110059
4555.204561	4887.110106
4555.204581	4887.110127
4555.204671	4887.110216
4555.204761	4887.110306
4555.204791	4887.110336
4555.204819	4887.110364
4555.20488	4887.110425
4555.204986	4887.110531
4555.205104	4887.110649
4555.205155	4887.110701
4555.205174	4887.110719
4555.205193	4887.110738
4555.20535	4887.110895
4555.205432	4887.110977
4555.205628	4887.111174
4555.20567	4887.111216
4555.20583	4887.111375
4555.20593	4887.111475
4555.206207	4887.111753
4555.206379	4887.111924
4555.206471	4887.112016
4555.206568	4887.112113
4555.20672	4887.112266
4555.206909	4887.112454
4555.206992	4887.112537
4555.207082	4887.112627
4555.207252	4887.112797
4555.207305	4887.11285
4555.207715	4887.11326
4555.207836	4887.113381
4555.208018	4887.113564
4555.208254	4887.113799
4555.2084	4887.113945
4555.208773	4887.114319
4555.208828	4887.114373
4555.208923	4887.114469
4555.208954	4887.114499
4555.208963	4887.114509
4555.208965	4887.114511
4555.209047	4887.114593
4555.209304	4887.114849
4555.209535	4887.115081
4555.209736	4887.115281
4555.209827	4887.115373
4555.210097	4887.115643
4555.210116	4887.115662
4555.210439	4887.115985
4555.210476	4887.116021
4555.210574	4887.116119
4555.210632	4887.116178
4555.210672	4887.116218
4555.210735	4887.116281
4555.210787	4887.116333
4555.210993	4887.116538
4555.211095	4887.11664
4555.21117	4887.116715
4555.211406	4887.116952
4555.211466	4887.117012
4555.21157	4887.117116
4555.211584	4887.117129
4555.211869	4887.117414
4555.211966	4887.117512
4555.212182	4887.117727
4555.212356	4887.117902
4555.21241	4887.117955
4555.212661	4887.118207
4555.212874	4887.11842
4555.212966	4887.118512
4555.213224	4887.11877
4555.213276	4887.118822
4555.213414	4887.118959
4555.213544	4887.11909
4555.213626	4887.119172
4555.213753	4887.119299
4555.21378	4887.119326
4555.21388	4887.119426
4555.214036	4887.119582
4555.214093	4887.119638
4555.214367	4887.119913
4555.214421	4887.119967
4555.21467	4887.120215
4555.214868	4887.120414
4555.214906	4887.120452
4555.215019	4887.120564
4555.21519	4887.120736
4555.215218	4887.120764
4555.215254	4887.1208
4555.215276	4887.120822
4555.216037	4887.121583
4555.21611	4887.121655
4555.21623	4887.121776
4555.21636	4887.121906
4555.216587	4887.122133
4555.216633	4887.122179
4555.21669	4887.122236
4555.216706	4887.122252
4555.216728	4887.122274
4555.21678	4887.122326
4555.216952	4887.122498
4555.217013	4887.122559
4555.217187	4887.122733
4555.217439	4887.122985
4555.217459	4887.123005
4555.217624	4887.12317
4555.217819	4887.123365
4555.218268	4887.123814
4555.218289	4887.123836
4555.21834	4887.123886
4555.218435	4887.123981
4555.218555	4887.124101
4555.218752	4887.124298
4555.219003	4887.124549
4555.219076	4887.124622
4555.219313	4887.124859
4555.219523	4887.12507
4555.219589	4887.125135
4555.219811	4887.125358
4555.219992	4887.125538
4555.220026	4887.125572
4555.220268	4887.125814
4555.220347	4887.125894
4555.220356	4887.125902
4555.220378	4887.125924
4555.220489	4887.126036
4555.220558	4887.126104
4555.220649	4887.126195
4555.221102	4887.126648
4555.22117	4887.126717
4555.221338	4887.126884
4555.221453	4887.126999
4555.221641	4887.127188
4555.221843	4887.127389
4555.222112	4887.127658
4555.222118	4887.127665
4555.222515	4887.128061
4555.222702	4887.128248
4555.222793	4887.12834
4555.222826	4887.128372
4555.222987	4887.128533
4555.223001	4887.128548
4555.223126	4887.128673
4555.22353	4887.129076
4555.223646	4887.129192
4555.223783	4887.12933
4555.223815	4887.129361
4555.224217	4887.129764
4555.224359	4887.129906
