#ttrig = 89863692.3784
# time 	 unbarycentered time 
936.917087	1270.492554
936.926364	1270.501831
936.934054	1270.509521
936.93442	1270.509888
936.946504	1270.521973
936.949068	1270.524536
936.949922	1270.525391
936.953584	1270.529053
936.959443	1270.534912
936.961274	1270.536743
936.96579	1270.54126
936.975921	1270.551392
936.978729	1270.554199
936.979705	1270.555176
936.980316	1270.555786
936.981414	1270.556885
936.981536	1270.557007
936.982024	1270.557495
936.984466	1270.559937
936.984588	1270.560059
936.98471	1270.560181
936.98471	1270.560181
936.984832	1270.560303
936.984954	1270.560425
936.985198	1270.560669
936.986052	1270.561523
936.986175	1270.561646
936.986541	1270.562012
936.987639	1270.56311
936.989958	1270.56543
936.990813	1270.566284
936.991057	1270.566528
936.991301	1270.566772
936.992034	1270.567505
936.994597	1270.570068
936.996794	1270.572266
936.998991	1270.574463
936.999723	1270.575195
937.00009	1270.575562
937.001676	1270.577148
937.002653	1270.578125
937.003019	1270.578491
937.003996	1270.579468
937.004118	1270.57959
937.004972	1270.580444
937.006437	1270.581909
937.006559	1270.582031
937.007535	1270.583008
937.008024	1270.583496
937.009	1270.584473
937.009611	1270.585083
937.009977	1270.585449
937.011319	1270.586792
937.012052	1270.587524
937.012174	1270.587646
937.012662	1270.588135
937.012784	1270.588257
937.013639	1270.589111
937.014493	1270.589966
937.014737	1270.59021
937.014859	1270.590332
937.015225	1270.590698
937.01547	1270.590942
937.01547	1270.590942
937.015836	1270.591309
937.0173	1270.592773
937.017789	1270.593262
937.018277	1270.59375
937.018399	1270.593872
937.018765	1270.594238
937.019376	1270.594849
937.019742	1270.595215
937.020596	1270.596069
937.02084	1270.596313
937.020962	1270.596436
937.021329	1270.596802
937.021939	1270.597412
937.023037	1270.598511
937.023159	1270.598633
937.023526	1270.598999
937.024014	1270.599487
937.024868	1270.600342
937.02499	1270.600464
937.02499	1270.600464
937.025235	1270.600708
937.025357	1270.60083
937.025723	1270.601196
937.025967	1270.60144
937.026211	1270.601685
937.026333	1270.601807
937.026577	1270.602051
937.026699	1270.602173
937.026943	1270.602417
937.02731	1270.602783
937.02731	1270.602783
937.027432	1270.602905
937.027554	1270.603027
937.027554	1270.603027
937.027554	1270.603027
937.028286	1270.60376
937.02853	1270.604004
937.028774	1270.604248
937.028896	1270.60437
937.029018	1270.604492
937.029018	1270.604492
937.029263	1270.604736
937.029385	1270.604858
937.029507	1270.60498
937.029507	1270.60498
937.029873	1270.605347
937.029995	1270.605469
937.030117	1270.605591
937.030361	1270.605835
937.030849	1270.606323
937.031338	1270.606812
937.03146	1270.606934
937.031582	1270.607056
937.03207	1270.607544
937.03207	1270.607544
937.032436	1270.60791
937.032558	1270.608032
937.032802	1270.608276
937.033047	1270.608521
937.033169	1270.608643
937.034023	1270.609497
937.035122	1270.610596
937.035366	1270.61084
937.035366	1270.61084
937.03561	1270.611084
937.035854	1270.611328
937.036953	1270.612427
937.037441	1270.612915
937.038051	1270.613525
937.038295	1270.61377
937.038906	1270.61438
937.03915	1270.614624
937.039272	1270.614746
937.040126	1270.615601
937.040492	1270.615967
937.040981	1270.616455
937.041347	1270.616821
937.041957	1270.617432
937.042323	1270.617798
937.042689	1270.618164
937.043544	1270.619019
937.043544	1270.619019
937.043544	1270.619019
937.04391	1270.619385
937.044276	1270.619751
937.044887	1270.620361
937.045375	1270.62085
937.046351	1270.621826
937.046718	1270.622192
937.04684	1270.622314
937.047572	1270.623047
937.047572	1270.623047
937.047694	1270.623169
937.047816	1270.623291
937.048548	1270.624023
937.048671	1270.624146
937.049037	1270.624512
937.049281	1270.624756
937.049769	1270.625244
937.049891	1270.625366
937.050868	1270.626343
937.051112	1270.626587
937.051478	1270.626953
937.051722	1270.627197
937.052088	1270.627563
937.052332	1270.627808
937.052577	1270.628052
937.052821	1270.628296
937.052943	1270.628418
937.053309	1270.628784
937.053675	1270.62915
937.054407	1270.629883
937.054407	1270.629883
937.054652	1270.630127
937.054774	1270.630249
937.054896	1270.630371
937.055506	1270.630981
937.056116	1270.631592
937.056238	1270.631714
937.05636	1270.631836
937.056605	1270.63208
937.056849	1270.632324
937.057459	1270.632935
937.057703	1270.633179
937.057825	1270.633301
937.058069	1270.633545
937.058069	1270.633545
937.058313	1270.633789
937.058313	1270.633789
937.058436	1270.633911
937.058558	1270.634033
937.058924	1270.634399
937.058924	1270.634399
937.058924	1270.634399
937.059412	1270.634888
937.059412	1270.634888
937.059412	1270.634888
937.059656	1270.635132
937.060022	1270.635498
937.060022	1270.635498
937.060022	1270.635498
937.060388	1270.635864
937.060755	1270.63623
937.060999	1270.636475
937.061121	1270.636597
937.061853	1270.637329
937.062708	1270.638184
937.063806	1270.639282
937.063928	1270.639404
937.065149	1270.640625
937.065515	1270.640991
937.066003	1270.641479
937.06698	1270.642456
937.06759	1270.643066
937.067956	1270.643433
937.067956	1270.643433
937.068323	1270.643799
937.068445	1270.643921
937.068811	1270.644287
937.069177	1270.644653
937.069665	1270.645142
937.070031	1270.645508
937.070153	1270.64563
937.070764	1270.64624
937.072107	1270.647583
937.072229	1270.647705
937.072839	1270.648315
937.072961	1270.648438
937.073327	1270.648804
937.073327	1270.648804
937.073937	1270.649414
937.074914	1270.650391
937.075158	1270.650635
937.076012	1270.651489
937.076257	1270.651733
937.076379	1270.651855
937.076745	1270.652222
937.076867	1270.652344
937.076867	1270.652344
937.077233	1270.65271
937.077355	1270.652832
937.078576	1270.654053
937.07882	1270.654297
937.07943	1270.654907
937.080529	1270.656006
937.080529	1270.656006
937.081139	1270.656616
937.081505	1270.656982
937.082848	1270.658325
937.084069	1270.659546
937.084923	1270.6604
937.085411	1270.660889
937.086022	1270.661499
937.086754	1270.662231
937.089073	1270.664551
937.089561	1270.665039
937.090904	1270.666382
937.091392	1270.66687
937.091392	1270.66687
937.092003	1270.66748
937.092125	1270.667603
937.092247	1270.667725
937.092491	1270.667969
937.092613	1270.668091
937.092979	1270.668457
937.093101	1270.668579
937.093345	1270.668823
937.094078	1270.669556
937.094688	1270.670166
937.09481	1270.670288
937.098838	1270.674316
937.099571	1270.675049
937.099937	1270.675415
937.100669	1270.676147
937.10189	1270.677368
937.102988	1270.678467
937.104453	1270.679932
937.104819	1270.680298
937.104819	1270.680298
937.105063	1270.680542
937.105307	1270.680786
937.106284	1270.681763
937.108359	1270.683838
937.108359	1270.683838
937.109824	1270.685303
937.112387	1270.687866
937.112753	1270.688232
937.113119	1270.688599
937.113608	1270.689087
937.113852	1270.689331
937.115561	1270.69104
937.116659	1270.692139
937.116781	1270.692261
937.11727	1270.692749
937.117392	1270.692871
937.11788	1270.693359
937.118246	1270.693726
937.11849	1270.69397
937.11849	1270.69397
937.119833	1270.695313
937.121542	1270.697021
937.121908	1270.697388
937.122274	1270.697754
937.122274	1270.697754
937.122518	1270.697998
937.124837	1270.700317
937.125204	1270.700684
937.12618	1270.70166
937.126913	1270.702393
937.128011	1270.703491
937.128133	1270.703613
937.128377	1270.703857
937.129964	1270.705444
937.130208	1270.705688
937.131673	1270.707153
937.131917	1270.707397
937.132649	1270.70813
937.132772	1270.708252
937.133992	1270.709473
937.135823	1270.711304
937.1368	1270.71228
937.137288	1270.712769
937.13741	1270.712891
937.137898	1270.713379
937.139973	1270.715454
937.140706	1270.716187
937.141194	1270.716675
937.14217	1270.717651
937.142903	1270.718384
937.143513	1270.718994
937.144612	1270.720093
937.145466	1270.720947
937.145954	1270.721436
937.146443	1270.721924
937.146443	1270.721924
937.147785	1270.723267
937.147907	1270.723389
937.148518	1270.723999
937.149006	1270.724487
937.149006	1270.724487
937.150226	1270.725708
937.150226	1270.725708
937.151691	1270.727173
937.152302	1270.727783
937.152546	1270.728027
937.153278	1270.72876
937.153888	1270.72937
937.156574	1270.732056
937.156818	1270.7323
937.157916	1270.733398
937.158161	1270.733643
937.164386	1270.739868
937.164752	1270.740234
937.165484	1270.740967
937.168414	1270.743896
937.173662	1270.749146
937.174395	1270.749878
937.174883	1270.750366
937.179644	1270.755127
937.182085	1270.757568
937.182817	1270.758301
937.182817	1270.758301
937.18355	1270.759033
937.18477	1270.760254
937.190507	1270.765991
937.194535	1270.77002
937.20369	1270.779175
937.204666	1270.780151
937.216018	1270.791504
937.22029	1270.795776
937.220656	1270.796143
937.22798	1270.803467
937.231154	1270.806641
937.233351	1270.808838
937.233351	1270.808838
937.237623	1270.81311
937.245679	1270.821167
937.247266	1270.822754
937.252149	1270.827637
937.257031	1270.83252
937.259106	1270.834595
937.261792	1270.83728
937.26997	1270.845459
937.272533	1270.848022
937.273632	1270.849121
937.281932	1270.857422
937.28535	1270.86084
937.293284	1270.868774
937.298166	1270.873657
937.300729	1270.876221
937.301462	1270.876953
937.303781	1270.879272
937.306833	1270.882324
937.313912	1270.889404
937.316476	1270.891968
937.31672	1270.892212
937.318795	1270.894287
937.323921	1270.899414
937.328071	1270.903564
937.329414	1270.904907
937.332344	1270.907837
937.334663	1270.910156
937.336616	1270.912109
937.349677	1270.925171
937.360418	1270.935913
937.362859	1270.938354
