#ttrig = 89808620.3784
# time 	 unbarycentered time 
23340.224015	23671.407328
23340.230128	23671.413441
23340.23486	23671.418173
23340.23681	23671.420123
23340.23951	23671.422824
23340.24225	23671.425564
23340.248154	23671.431468
23340.254813	23671.438128
23340.257656	23671.440971
23340.259372	23671.442687
23340.270772	23671.454088
23340.271684	23671.455001
23340.274806	23671.458123
23340.291531	23671.47485
23340.295785	23671.479104
23340.296513	23671.479832
23340.29805	23671.481369
23340.304092	23671.487412
23340.304209	23671.487529
23340.307256	23671.490576
23340.314168	23671.497489
23340.317681	23671.501001
23340.320298	23671.503619
23340.331983	23671.515306
23340.332482	23671.515804
23340.339495	23671.522818
23340.351113	23671.534437
23340.354873	23671.538198
23340.360517	23671.543841
23340.362499	23671.545824
23340.378811	23671.562138
23340.388287	23671.571614
23340.38977	23671.573097
23340.392359	23671.575686
23340.392652	23671.57598
23340.399917	23671.583245
23340.400164	23671.583492
23340.403461	23671.58679
23340.406161	23671.58949
23340.408357	23671.591686
23340.408968	23671.592298
23340.412029	23671.595359
23340.417751	23671.601081
23340.423114	23671.606444
23340.427125	23671.610456
23340.436801	23671.620132
23340.443637	23671.626969
23340.444244	23671.627577
23340.448282	23671.631615
23340.450246	23671.633579
23340.456182	23671.639516
23340.457643	23671.640977
23340.467192	23671.650527
23340.467209	23671.650544
23340.469226	23671.652561
23340.479976	23671.663312
23340.485228	23671.668565
23340.491565	23671.674902
23340.497171	23671.680509
23340.499675	23671.683013
23340.514503	23671.697842
23340.522744	23671.706084
23340.525485	23671.708825
23340.528533	23671.711873
23340.549452	23671.732795
23340.557464	23671.740807
23340.56874	23671.752084
23340.573551	23671.756896
23340.582223	23671.765569
23340.592232	23671.775579
23340.595167	23671.778514
23340.597312	23671.780659
23340.597867	23671.781214
23340.601152	23671.784499
23340.607928	23671.791276
23340.611624	23671.794972
23340.636621	23671.819971
23340.645953	23671.829304
23340.651565	23671.834917
23340.66229	23671.845643
23340.667485	23671.850839
23340.667991	23671.851344
23340.671142	23671.854496
23340.671919	23671.855272
23340.671923	23671.855277
23340.672139	23671.855493
23340.672883	23671.856236
23340.672932	23671.856286
23340.673211	23671.856565
23340.673258	23671.856611
23340.673855	23671.857209
23340.674069	23671.857423
23340.674415	23671.857769
23340.674924	23671.858278
23340.675008	23671.858362
23340.675878	23671.859232
23340.676369	23671.859723
23340.677332	23671.860686
23340.677744	23671.861098
23340.678489	23671.861843
23340.678604	23671.861959
23340.678956	23671.86231
23340.679771	23671.863126
23340.680197	23671.863551
23340.681118	23671.864472
23340.682095	23671.86545
23340.685984	23671.869339
23340.688479	23671.871834
23340.690719	23671.874074
23340.691558	23671.874913
23340.693552	23671.876907
23340.693771	23671.877127
23340.694271	23671.877626
23340.695573	23671.878929
23340.69633	23671.879685
23340.702171	23671.885528
23340.703855	23671.887212
23340.713939	23671.897297
23340.715325	23671.898683
23340.716302	23671.89966
23340.724648	23671.908007
23340.727085	23671.910443
23340.729837	23671.913196
23340.73093	23671.914289
23340.732075	23671.915434
23340.732689	23671.916048
23340.734223	23671.917583
23340.736473	23671.919832
23340.738017	23671.921377
23340.738166	23671.921526
23340.740558	23671.923918
23340.740798	23671.924158
23340.741465	23671.924825
23340.741738	23671.925098
23340.742331	23671.925691
23340.743041	23671.926401
23340.743106	23671.926466
23340.745133	23671.928494
23340.745867	23671.929228
23340.754755	23671.938116
23340.754832	23671.938193
23340.760948	23671.94431
23340.761151	23671.944513
23340.761351	23671.944713
23340.767078	23671.95044
23340.781155	23671.964519
23340.783474	23671.966838
23340.790501	23671.973866
23340.793188	23671.976553
23340.794225	23671.97759
23340.800478	23671.983844
23340.800688	23671.984054
23340.810611	23671.993978
23340.811939	23671.995306
23340.817288	23672.000655
23340.817289	23672.000656
23340.823838	23672.007206
23340.832236	23672.015604
23340.864767	23672.048139
23340.86538	23672.048752
23340.865576	23672.048947
23340.867752	23672.051124
23340.868709	23672.052081
23340.87651	23672.059882
23340.880084	23672.063457
23340.880271	23672.063643
23340.881066	23672.064439
23340.89012	23672.073494
23340.891778	23672.075152
23340.894592	23672.077966
23340.913819	23672.097195
23340.915371	23672.098747
23340.91717	23672.100546
23340.923179	23672.106556
23340.923649	23672.107026
23340.924491	23672.107868
23340.925129	23672.108506
23340.927393	23672.11077
23340.93485	23672.118228
23340.936664	23672.120042
23340.93891	23672.122289
23340.944284	23672.127663
23340.947862	23672.131241
23340.94824	23672.131619
23340.950575	23672.133954
23340.953941	23672.137321
23340.954169	23672.137548
23340.956865	23672.140245
23340.960696	23672.144076
23340.961665	23672.145045
23340.962604	23672.145985
23340.963368	23672.146749
23340.966028	23672.149409
23340.974007	23672.157389
23340.974307	23672.157688
23340.983857	23672.167239
23340.985889	23672.169271
23340.987579	23672.170961
23340.992222	23672.175605
23340.995666	23672.179049
23341.01068	23672.194065
23341.016159	23672.199545
23341.019325	23672.202711
23341.01941	23672.202796
23341.019489	23672.202875
23341.020148	23672.203534
23341.024233	23672.20762
23341.038189	23672.221577
23341.038257	23672.221644
23341.051794	23672.235183
23341.060273	23672.243663
23341.064813	23672.248203
23341.067371	23672.250761
23341.068014	23672.251404
23341.078331	23672.261723
23341.085807	23672.269199
23341.086504	23672.269896
23341.091518	23672.274911
23341.09192	23672.275312
23341.098101	23672.281494
23341.098636	23672.282029
23341.101478	23672.284871
23341.108697	23672.292091
23341.109606	23672.293
23341.12017	23672.303565
23341.122541	23672.305936
23341.129927	23672.313323
23341.131111	23672.314507
23341.134255	23672.317652
23341.135546	23672.318942
23341.14838	23672.331778
23341.1497	23672.333097
23341.150471	23672.333869
23341.155895	23672.339293
23341.156123	23672.339521
23341.157097	23672.340495
23341.167215	23672.350615
23341.17085	23672.35425
23341.189761	23672.373162
23341.193015	23672.376417
23341.19708	23672.380482
23341.206963	23672.390367
23341.215211	23672.398615
23341.217095	23672.400499
23341.220101	23672.403505
23341.224065	23672.40747
23341.224361	23672.407765
23341.225097	23672.408502
23341.235007	23672.418412
23341.259891	23672.443299
23341.260416	23672.443824
23341.278486	23672.461896
