10788 43
122522 50
129113 50
159804 20
161404 10
165101 50
166659 20
172202 10
173913 50
181841 20
186811 20
189376 51
19470 50
19778 10
202467 40
206268 20
236578 41
265386 50
265704 52
270100 50
271094 53
294407 10
294432 20
296222 20
297054 20
299667 40
300829 50
302062 10
305069 50
317016 41
319153 10
325910 43
329919 40
337630 20
338322 20
346770 52
352381 53
36096 50
361207 20
37274 50
379291 51
379938 10
384314 52
389450 52
389522 40
395421 20
400029 40
40287 10
404267 10
419839 51
428659 52
42890 51
429937 10
455290 40
458825 51
46475 43
472866 50
48429 50
487534 50
495362 40
539360 42
542708 40
555140 20
562635 50
563266 40
570000 40
598396 40
609742 50
612579 41
65858 40
673371 20
705126 40
71150 53
711796 10
732564 10
744131 40
758518 50
761192 50
762506 41
773629 51
820146 20
821893 41
845195 10
846898 50
857620 52
864638 40
869934 50
870036 50
878437 10
889948 20
898375 43
908144 50
909778 40
912965 51
923302 40
935871 40
940137 52
968250 40
976425 10
997404 10
