   53468.404970 0.0116107856 0.0004384511
   53468.405340 0.0116000966 0.0004273634
   53476.292510 0.0102721560 0.0001229931
   53476.292890 0.0102249597 0.0001318455
   53479.181210 0.0104727709 0.0001350409
   53480.191060 0.0107068472 0.0001380592
   53491.992760 0.0092995429 0.0001199127
   53492.991360 0.0091888594 0.0001184855
   53495.075960 0.0094028954 0.0001212454
   53495.115510 0.0097917790 0.0003968167
   53495.116380 0.0096574308 0.0003913722
   53495.117220 0.0097020075 0.0004021146
   53497.107040 0.0093424677 0.0000946520
   53497.107870 0.0093081121 0.0000943040
   53497.108700 0.0093252741 0.0000944778
   53497.115500 0.0093855906 0.0000950889
   53497.116330 0.0092653452 0.0000938707
   53497.117220 0.0092312732 0.0000850232
   53499.100850 0.0087591428 0.0000968096
   53499.101750 0.0087108714 0.0000882531
   53499.113690 0.0087028521 0.0000881719
   53499.114520 0.0087591428 0.0000887422
   53499.115350 0.0086788385 0.0000879286
   53500.103120 0.0089055676 0.0001148326
   53500.104010 0.0087995731 0.0001215706
   53500.104840 0.0088809946 0.0001308752
   53501.121500 0.0087028521 0.0000801562
   53501.122330 0.0087510790 0.0000806004
   53501.123170 0.0087349738 0.0000724069
   53502.108180 0.0089879698 0.0005629194
   53502.109010 0.0089219874 0.0005670043
   53502.109980 0.0090045415 0.0005805442
   53503.104190 0.0092653452 0.0001706740
   53503.105030 0.0092058015 0.0001950137
   53503.105860 0.0091550686 0.0001770747
   53504.091540 0.0090544402 0.0000917339
   53504.092380 0.0091382199 0.0000925827
   53504.093210 0.0090461046 0.0000916495
   53506.129670 0.0093683176 0.0002070849
   53506.130510 0.0094289125 0.0001910557
   53506.131400 0.0093942390 0.0002249628
   53508.143100 0.0089879698 0.0001407298
   53508.143940 0.0090045415 0.0001409893
   53508.144770 0.0089796954 0.0001323297
   53511.177620 0.0092397794 0.0001361624
   53511.178440 0.0093081121 0.0001457425
   53511.179270 0.0092397794 0.0001276523
   53517.110580 0.0101218898 0.0002517103
   53517.111470 0.0101312167 0.0002426111
   53517.112290 0.0100661084 0.0002503232
   53518.059000 0.0098551129 0.0000907689
   53518.059820 0.0097557712 0.0000988394
   53518.060650 0.0097827646 0.0001081231
   53521.050590 0.0104246529 0.0000864131
   53521.051410 0.0103863177 0.0000860954
   53521.052240 0.0103767560 0.0000860161
   53521.059860 0.0104534971 0.0000866522
   53521.060740 0.0104534971 0.0000962803
   53521.061630 0.0104438735 0.0000961916
   53521.069270 0.0104631296 0.0000867321
   53521.070100 0.0104727709 0.0001061036
   53521.070930 0.0104824212 0.0001062013
   53523.038810 0.0104438735 0.0002597174
   53523.039640 0.0104727709 0.0002604360
   53523.040590 0.0104631296 0.0002601963
   53524.033900 0.0109865568 0.0003946407
   53524.034900 0.0110169557 0.0004160266
   53524.035790 0.0110780062 0.0003673159
   53526.038520 0.0099279963 0.0002468886
   53526.039410 0.0099646398 0.0002569776
   53526.040240 0.0099279963 0.0002560326
   53527.028420 0.0095073965 0.0002802123
   53527.029310 0.0094376008 0.0002781553
   53527.030200 0.0093424677 0.0002581419
   53528.036820 0.0092482935 0.0004088637
   53528.037650 0.0092227748 0.0004077355
   53528.038470 0.0092995429 0.0004111294
   53529.032030 0.0098279198 0.0003439702
   53529.032860 0.0098279198 0.0003439702
   53529.033690 0.0098641940 0.0003452398
   53538.126720 0.0097378169 0.0000807197
   53538.127670 0.0097198957 0.0000984759
   53538.128490 0.0097109475 0.0001073294
   53538.137040 0.0097020075 0.0000714870
   53538.137990 0.0097198957 0.0000716188
   53538.138850 0.0096841522 0.0000713555
   53553.956000 0.0101405522 0.0000560388
   53553.956830 0.0102532514 0.0000566616
   53553.957660 0.0102626993 0.0000567138
   53556.055750 0.0100846680 0.0000835949
   53556.056580 0.0101405522 0.0000840581
   53556.057420 0.0101592490 0.0000748561
   53556.175300 0.0102532514 0.0001322103
   53556.176140 0.0102249597 0.0001318455
   53556.177130 0.0100753839 0.0001299168
   53556.195600 0.0103005782 0.0001612821
   53556.196500 0.0102816213 0.0001704550
   53556.197420 0.0102910954 0.0001800905
   53563.057930 0.0099830123 0.0004965135
   53563.058780 0.0099738218 0.0004776839
   53563.059620 0.0100106345 0.0004702269
   53573.030390 0.0095777083 0.0001146781
   53573.032110 0.0095337027 0.0001229321
   53574.037310 0.0093081121 0.0001028771
   53574.038140 0.0093338669 0.0001117585
   53574.038960 0.0094028954 0.0001125850
   53769.264640 0.0097827646 0.0001261436
   53788.268190 0.0095865337 0.0001236133
   53789.239660 0.0095865337 0.0001236133
   53791.224000 0.0095249259 0.0001228189
   53791.255600 0.0094462972 0.0001218051
   53793.230960 0.0094898993 0.0001311078
   53801.206740 0.0097917790 0.0001262599
   53802.272530 0.0094202321 0.0001474980
   53803.258450 0.0094202321 0.0001214690
   53804.223580 0.0093769501 0.0001209109
   53808.256370 0.0096396575 0.0001242983
   53809.232230 0.0096485401 0.0001332995
   53813.233560 0.0098823813 0.0001274281
   53815.238590 0.0099097250 0.0001277807
   53816.258500 0.0099738218 0.0001377934
   53817.236500 0.0103290791 0.0001427015
   53818.213620 0.0108358156 0.0001397222
   53819.246440 0.0113674121 0.0001465768
   53820.235960 0.0117940131 0.0001520776
   53822.205450 0.0118048808 0.0001522178
   53823.194220 0.0115574389 0.0001490271
   53824.186280 0.0112631950 0.0001556068
   53825.194290 0.0111908121 0.0001442997
   53826.194690 0.0111188944 0.0001638541
   53827.209210 0.0112424666 0.0001449657
   53830.189150 0.0111599334 0.0001439015
   53831.202660 0.0110882141 0.0001429767
   53833.222470 0.0108458003 0.0001398509
   53840.166810 0.0104246529 0.0001440219
   53844.184970 0.0097467899 0.0001256798
   53845.164820 0.0097198957 0.0001253330
   53852.010670 0.0095953673 0.0001237272
   53853.025190 0.0096042090 0.0001238412
   53854.016540 0.0090544402 0.0001250917
   53855.003470 0.0095688909 0.0001233858
   53856.001760 0.0098641940 0.0001271936
   53858.991260 0.0101032617 0.0001302763
   53859.138530 0.0102343816 0.0001319670
   53859.990450 0.0107562678 0.0001386964
   53860.157420 0.0105794138 0.0001364160
   53861.184620 0.0105114252 0.0001355393
   53872.168630 0.0091888594 0.0001184855
   53874.171060 0.0089137737 0.0001149384
   53875.127560 0.0091130049 0.0001175074
   53875.155390 0.0091466404 0.0001179411
   53877.153510 0.0088891780 0.0001146213
   53878.158590 0.0086469233 0.0001114975
   53889.140270 0.0094811628 0.0001222546
   53895.922570 0.0094986439 0.0001312286
   53900.949920 0.0098641940 0.0001271936
   53901.969150 0.0095600817 0.0001320774
   53906.964350 0.0096574308 0.0001334223
   53907.988400 0.0098279198 0.0001267259
   53908.982470 0.0096042090 0.0001238412
   53911.976240 0.0093424677 0.0001204662
   53912.927810 0.0093769501 0.0001209109
   53913.933240 0.0096307832 0.0001241839
   53914.930870 0.0094898993 0.0001311078
   53937.920540 0.0094289125 0.0001302652
   53939.918740 0.0098551129 0.0001452303
   53940.934950 0.0096042090 0.0001326871
   53941.938980 0.0095249259 0.0001228189
   53941.964250 0.0095777083 0.0001499637
   53942.922070 0.0093338669 0.0001289521
   53944.950630 0.0091466404 0.0001263655
   53945.918590 0.0089796954 0.0001240591
   53948.931010 0.0092397794 0.0001276523
   53951.897710 0.0087108714 0.0001203451
   53958.897350 0.0082349621 0.0001137702
   53970.043720 0.0078209877 0.0000864408
   53988.978630 0.0067369233 0.0000992790
   53995.986580 0.0067183342 0.0000928172
   54138.284590 0.0071065956 0.0000981812
   54142.293180 0.0081294582 0.0001198001
   54146.264990 0.0071393982 0.0000986344
   54147.262210 0.0071855763 0.0000992724
   54149.260400 0.0069384363 0.0000958580
   54154.260130 0.0079224883 0.0001094532
   54155.248890 0.0078788277 0.0001088500
   54162.233390 0.0075798673 0.0001117011
   54165.214560 0.0077994074 0.0001077528
   54166.213720 0.0076782386 0.0001131507
   54170.233520 0.0073191661 0.0001011180
   54171.226370 0.0073191661 0.0001011180
   54208.355130 0.0073732949 0.0003327617
   54218.267920 0.0068369374 0.0003274467
   54227.323360 0.0071328256 0.0002759222
   54229.947450 0.0070026368 0.0000967450
   54230.137570 0.0072054582 0.0000995471
   54231.158470 0.0073665070 0.0001017721
   54233.146220 0.0072520636 0.0001001910
   54234.331170 0.0071789612 0.0003107672
   54235.135700 0.0071459768 0.0000987253
   54243.275430 0.0066139606 0.0002071172
   54251.968960 0.0068243549 0.0001005674
   54254.012430 0.0069512291 0.0001024371
   54255.123310 0.0063864807 0.0001764650
   54256.982360 0.0067431311 0.0000931598
   54260.943650 0.0071921975 0.0000993639
   54263.948120 0.0069001988 0.0000953298
   54271.930440 0.0075798673 0.0001047197
   54274.927120 0.0071196985 0.0000983623
   54277.926170 0.0073868895 0.0001020537
   54300.924120 0.0084969215 0.0001252153
   54302.903160 0.0085913538 0.0001186939
   54303.901860 0.0085913538 0.0001186939
   54305.904090 0.0088973690 0.0001229217
   54306.908270 0.0087188982 0.0001204560
   54315.062400 0.0084267790 0.0002561246
   54331.020960 0.0087269323 0.0002491719
   54338.046310 0.0085597603 0.0002995856
   54502.281840 0.0103672030 0.0001336797
   54503.271620 0.0099922112 0.0001288443
   54504.268650 0.0099097250 0.0001277807
   54523.245240 0.0093942390 0.0001211338
   54524.245630 0.0098460402 0.0001269595
   54525.249210 0.0104054677 0.0001533406
   54527.233410 0.0109360781 0.0001510875
   54530.239690 0.0107167131 0.0001381864
   54532.231120 0.0111908121 0.0001442997
   54533.238420 0.0108358156 0.0001397222
   54534.247600 0.0110372684 0.0001423198
   54536.242280 0.0116000966 0.0001495772
   54539.226750 0.0117398245 0.0001513789
   54540.216660 0.0117940131 0.0001520776
   54541.218430 0.0124756047 0.0001608664
   54543.249430 0.0123840189 0.0001596854
   54544.229910 0.0123726180 0.0001595384
   54545.236550 0.0121916252 0.0001572046
   54547.225720 0.0118157585 0.0001523580
   54548.206420 0.0118812355 0.0001532023
   54550.219690 0.0117290167 0.0001512395
   54555.251660 0.0116429117 0.0001501293
   54556.164360 0.0112839617 0.0001455008
   54557.244320 0.0117074309 0.0001509612
   54558.171650 0.0119801320 0.0001544775
   54560.168600 0.0118921836 0.0001533435
   54561.242600 0.0116107856 0.0001497150
   54569.153340 0.0126026421 0.0001625045
   54570.130850 0.0124641195 0.0001607183
   54572.137340 0.0129437944 0.0001669035
   54573.190990 0.0123384784 0.0001590982
   54574.141670 0.0120354298 0.0001551906
   54574.251620 0.0114304046 0.0005474452
   54575.166720 0.0120132801 0.0001549050
   54576.140610 0.0119141100 0.0001536262
   54577.119590 0.0113256101 0.0001460378
   54578.142260 0.0113360461 0.0001566133
   54579.173190 0.0116214844 0.0001498530
   54581.150890 0.0117723077 0.0001517977
   54581.296660 0.0119580841 0.0002533175
   54582.049420 0.0113674121 0.0001570466
   54583.194190 0.0109159517 0.0001910253
   54584.195370 0.0107265881 0.0001383137
   54586.052430 0.0109966804 0.0001417964
   54588.165870 0.0112321166 0.0001965581
   54588.381120 0.0109966804 0.0010533450
   54589.040930 0.0105794138 0.0001461600
   54590.035860 0.0106576537 0.0001374249
   54591.016220 0.0103481235 0.0001334336
   54592.026940 0.0107265881 0.0001778319
   54596.141990 0.0116429117 0.0001501293
   54597.013020 0.0113151836 0.0001459034
   54598.053710 0.0115149380 0.0001484791
   54600.112540 0.0118375440 0.0001526389
   54601.098820 0.0118375440 0.0001526389
   54606.144120 0.0110576186 0.0001527666
   54607.101960 0.0111188944 0.0001433723
   54608.140370 0.0109966804 0.0001417964
   54609.120040 0.0109562417 0.0001412750
   54612.109750 0.0117074309 0.0001509612
   54613.106030 0.0118921836 0.0001533435
   54614.083960 0.0120909828 0.0001559069
   54615.098710 0.0121916252 0.0001572046
   54616.101130 0.0125562977 0.0001619069
   54618.111620 0.0126841569 0.0001635556
   54619.095140 0.0126142550 0.0001626542
   54620.112960 0.0127779624 0.0001647651
   54621.110390 0.0129557215 0.0001670572
   54622.107960 0.0136289251 0.0001757379
   54623.080150 0.0126142550 0.0001626542
   54623.993340 0.0128133180 0.0001652210
   54626.982280 0.0122931054 0.0001585132
   54628.988100 0.0128015219 0.0001650689
   54631.978430 0.0133801692 0.0001725303
   54635.981180 0.0128133180 0.0001652210
   54638.982380 0.0129557215 0.0001670572
   54642.996640 0.0122704815 0.0001582214
   54643.969850 0.0125910400 0.0001623549
   54646.951890 0.0123498478 0.0001592448
   54647.949140 0.0124871004 0.0001610146
   54649.920290 0.0126258785 0.0001628041
   54652.980840 0.0128724616 0.0001659837
   54653.909730 0.0130876480 0.0001687584
   54654.954140 0.0127309732 0.0001641592
   54655.896720 0.0120243499 0.0001550477
   54656.998180 0.0116858849 0.0001506834
   54657.921030 0.0112011240 0.0001444326
   54658.997900 0.0114198817 0.0001472534
   54659.909750 0.0113151836 0.0001459034
   54660.975070 0.0112114454 0.0001445657
   54661.898280 0.0107860295 0.0001490145
   54662.934430 0.0104534971 0.0001540484
   54663.912680 0.0105405095 0.0001456225
   54664.922520 0.0105017483 0.0001450870
   54666.936400 0.0103290791 0.0001522149
   54668.942310 0.0104054677 0.0001437568
   54670.940300 0.0100753839 0.0001299168
   54671.945840 0.0099830123 0.0001287257
   54672.979010 0.0099554663 0.0001283705
   54675.871060 0.0098098328 0.0001445630
   54860.299690 0.0070026368 0.0001096443
   54865.294740 0.0070284831 0.0000971021
   54891.366600 0.0066874663 0.0001663034
   54906.387310 0.0082577476 0.0005323967
   54910.229840 0.0080623492 0.0001113855
   54913.240670 0.0080031619 0.0001105678
   54914.246080 0.0077136798 0.0002415551
   54921.355370 0.0072120978 0.0002258480
   54923.204890 0.0070739438 0.0000977301
   54924.206010 0.0070414420 0.0000972811
   54925.213630 0.0070544247 0.0001039578
   54926.188130 0.0068055245 0.0000940218
   54927.187790 0.0069897494 0.0000965670
   54928.199300 0.0068748243 0.0000949792
   54928.374230 0.0070674314 0.0001562243
   54929.189020 0.0067992593 0.0001252470
   54932.189000 0.0067121492 0.0001050960
   54935.382220 0.0069001988 0.0003940297
   54937.186800 0.0072788305 0.0001005608
   54942.399050 0.0067183342 0.0002289491
   54943.176730 0.0071131441 0.0001048232
   54944.168810 0.0070935168 0.0000980006
   54945.166050 0.0069512291 0.0000960348
   54946.180490 0.0070674314 0.0001041495
   54949.160760 0.0071789612 0.0000991810
   54950.173500 0.0072320531 0.0000999145
   54950.319220 0.0072587461 0.0002206232
   54951.181960 0.0071855763 0.0000992724
   54954.164700 0.0072187434 0.0000997306
   54955.172110 0.0071855763 0.0000992724
   54956.164760 0.0071131441 0.0000982717
   54957.148360 0.0073394177 0.0001013978
   54958.140370 0.0074689853 0.0001100670
   54959.122750 0.0081070267 0.0001866712
   54960.150790 0.0075034606 0.0001174860
   54963.164550 0.0071855763 0.0001058906
   54964.152510 0.0070935168 0.0001045339
   54965.168070 0.0073394177 0.0001013978
   54966.134030 0.0071657492 0.0000989985
   54966.274670 0.0074896514 0.0002276414
   54967.129000 0.0073394177 0.0001081577
   54969.117230 0.0069192911 0.0000955935
   54971.129000 0.0068748243 0.0000949792
   54973.123150 0.0066200551 0.0000975567
   54973.356190 0.0066078717 0.0002799594
   54973.364650 0.0070544247 0.0002144131
   54975.131130 0.0065112085 0.0000899557
   54976.120680 0.0064634085 0.0001012013
   54977.099760 0.0065292245 0.0000962182
   54978.106670 0.0063279291 0.0001865036
   54979.099760 0.0065412629 0.0000903709
   54980.089340 0.0064812922 0.0000955119
   54981.085250 0.0063162834 0.0000872627
   54982.114950 0.0062009982 0.0000913813
   54982.338860 0.0063162834 0.0001861604
   54983.108120 0.0063629953 0.0000937686
   54986.000130 0.0065232137 0.0001021377
   54986.939010 0.0065472904 0.0000964844
   54987.999600 0.0066322609 0.0001038451
   54989.021880 0.0065896387 0.0001031778
   54991.020700 0.0062353610 0.0000918877
   54991.996090 0.0064753255 0.0000954239
   54998.058000 0.0068811592 0.0002218224
   55005.279610 0.0081895795 0.0003545154
   55009.971380 0.0065412629 0.0000963956
   55011.965670 0.0063279291 0.0000932518
   55012.998390 0.0062124314 0.0000915498
   55013.212690 0.0073800891 0.0002243113
   55019.954860 0.0056867168 0.0001204662
   55021.983660 0.0058676149 0.0001134897
   55022.899090 0.0057977783 0.0000854392
   55023.960540 0.0057393354 0.0000898641
   55026.962030 0.0057605189 0.0000848901
   55028.219050 0.0058352787 0.0001719837
   55029.932140 0.0057977783 0.0000907792
   55033.955170 0.0058676149 0.0000972769
   55037.066780 0.0058084680 0.0001925927
   55037.955650 0.0059767020 0.0000935807
   55038.974500 0.0059547236 0.0000987211
   55039.899040 0.0059822093 0.0000881571
   55040.938140 0.0060822127 0.0000952327
   55041.887970 0.0062067122 0.0001028987
   55045.953990 0.0062411067 0.0000977206
   55047.946420 0.0066383723 0.0000978267
   55051.889360 0.0063571375 0.0000936822
   55060.917140 0.0062988549 0.0001044263
   55065.895490 0.0060042892 0.0000884825
   55069.874990 0.0059437646 0.0001040138
   55070.894460 0.0057977783 0.0000907792
   55236.277460 0.0064337118 0.0000948107
   55265.226790 0.0070349595 0.0001231093
   55278.209040 0.0087510790 0.0001209006
   55279.184880 0.0089137737 0.0001231483
   55280.184140 0.0086310097 0.0001192418
   55281.180660 0.0086151254 0.0001190224
   55287.209970 0.0089384374 0.0001399543
   55297.228120 0.0094028954 0.0001299058
   55298.146930 0.0097109475 0.0001252176
   55307.143770 0.0104727709 0.0001350409
   55308.151710 0.0107167131 0.0001776682
   55309.156240 0.0105794138 0.0001461600
   55311.143610 0.0105308058 0.0001454885
   55312.144830 0.0103195701 0.0001425701
   55313.185840 0.0102910954 0.0001421767
   55314.160360 0.0104246529 0.0001536234
   55317.134590 0.0103863177 0.0001530584
   55319.129600 0.0103958883 0.0001436245
   55337.044230 0.0093942390 0.0001297862
   55337.946100 0.0094637139 0.0001307460
   55342.000870 0.0092227748 0.0001359118
   55346.987840 0.0085913538 0.0001186939
   55347.964390 0.0086788385 0.0001199026
   55349.967930 0.0090711345 0.0001253224
   55352.943260 0.0087028521 0.0001202343
   55356.011940 0.0086628662 0.0001196819
   55363.912870 0.0085913538 0.0001424327
   55365.906460 0.0087188982 0.0001204560
   55366.899150 0.0085913538 0.0001266069
   55377.992800 0.0091130049 0.0001175074
   55451.847240 0.0101405522 0.0001400969
   55456.833980 0.0106871426 0.0001476483
   55600.272060 0.0098732834 0.0001273108
   55605.276050 0.0097827646 0.0001261436
   55609.281420 0.0101967461 0.0001314817
   55620.236450 0.0103576589 0.0001335566
   55621.239050 0.0102721560 0.0001324541
   55622.237750 0.0104534971 0.0001347924
   55623.239280 0.0104534971 0.0001347924
   55643.210240 0.0104631296 0.0001349166
   55646.163670 0.0103958883 0.0001340495
   55650.169320 0.0098369758 0.0001268427
   55664.172940 0.0084734760 0.0001092610
   55685.123380 0.0082198067 0.0001059901
   55686.141020 0.0082501454 0.0001063813
   55687.158800 0.0083803393 0.0001234972
   55690.143970 0.0084578817 0.0001090600
   55691.131820 0.0084734760 0.0001092610
   55692.133240 0.0084035271 0.0001083591
   55693.143970 0.0082729730 0.0001066757
   55694.142950 0.0082501454 0.0001063813
   55695.139600 0.0081669821 0.0001053090
   55696.120320 0.0083188176 0.0001072668
   55697.119940 0.0083803393 0.0001157787
   55698.131920 0.0081820401 0.0001055031
   55699.115500 0.0080846571 0.0001116937
   55701.152770 0.0078788277 0.0001088500
   55702.125440 0.0080401029 0.0001036729
   55703.124960 0.0080623492 0.0001039598
   55704.115890 0.0083035079 0.0001070694
   55708.118480 0.0080772143 0.0001041514
   55709.122800 0.0078715744 0.0001014998
   55710.014810 0.0079151947 0.0001020623
   55714.017000 0.0076500030 0.0000986428
   55723.976310 0.0073326610 0.0001013045
   55728.010340 0.0067742560 0.0001060684
   55733.993130 0.0069384363 0.0000958580
   55735.019190 0.0070804621 0.0000978202
   55738.006020 0.0070739438 0.0000977301
   55744.949510 0.0067992593 0.0000939352
   55751.934970 0.0066017885 0.0000912071
   55755.946020 0.0069512291 0.0000960348
   55758.887270 0.0066997964 0.0000925611
   55762.894930 0.0065052142 0.0000898729
   55765.908360 0.0062756918 0.0000867019
   55769.898170 0.0061441471 0.0000848845
   55772.877640 0.0061611475 0.0000907940
   55776.877630 0.0062067122 0.0000857489
   55786.882880 0.0064041516 0.0000884766
   55790.925910 0.0064693643 0.0000893776
   55793.898100 0.0060934269 0.0000841838
   55800.879670 0.0065654063 0.0000907044
   55807.868330 0.0059001303 0.0000815133
   55821.831760 0.0066690136 0.0001044206
   55940.292740 0.0067307212 0.0000991876
   55954.286760 0.0073665070 0.0001085569
   55959.283220 0.0076711700 0.0001059811
   55964.266220 0.0080846571 0.0001936024
   55966.255190 0.0078860877 0.0001162137
   55968.265300 0.0077707262 0.0001073565
   55979.271420 0.0081594635 0.0001127272
   55980.273110 0.0081444471 0.0001125197
   55981.238900 0.0084035271 0.0001160990
   55982.252730 0.0083957907 0.0001159921
   55982.372990 0.0080179179 0.0005464734
   55986.257880 0.0084267790 0.0001086589
   55987.263330 0.0088076816 0.0001135704
   55989.262250 0.0091466404 0.0001263655
   55990.237890 0.0090794931 0.0001254378
   55991.235080 0.0092142842 0.0001188134
   55993.238940 0.0090794931 0.0001254378
   55994.252500 0.0091804000 0.0001268319
   55995.231180 0.0092995429 0.0001284779
   55998.219170 0.0093252741 0.0001631890
   56001.201340 0.0094115598 0.0001300255
   56004.214990 0.0096396575 0.0001331768
   56005.221770 0.0096752368 0.0001247571
   56007.207230 0.0095337027 0.0001229321
   56008.212250 0.0095953673 0.0001325649
   56010.174120 0.0091888594 0.0001184855
   56010.218020 0.0087269323 0.0000723402
   56011.147890 0.0090627835 0.0001252070
   56011.215620 0.0086469233 0.0001274258
   56012.183260 0.0086548910 0.0001195717
   56012.214010 0.0086469233 0.0000477847
   56013.248800 0.0088239209 0.0001787969
   56014.181240 0.0096396575 0.0001242983
   56014.347810 0.0096307832 0.0001596650
   56015.152340 0.0096574308 0.0001334223
   56016.191410 0.0095600817 0.0001232722
   56016.395110 0.0094550016 0.0001567508
   56017.394760 0.0093683176 0.0001898279
   56017.403290 0.0096307832 0.0002306273
   56017.418090 0.0093596930 0.0000775854
   56019.316570 0.0093252741 0.0001202445
   56019.334330 0.0098460402 0.0001723022
   56020.331300 0.0098460402 0.0002085764
   56021.328820 0.0099738218 0.0002664007
   56021.342880 0.0096930757 0.0001517701
   56023.337990 0.0092058015 0.0001950137
   56026.222370 0.0091804000 0.0002113865
   56027.186480 0.0095073965 0.0001313495
   56028.189310 0.0095865337 0.0001324429
   56028.228640 0.0096219170 0.0001417938
   56029.234400 0.0091214022 0.0001260168
   56030.181900 0.0093166891 0.0001287148
   56031.101460 0.0094462972 0.0001305054
   56032.186440 0.0096307832 0.0001241839
   56032.226680 0.0089796954 0.0001819533
   56033.177830 0.0100290918 0.0001293199
   56034.176000 0.0103767560 0.0001338028
   56034.216580 0.0097737585 0.0001800393
   56035.147820 0.0105308058 0.0001357892
   56035.330370 0.0104054677 0.0002779299
   56035.342760 0.0103767560 0.0000955735
   56036.151740 0.0111393950 0.0001436367
   56036.347570 0.0109663374 0.0001717063
   56037.143390 0.0116643785 0.0001504061
   56038.142420 0.0116966530 0.0001508222
   56039.179460 0.0120022206 0.0001547624
   56040.114470 0.0121579850 0.0001567709
   56040.142800 0.0120132801 0.0001549050
   56040.406660 0.0119141100 0.0002304393
   56041.115610 0.0120687309 0.0001556200
   56041.142750 0.0120022206 0.0001547624
   56042.221730 0.0110068134 0.0001824777
   56043.104350 0.0120243499 0.0001550477
   56044.102630 0.0119470754 0.0001540513
   56046.110610 0.0124756047 0.0001608664
   56046.215100 0.0122141037 0.0004049858
   56047.224960 0.0113360461 0.0003027856
   56049.169100 0.0120243499 0.0001550477
   56050.128670 0.0122478992 0.0001579302
   56052.123460 0.0121691881 0.0001681235
   56053.118190 0.0121021242 0.0001783435
   56056.106380 0.0112631950 0.0001556068
   56058.383120 0.0108958623 0.0001706028
   56058.394850 0.0112528260 0.0001969205
   56058.402750 0.0111908121 0.0001133783
   56062.354720 0.0119801320 0.0002979210
   56063.370720 0.0108158736 0.0003885097
   56064.117050 0.0115467990 0.0001488899
   56065.180690 0.0106380396 0.0001861619
   56066.219020 0.0107562678 0.0002476722
   56067.368460 0.0104438735 0.0001827641
   56068.108460 0.0110576186 0.0001425822
   56069.105910 0.0114093684 0.0001471178
   56069.161980 0.0112114454 0.0001858702
   56070.105530 0.0118702975 0.0001530613
   56071.106710 0.0120909828 0.0001559069
   56071.208650 0.0115149380 0.0001909017
   56072.110140 0.0123384784 0.0001590982
   56073.091440 0.0124297274 0.0001602748
   56074.091700 0.0124411809 0.0001604225
   56075.093130 0.0118266462 0.0001524984
   56076.095780 0.0113674121 0.0001465768
   56077.097910 0.0115149380 0.0001484791
   56078.118060 0.0116966530 0.0001508222
   56079.090900 0.0117290167 0.0001512395
   56080.094450 0.0116966530 0.0001615952
   56081.094760 0.0116643785 0.0001611493
   56084.092510 0.0119691030 0.0001543353
   56087.941640 0.0115467990 0.0001488899
   56091.989050 0.0111496595 0.0001437690
   56092.990310 0.0108557943 0.0001399798
   56093.976660 0.0109159517 0.0001407555
   56094.972950 0.0109159517 0.0001407555
   56095.978110 0.0110372684 0.0001423198
   56097.023840 0.0112424666 0.0001449657
   56098.993370 0.0112943594 0.0001456349
   56102.994440 0.0112735736 0.0001557502
   56115.964860 0.0107364722 0.0001384412
   56122.925150 0.0109562417 0.0001513661
   56136.908040 0.0104920803 0.0001352899
   56140.900940 0.0106184617 0.0001564794
   56147.879840 0.0107068472 0.0001380592
   56154.857800 0.0109966804 0.0001519248
   56157.858250 0.0112528260 0.0001554635
   56161.873830 0.0108059164 0.0001492893
   56168.876740 0.0111086582 0.0001534718
   56174.856540 0.0117506423 0.0001515184
   56177.850140 0.0114514796 0.0001476608
   56181.843410 0.0116536402 0.0001610010
   56188.829470 0.0115787481 0.0001812952
   56192.841350 0.0116751268 0.0001612978
   56345.263190 0.0096130589 0.0001239554
   56347.274700 0.0092397794 0.0001276523
   56362.238200 0.0084035271 0.0001160990
   56363.238220 0.0083649164 0.0001386787
   56371.203830 0.0081369492 0.0001124161
   56372.209750 0.0078065942 0.0001078521
   56373.213170 0.0078933544 0.0001235908
   56374.213240 0.0077778866 0.0001074555
   56374.386670 0.0079006278 0.0000800442
   56375.302440 0.0076994837 0.0000850978
   56375.360780 0.0077922272 0.0000789460
   56377.191490 0.0075311553 0.0001040468
   56377.360500 0.0075938428 0.0000839303
   56379.334370 0.0079663907 0.0001027224
   56384.207440 0.0076641078 0.0001058836
   56384.335670 0.0077350229 0.0000854906
   56385.308110 0.0077350229 0.0000783664
   56387.340380 0.0077279020 0.0000782943
   56390.148600 0.0074278240 0.0001026192
   56391.158580 0.0073868895 0.0001020537
   56392.371560 0.0075589523 0.0000765826
   56393.141510 0.0074278240 0.0001026192
   56393.329790 0.0074278240 0.0000752541
   56394.142340 0.0073732949 0.0001018658
   56395.143340 0.0070935168 0.0000980006
   56396.152560 0.0070739438 0.0000977301
   56397.144400 0.0070609251 0.0000975503
   56397.270290 0.0071196985 0.0000721323
   56398.128620 0.0068558547 0.0000947171
   56398.395090 0.0068558547 0.0000757737
   56399.150760 0.0067059700 0.0000926464
   56399.362460 0.0067183342 0.0000680660
   56400.347300 0.0066936285 0.0000678157
   56401.120800 0.0068117955 0.0000941084
   56403.403260 0.0066444893 0.0000734376
   56404.211670 0.0066261552 0.0000976466
   56404.363460 0.0065352410 0.0000662110
   56406.190930 0.0063571375 0.0001053925
   56411.381810 0.0063512850 0.0000760467
   56412.382000 0.0063337600 0.0000758369
   56414.063150 0.0062699143 0.0000923969
   56415.119770 0.0061102869 0.0000900445
   56415.304020 0.0062181559 0.0000687256
   56417.269720 0.0061159173 0.0000675956
   56418.378510 0.0060486939 0.0000668526
   56420.364840 0.0062353610 0.0000689158
   56422.244550 0.0062468576 0.0000632893
   56422.349970 0.0061895860 0.0000684098
   56423.347390 0.0059877217 0.0000661787
   56425.295640 0.0061781949 0.0000682839
   56426.170750 0.0060654301 0.0000893835
   56426.363460 0.0061725072 0.0000682211
   56429.108680 0.0062181559 0.0000859070
   56431.105870 0.0060098219 0.0000830288
   56432.108260 0.0060878172 0.0000897134
   56432.292730 0.0061271936 0.0000677202
   56433.106320 0.0062009982 0.0000913813
   56434.106110 0.0061611475 0.0000907940
   56440.996590 0.0060209026 0.0000942728
   56443.309470 0.0062238856 0.0000687889
   56447.260940 0.0058245396 0.0000643752
   56449.008070 0.0057129655 0.0000841894
   56451.906430 0.0054860733 0.0000808458
   56453.968900 0.0055317380 0.0000866136
   56454.976570 0.0053464019 0.0000837117
   56458.978770 0.0052876367 0.0000827916
   56461.288350 0.0052925090 0.0000584950
   56462.288610 0.0051720368 0.0000619271
   56463.019040 0.0051768026 0.0000905922
   56463.291250 0.0052633422 0.0000775635
   56469.899970 0.0058622131 0.0000863888
   56472.963690 0.0060098219 0.0000940993
   56477.085690 0.0063221035 0.0000640516
   56479.916680 0.0062411067 0.0000919723
   56483.954140 0.0062583753 0.0000922268
   56486.875690 0.0063395963 0.0001051017
   56491.914230 0.0069001988 0.0001080404
   56492.925060 0.0068811592 0.0000950667
   56494.914340 0.0068369374 0.0001007528
   56495.891150 0.0068684953 0.0001012179
   56496.939150 0.0068684953 0.0001075440
   56497.918360 0.0065775113 0.0000969298
   56498.874460 0.0066139606 0.0000974669
   56500.893390 0.0070284831 0.0001035756
   56504.920460 0.0068684953 0.0001012179
   56511.921590 0.0068748243 0.0001013112
   56514.904950 0.0072721295 0.0001071661
   56521.914650 0.0071459768 0.0001053070
   56528.874580 0.0071988248 0.0001060858
   56531.093180 0.0073597253 0.0000813427
   56532.874570 0.0072054582 0.0000995471
   56535.042450 0.0072054582 0.0000796377
   56535.882620 0.0074827564 0.0001033781
   56546.866370 0.0074415192 0.0001096623
   56553.838240 0.0069704627 0.0001091406
   56556.836480 0.0071393982 0.0001052101
   56701.281320 0.0069704627 0.0000963005
   56709.289790 0.0076359241 0.0001336260
   56711.276190 0.0079079079 0.0001092518
   56712.277760 0.0076148544 0.0001052031
   56715.278220 0.0073461807 0.0001014912
   56717.278520 0.0075938428 0.0001049128
   56719.254220 0.0077207876 0.0001066666
   56720.271520 0.0077065785 0.0001064703
   56721.247360 0.0079737314 0.0001101612
   56722.255070 0.0078570878 0.0001085497
   56728.250800 0.0081669821 0.0001053090
   56732.226910 0.0081070267 0.0001120027
   56733.232840 0.0083649164 0.0001155656
   56734.217260 0.0085440072 0.0001180398
   56736.209470 0.0089631694 0.0001238308
   56737.237800 0.0088076816 0.0001216826
   56740.246810 0.0085125878 0.0001176057
   56741.219440 0.0086788385 0.0001119091
   56743.211130 0.0082653568 0.0001065774
   56751.184910 0.0084190212 0.0001163131
   56752.181760 0.0082122395 0.0001058925
   56754.175330 0.0082958636 0.0001069708
   56755.166610 0.0083726243 0.0001079606
   56756.158610 0.0085125878 0.0001097654
   56762.158700 0.0082425503 0.0001138750
   56769.071240 0.0076218712 0.0001053000
   56772.174650 0.0077136798 0.0001065684
   56773.122930 0.0078643277 0.0001086497
   56774.115660 0.0076570521 0.0001057861
   56775.138740 0.0078570878 0.0001085497
   56776.129140 0.0080846571 0.0001116937
   56779.120590 0.0082122395 0.0001134563
   56780.120980 0.0081144970 0.0001121059
   56781.117400 0.0080253061 0.0001108737
   56782.120820 0.0079151947 0.0001093525
   56783.126780 0.0075311553 0.0001040468
   56785.129100 0.0073936962 0.0001021477
   56786.119810 0.0072654347 0.0001003757
   56787.164260 0.0074483762 0.0001029031
   56789.106170 0.0073056961 0.0001009319
   56793.116790 0.0069576344 0.0001025315
   56796.105550 0.0071131441 0.0000982717
   56797.104480 0.0069704627 0.0000963005
   56799.110460 0.0072654347 0.0001003757
   56800.112320 0.0074483762 0.0001029031
   56802.104020 0.0079590568 0.0001099584
   56803.105590 0.0080475115 0.0001111805
   56804.102790 0.0080105365 0.0001106697
   56806.097950 0.0077279020 0.0001067649
   56807.106690 0.0077564251 0.0001071590
   56812.998440 0.0071789612 0.0000991810
   56816.007000 0.0069576344 0.0000961233
   56816.997870 0.0070804621 0.0000978202
   56818.015270 0.0071789612 0.0001057931
   56819.935920 0.0071065956 0.0001112721
   56824.985140 0.0074621093 0.0001030928
   56826.967510 0.0076570521 0.0001057861
   56829.945200 0.0078715744 0.0001087498
   56831.917170 0.0085676478 0.0001104753
   56837.967090 0.0094028954 0.0001299058
   56839.896920 0.0093252741 0.0001288334
   56840.983440 0.0088728186 0.0001225825
   56841.940000 0.0086071943 0.0001189128
   56842.941150 0.0085913538 0.0001186939
   56843.954110 0.0087269323 0.0001205670
   56844.959970 0.0086230639 0.0001191320
   56847.977950 0.0082958636 0.0001146116
   56857.933150 0.0080327011 0.0001109759
   56861.934050 0.0080549269 0.0001112829
   56864.949280 0.0079810789 0.0001102627
   56868.914050 0.0076359241 0.0001054942
   56871.953220 0.0076994837 0.0001063723
   56878.890450 0.0078498545 0.0001084497
   56882.893470 0.0081669821 0.0001128310
   56887.889320 0.0077279020 0.0001067649
   56896.887380 0.0081219742 0.0001196898
   56898.879780 0.0082882264 0.0001221398
   56903.866790 0.0084500953 0.0001167424
   56906.853950 0.0083880615 0.0001236110
   56910.853460 0.0081444471 0.0001125197
   56913.852940 0.0081144970 0.0001270534
   57045.361640 0.0112321166 0.0003620807
   57045.365090 0.0111702169 0.0003806615
   57045.368530 0.0111291400 0.0003895120
   57051.325770 0.0101032617 0.0004187452
   57051.329240 0.0100568415 0.0004353466
   57051.332690 0.0100106345 0.0004149061
   57056.339510 0.0108059164 0.0004677730
   57056.342960 0.0106086862 0.0003810675
   57056.346430 0.0104920803 0.0002995705
   57061.301660 0.0112943594 0.0009570290
   57061.303530 0.0109461553 0.0010283417
   57061.305340 0.0100475830 0.0008976541
   57061.346490 0.0114093684 0.0006620302
   57061.349960 0.0115043372 0.0006675408
   57061.353410 0.0114304046 0.0006632509
   57065.393980 0.0104246529 0.0004032613
   57065.395830 0.0105891623 0.0004096251
   57065.397640 0.0109562417 0.0004843714
   57066.286020 0.0097647607 0.0001259115
   57066.381100 0.0093855906 0.0002679779
   57066.384550 0.0094637139 0.0002702085
   57066.388030 0.0093081121 0.0002914850
   57067.289860 0.0105114252 0.0001355393
   57068.277340 0.0097917790 0.0001262599
   57071.388780 0.0099279963 0.0004023370
   57071.392260 0.0097020075 0.0003842428
   57071.395710 0.0098008018 0.0003791286
   57076.280450 0.0102343816 0.0001319670
   57078.255850 0.0107562678 0.0004656238
   57078.259320 0.0111393950 0.0004616893
   57078.262800 0.0110474388 0.0004578780
   57082.272360 0.0109159517 0.0001407555
   57083.272860 0.0111908121 0.0001442997
   57084.278980 0.0116429117 0.0007077522
   57084.280820 0.0117182188 0.0006583656
   57084.282630 0.0107760998 0.0007146111
   57085.266500 0.0106773039 0.0001376782
   57086.264720 0.0108358156 0.0001397222
   57091.261060 0.0112528260 0.0001450993
   57091.330690 0.0106282462 0.0003915591
   57091.334670 0.0106674743 0.0003733541
   57091.338140 0.0106380396 0.0003919199
   57093.240220 0.0110780062 0.0001428451
   57094.253740 0.0112839617 0.0001455008
   57094.328420 0.0108358156 0.0004590871
   57094.331870 0.0106282462 0.0004698709
   57094.335340 0.0108258400 0.0004885774
   57096.364040 0.0103195701 0.0003516730
   57097.235940 0.0107364722 0.0001384412
   57097.385540 0.0107068472 0.0005423754
   57097.388980 0.0111702169 0.0005349838
   57097.392430 0.0110576186 0.0005194066
   57098.232470 0.0111393950 0.0001436367
   57098.390720 0.0109461553 0.0004738437
   57098.392570 0.0107167131 0.0005330047
   57098.394410 0.0107068472 0.0005127913
   57098.396260 0.0104054677 0.0003354326
   57098.399740 0.0104054677 0.0003450164
   57099.230930 0.0112735736 0.0001453668
   57100.409710 0.0112011240 0.0005364641
   57100.413190 0.0112217762 0.0005787957
   57100.416630 0.0109360781 0.0006345675
   57102.234490 0.0127309732 0.0007387166
   57102.237970 0.0123954302 0.0007877463
   57102.241420 0.0123954302 0.0008334128
   57102.361910 0.0108158736 0.0007072869
   57102.363760 0.0119691030 0.0007386047
   57102.365620 0.0114620317 0.0006756430
   57104.340620 0.0114937462 0.0004446175
   57104.344090 0.0113256101 0.0005945825
   57104.347560 0.0114831650 0.0005922776
   57110.206080 0.0116000966 0.0001495772
   57112.212690 0.0106969904 0.0001379321
   57115.215280 0.0108858314 0.0001503933
   57131.163170 0.0119031417 0.0001534848
   57132.164990 0.0116000966 0.0001495772
   57134.164440 0.0114304046 0.0001473891
   57135.155480 0.0113151836 0.0001459034
   57136.151310 0.0114409373 0.0001475249
   57139.160060 0.0113569471 0.0001464419
   57141.136640 0.0111188944 0.0001433723
   57142.150290 0.0115255486 0.0001486159
   57143.302420 0.0106576537 0.0004122746
   57143.305890 0.0106184617 0.0003814186
   57143.309330 0.0105794138 0.0004482240
   57144.146520 0.0112424666 0.0001449657
   57149.136660 0.0108657974 0.0001401088
   57151.153610 0.0109663374 0.0001414052
   57152.017580 0.0110068134 0.0001419271
   57153.137530 0.0108557943 0.0001499783
   57154.236610 0.0117723077 0.0004662359
   57154.240080 0.0117723077 0.0004662359
   57154.243530 0.0118266462 0.0004683880
   57160.122880 0.0099371445 0.0001281343
   57160.211640 0.0095865337 0.0005386010
   57160.215110 0.0097647607 0.0004586775
   57160.218550 0.0097198957 0.0004118083
   57161.154550 0.0094202321 0.0001214690
   57162.030260 0.0094724344 0.0001221421
   57162.110240 0.0092568154 0.0001193618
   57163.112090 0.0092995429 0.0001199127
   57164.102080 0.0093081121 0.0001200232
   57166.094140 0.0100661084 0.0001297972
   57166.172050 0.0100475830 0.0004349458
   57166.175490 0.0100383331 0.0004252997
   57166.178960 0.0101312167 0.0004292350
   57166.980540 0.0101967461 0.0001314817
   57170.144610 0.0105794138 0.0001364160
   57171.142250 0.0109159517 0.0001407555
   57176.102370 0.0102816213 0.0001420458
   57178.099520 0.0099188564 0.0001370341
   57179.974070 0.0099097250 0.0001277807
   57180.996200 0.0101498963 0.0001308776
   57182.962800 0.0102816213 0.0001325761
   57184.098170 0.0097378169 0.0002511281
   57184.101620 0.0098279198 0.0002896592
   57184.105060 0.0099188564 0.0003014749
   57185.980190 0.0096841522 0.0001248721
   57187.966660 0.0089055676 0.0001230350
   57188.968040 0.0088239209 0.0001219070
   57189.221170 0.0090294564 0.0004241383
   57189.224640 0.0090878595 0.0004185114
   57189.228080 0.0090461046 0.0004082567
   57189.883140 0.0087752926 0.0001212351
   57190.971930 0.0088239209 0.0001219070
   57192.947480 0.0087833786 0.0001213469
   57194.253170 0.0078715744 0.0004349993
   57194.256640 0.0079297885 0.0004601271
   57194.260110 0.0079590568 0.0004251726
   57194.949560 0.0081971259 0.0001132475
   57195.910910 0.0079006278 0.0001091512
   57196.968070 0.0080327011 0.0001109759
   57198.948450 0.0076570521 0.0001057861
   57199.260080 0.0080401029 0.0004072865
   57199.263530 0.0082198067 0.0003785361
   57199.267000 0.0082349621 0.0003868187
   57199.977360 0.0075938428 0.0001049128
   57202.964790 0.0079079079 0.0001311021
   57205.090410 0.0071196985 0.0005377137
   57205.093880 0.0083418352 0.0004148882
   57205.097350 0.0087028521 0.0005210155
   57205.940940 0.0080253061 0.0001182653
   57211.219460 0.0078643277 0.0003838956
   57211.222930 0.0078209877 0.0003889834
   57211.226400 0.0076994837 0.0004042147
   57211.936240 0.0076359241 0.0001054942
   57212.897980 0.0076078441 0.0001121133
   57216.961190 0.0076853138 0.0001132550
   57219.941590 0.0081369492 0.0001124161
   57220.114240 0.0080031619 0.0003980440
   57220.117700 0.0079517296 0.0003881621
   57220.121170 0.0080253061 0.0003843622
   57226.939370 0.0078860877 0.0001089503
   57230.894930 0.0079884331 0.0001103643
   57233.130650 0.0071065956 0.0004778154
   57233.134090 0.0070479304 0.0005063279
   57233.137530 0.0072654347 0.0004818033
   57233.943200 0.0073259104 0.0001012112
   57238.905530 0.0065714560 0.0000968406
   57240.886370 0.0062756918 0.0000924820
   57249.887650 0.0062181559 0.0000916341
   57256.895540 0.0065593621 0.0000966623
   57258.885420 0.0061668247 0.0000908777
   57261.884410 0.0065654063 0.0000967514
   57264.878150 0.0060153597 0.0000941860
   57267.890900 0.0061838878 0.0000911291
   57272.854270 0.0064992255 0.0000957761
   57274.862780 0.0067183342 0.0000990050
   57279.857170 0.0068369374 0.0001007528
   57285.842210 0.0071657492 0.0001055984
   57425.013510 0.0052247030 0.0000769941
   57431.182430 0.0054058203 0.0000746842
   57449.689180 0.0061952895 0.0000855911
   57455.858100 0.0064634085 0.0000892953
   57455.858100 0.0059382928 0.0001039180
   57462.027020 0.0063512850 0.0000877462
   57474.364860 0.0071591524 0.0000989073
   57474.364860 0.0076641078 0.0001058836
   57474.364860 0.0074346684 0.0001027137
   57486.702700 0.0076288944 0.0000983706
   57492.407520 0.0065412629 0.0002952116
   57492.409280 0.0064041516 0.0003008205
   57492.412790 0.0064574582 0.0002973769
   57492.414550 0.0064218714 0.0003016529
   57492.416310 0.0065412629 0.0002952116
   57492.418060 0.0064872645 0.0003047246
   57492.419820 0.0063688586 0.0001231846
   57492.421570 0.0064753255 0.0001252439
   57492.423330 0.0065896387 0.0002852562
   57492.871620 0.0070935168 0.0000980006
   57492.871620 0.0068874999 0.0000951543
   57499.040540 0.0091635046 0.0001265985
   57508.213810 0.0090294564 0.0001746452
   57508.217250 0.0089962518 0.0001740029
   57508.220680 0.0090128388 0.0001826249
   57511.263040 0.0091973265 0.0001524789
   57511.266480 0.0091466404 0.0001516386
   57511.269920 0.0091466404 0.0001516386
   57511.378370 0.0094376008 0.0001303853
   57511.378370 0.0088564893 0.0001141998
   57516.213320 0.0095688909 0.0001674522
   57516.216790 0.0095424876 0.0001406233
   57516.220220 0.0094724344 0.0001483154
   57522.286490 0.0097467899 0.0001346569
   57523.716210 0.0090045415 0.0001161088
   57523.716210 0.0093166891 0.0001201338
   57526.261270 0.0092824283 0.0002393841
   57528.359000 0.0103385969 0.0005618098
   57528.362430 0.0099922112 0.0006626280
   57529.370090 0.0083880615 0.0002703992
   57529.374830 0.0085361415 0.0002358623
   57529.378290 0.0086230639 0.0002620905
   57534.161390 0.0091466404 0.0002780041
   57534.164850 0.0091550686 0.0002782603
   57534.168290 0.0092312732 0.0003060834
   57536.054050 0.0087028521 0.0001122187
   57536.172620 0.0085361415 0.0002044140
   57539.138510 0.0080995633 0.0001044396
   57542.222970 0.0083803393 0.0001080601
   57546.093040 0.0073597253 0.0002508066
   57546.096500 0.0073326610 0.0001080581
   57546.099940 0.0076288944 0.0002178206
   57547.100050 0.0075728892 0.0002510960
   57547.103510 0.0074346684 0.0002465130
   57547.106950 0.0074689853 0.0002476508
   57547.126540 0.0076148544 0.0002665145
   57547.128290 0.0076148544 0.0002665145
   57547.130050 0.0076148544 0.0002524874
   57547.131800 0.0076359241 0.0002602190
   57547.133560 0.0075798673 0.0002583087
   57547.135320 0.0076288944 0.0002599794
   57547.137070 0.0075868519 0.0002515590
   57547.138830 0.0076078441 0.0002592621
   57547.140590 0.0076500030 0.0002466070
   57547.142340 0.0076078441 0.0002522550
   57548.106980 0.0081144970 0.0002242118
   57548.215340 0.0076711700 0.0002543547
   57548.218780 0.0075798673 0.0002583087
   57548.222210 0.0095161571 0.0002804705
   57548.391890 0.0076641078 0.0001058836
   57548.391890 0.0074346684 0.0001027137
   57549.283970 0.0067680195 0.0003490803
   57549.287430 0.0070739438 0.0003062211
   57549.290870 0.0071657492 0.0002903956
   57550.290820 0.0076570521 0.0002468342
   57550.294260 0.0075798673 0.0002513274
   57550.297690 0.0076641078 0.0002400027
   57554.054380 0.0079957941 0.0004271351
   57554.057810 0.0082577476 0.0004335230
   57554.061250 0.0081144970 0.0003437915
   57555.064720 0.0078209877 0.0002377121
   57555.068150 0.0079224883 0.0002918753
   57555.071590 0.0078715744 0.0003697494
   57558.048990 0.0071988248 0.0003646699
   57558.052430 0.0070609251 0.0002926509
   57558.055900 0.0068938464 0.0003111239
   57559.057110 0.0067555639 0.0003359936
   57559.060540 0.0064634085 0.0003988523
   57559.063980 0.0065654063 0.0003809586
   57560.066860 0.0069576344 0.0003140027
   57560.070320 0.0069576344 0.0003075945
   57560.073760 0.0069384363 0.0003323079
   57561.073840 0.0069448298 0.0002942355
   57561.077280 0.0069640456 0.0003142920
   57561.080710 0.0068748243 0.0003355932
   57562.081720 0.0073732949 0.0002920154
   57562.085150 0.0073597253 0.0002846994
   57562.088870 0.0072855376 0.0002751194
   57566.059630 0.0081369492 0.0002323266
   57566.063070 0.0081219742 0.0002318991
   57566.066510 0.0081444471 0.0002325407
   57567.066630 0.0083957907 0.0002242515
   57567.070060 0.0082501454 0.0002355586
   57567.073500 0.0083035079 0.0002294344
   57568.073620 0.0085676478 0.0001972774
   57568.077060 0.0086788385 0.0001998376
   57568.080490 0.0085597603 0.0001970958
   57570.218280 0.0094811628 0.0002445093
   57570.225170 0.0089302086 0.0002549758
   57573.056380 0.0088891780 0.0001801192
   57573.059820 0.0088401901 0.0001791266
   57573.063250 0.0088076816 0.0001865800
   57573.067560 0.0085597603 0.0001182575
   57575.032560 0.0083957907 0.0001778546
   57575.035990 0.0084345439 0.0001786755
   57575.039430 0.0083726243 0.0001696524
   57576.039610 0.0081294582 0.0001871877
   57576.043050 0.0082046792 0.0001889197
   57576.046510 0.0081971259 0.0001887458
   57579.236480 0.0089631694 0.0001238308
   57579.236480 0.0079590568 0.0001099584
   57583.981920 0.0081669821 0.0002256621
   57583.985360 0.0080475115 0.0002223610
   57583.988790 0.0080995633 0.0002237992
   57584.988900 0.0080623492 0.0003490078
   57584.992360 0.0081971259 0.0002868936
   57584.995800 0.0081219742 0.0002992246
   57585.995910 0.0086310097 0.0003736243
   57585.999340 0.0086071943 0.0003805209
   57586.002780 0.0084500953 0.0003190958
   57587.021130 0.0082729730 0.0002666891
   57587.024590 0.0083649164 0.0003004705
   57587.028050 0.0082349621 0.0002730485
   57588.980690 0.0071000532 0.0002550362
   57588.984130 0.0070284831 0.0001035756
   57588.987560 0.0071131441 0.0001048232
   57590.995680 0.0068055245 0.0003071379
   57590.999120 0.0069129212 0.0002928836
   57591.002550 0.0068748243 0.0003039335
   57592.981900 0.0074141540 0.0002731475
   57592.986070 0.0073259104 0.0003036336
   57592.989510 0.0073732949 0.0002988064
   57595.025040 0.0079224883 0.0002480940
   57595.028470 0.0079737314 0.0002350105
   57595.031910 0.0079517296 0.0002343620
   57597.108630 0.0078354078 0.0003247505
   57597.112070 0.0078788277 0.0002975234
   57597.115500 0.0081669821 0.0002632724
   57598.983820 0.0077635723 0.0002502680
   57598.987280 0.0077707262 0.0002504986
   57598.990740 0.0077635723 0.0002502680
   57599.990820 0.0078933544 0.0002471816
   57599.994260 0.0078788277 0.0002467267
   57599.997700 0.0079151947 0.0002405754
   57600.827700 0.0082729730 0.0001142953
   57600.997820 0.0077279020 0.0002918241
   57601.001260 0.0077778866 0.0002793842
   57601.004690 0.0077492845 0.0002783568
   57603.912160 0.0080623492 0.0001113855
   57603.985610 0.0071000532 0.0002942726
   57603.989050 0.0070026368 0.0003031343
   57603.992480 0.0071525616 0.0003096244
   57604.997450 0.0071065956 0.0002945437
   57605.000880 0.0070220126 0.0002975056
   57605.004320 0.0071065956 0.0002945437
   57606.996620 0.0064932422 0.0000897075
   57607.984000 0.0063923656 0.0003414800
   57607.987430 0.0064992255 0.0003531745
   57607.990870 0.0065292245 0.0003487910
   57609.002500 0.0062124314 0.0003719209
   57609.005970 0.0061895860 0.0003762541
   57609.009400 0.0062641422 0.0003692472
   57610.009510 0.0060431254 0.0003784828
   57610.012950 0.0060766134 0.0003805802
   57610.016410 0.0061046617 0.0003767143
   57611.055790 0.0060098219 0.0000996345
   57611.059230 0.0060098219 0.0003431855
   57612.062050 0.0063923656 0.0003650303
   57612.065480 0.0064812922 0.0003581694
   57612.068920 0.0063923656 0.0003650303
   57613.069040 0.0067867461 0.0003500462
   57613.072480 0.0067680195 0.0003428467
   57613.075910 0.0067121492 0.0003523807
   57614.076050 0.0066813097 0.0002953783
   57614.079520 0.0068306433 0.0002956890
   57614.082980 0.0067992593 0.0002943304
   57615.133330 0.0067183342 0.0003774567
   57615.136760 0.0066874663 0.0003818818
   57615.140220 0.0065775113 0.0003877192
   57617.001510 0.0073732949 0.0003055975
   57617.004940 0.0077707262 0.0005153114
   57617.008380 0.0076711700 0.0004097937
   57619.099850 0.0074552396 0.0002540616
   57619.103290 0.0074346684 0.0002533606
   57619.106750 0.0074415192 0.0002467401
   57620.106790 0.0077994074 0.0003088913
   57620.110230 0.0076429603 0.0003871685
   57620.113690 0.0072320531 0.0004129800
   57621.117350 0.0077850536 0.0002509605
   57621.120790 0.0077994074 0.0002514232
   57622.418910 0.0088157975 0.0001217947
   57623.003490 0.0080846571 0.0002382798
   57623.006950 0.0080623492 0.0002301966
   57623.010390 0.0081444471 0.0002100368
   57624.022090 0.0086548910 0.0001992862
   57624.025520 0.0086389628 0.0001989195
   57624.028980 0.0086708486 0.0001996537
   57625.065140 0.0086628662 0.0002313850
   57625.068570 0.0085676478 0.0002209507
   57625.072010 0.0085676478 0.0002209507
   57626.072060 0.0086628662 0.0001994699
   57626.075520 0.0086948402 0.0001921979
   57626.078950 0.0086868356 0.0001920209
   57629.062210 0.0092995429 0.0003083470
   57629.065670 0.0092568154 0.0002984045
   57629.069130 0.0094462972 0.0002871119
   57631.672290 0.0094986439 0.0001312286
   57632.006190 0.0095600817 0.0003169858
   57632.020470 0.0095424876 0.0002900355
   57632.023910 0.0095600817 0.0002817651
   57634.756750 0.0091635046 0.0001265985
   57634.756750 0.0097827646 0.0001351539
   57638.017180 0.0091466404 0.0002274579
   57638.018940 0.0090294564 0.0002827588
   57638.020690 0.0089962518 0.0002568615
   57638.022450 0.0090544402 0.0002418440
   57638.024200 0.0088891780 0.0002619915
   57638.025960 0.0088483360 0.0003015359
   57638.027710 0.0091214022 0.0002268303
   57638.029470 0.0086948402 0.0003363462
   57638.031220 0.0087591428 0.0002904289
   57638.032970 0.0088564893 0.0002610281
   57647.052620 0.0095777083 0.0008556753
   57647.056060 0.0092909817 0.0006246837
   57647.059490 0.0092653452 0.0006997633
   57651.012670 0.0100568415 0.0002500927
   57651.016110 0.0100198589 0.0002307158
   57651.019570 0.0100661084 0.0002317807
   57654.019680 0.0106674743 0.0003537038
   57654.026570 0.0110882141 0.0002757408
   57776.641890 0.0112839617 0.0001558937
   57784.337200 0.0113360461 0.0003027856
   57784.340660 0.0112528260 0.0003212913
   57784.344130 0.0112528260 0.0003109271
   57788.979720 0.0094724344 0.0001395910
   57792.358700 0.0090461046 0.0002249578
   57792.362140 0.0089466738 0.0002801665
   57792.365580 0.0088320517 0.0003823272
   57795.148640 0.0099738218 0.0001377934
   57799.325960 0.0095073965 0.0002539424
   57799.329420 0.0092058015 0.0002458868
   57799.332850 0.0090711345 0.0002840640
   57801.317560 0.0109461553 0.0001512267
   57802.347970 0.0095512806 0.0001495499
   57802.351410 0.0097827646 0.0001892154
   57802.354870 0.0095953673 0.0001414026
   57807.486480 0.0114304046 0.0001579169
   57813.655400 0.0106773039 0.0001475124
   57815.270780 0.0107068472 0.0002366729
   57815.274220 0.0107364722 0.0002373278
   57815.277680 0.0106773039 0.0002065174
   57819.824320 0.0087430227 0.0001207893
   57819.824320 0.0112321166 0.0001551774
   57825.993240 0.0084500953 0.0001167424
   57825.993240 0.0090461046 0.0001249766
   57840.313150 0.0090128388 0.0001909260
   57840.316610 0.0090962336 0.0001926926
   57840.320050 0.0091298072 0.0002018127
   57844.349550 0.0097198957 0.0001700947
   57844.352980 0.0098008018 0.0001534568
   57844.356420 0.0098098328 0.0001807038
   57844.500000 0.0098914875 0.0001366559
   57850.668910 0.0102343816 0.0001413932
   57856.837830 0.0080623492 0.0001113855
   57863.006750 0.0085204318 0.0001177141
   57863.168450 0.0093683176 0.0001294281
   57864.172040 0.0090627835 0.0001252070
   57865.200710 0.0085597603 0.0001182575
   57867.157700 0.0081144970 0.0001195796
   57875.136200 0.0081971259 0.0001283471
   57875.344590 0.0089631694 0.0001238308
   57875.344590 0.0082349621 0.0001137702
   57876.114690 0.0082501454 0.0001139800
   57879.125440 0.0090045415 0.0001244023
   57880.103940 0.0089714286 0.0001239449
   57881.513510 0.0094376008 0.0001303853
   57887.103940 0.0094462972 0.0001218051
   57887.682430 0.0108158736 0.0001494268
   57891.043010 0.0108458003 0.0001498403
   57893.000000 0.0112528260 0.0001554635
   57893.851350 0.0112321166 0.0001551774
   57907.109550 0.0118484518 0.0004692516
   57907.111310 0.0119360768 0.0005276896
   57907.113060 0.0119911712 0.0004086382
   57907.114810 0.0119801320 0.0004082620
   57907.116570 0.0117506423 0.0004004414
   57907.118320 0.0116858849 0.0004520501
   57907.120080 0.0114831650 0.0003913263
   57907.121830 0.0117614700 0.0003683123
   57907.123580 0.0116107856 0.0003742875
   57907.125340 0.0113674121 0.0003455025
   57924.110440 0.0095777083 0.0002381777
   57924.112190 0.0096042090 0.0002653741
   57924.113940 0.0097557712 0.0002965181
   57924.115700 0.0096752368 0.0002851591
   57924.117460 0.0095600817 0.0002905703
   57924.119210 0.0097827646 0.0003063488
   57924.120970 0.0096930757 0.0003035402
   57924.122720 0.0096130589 0.0002921805
   57924.124470 0.0095512806 0.0002990999
   57924.126230 0.0096130589 0.0002921805
   57937.924070 0.0101873589 0.0001407436
   57946.961680 0.0088239209 0.0001219070
   57949.888170 0.0090544402 0.0001250917
   57951.910440 0.0091550686 0.0001264819
   57952.933350 0.0091382199 0.0001262492
   57957.955210 0.0105502222 0.0001457567
   57961.927460 0.0101873589 0.0001407436
   57963.925770 0.0101873589 0.0001407436
   57964.949390 0.0106282462 0.0001468346
   57965.901190 0.0107860295 0.0001490145
   57982.031250 0.0112943594 0.0001560373
   57990.591790 0.0114409373 0.0001580624
   57999.152340 0.0118702975 0.0001639942
   58013.419920 0.0107463654 0.0001484665
   58178.227420 0.0094115598 0.0004074132
   58178.230900 0.0095161571 0.0003155294
   58178.234380 0.0095688909 0.0003172779
   58187.484370 0.0101498963 0.0001495744
   58190.337890 0.0098279198 0.0001357777
   58213.166010 0.0106674743 0.0001473766
   58216.019530 0.0109966804 0.0001519248
   58284.503900 0.0105599437 0.0001458910
   58293.064450 0.0106871426 0.0001476483
   58318.746090 0.0101312167 0.0001399679
   58327.306640 0.0095865337 0.0001324429
   58344.427730 0.0086469233 0.0001194617
   58358.695310 0.0093683176 0.0001294281
   58361.548820 0.0091214022 0.0001260168
   58381.523430 0.0088483360 0.0001222443
   58509.330190 0.0121916252 0.0003368671
   58509.333660 0.0124986068 0.0003338376
   58509.337120 0.0124182845 0.0004003182
   58509.931640 0.0119031417 0.0001644480
   58512.347130 0.0112943594 0.0002080498
   58512.350570 0.0112839617 0.0001974653
   58512.354000 0.0111496595 0.0001951151
   58512.364900 0.0112631950 0.0002178495
   58516.342780 0.0117614700 0.0003899777
   58516.346240 0.0118484518 0.0004037746
   58516.349710 0.0119141100 0.0003730922
   58521.301840 0.0124641195 0.0027207312
   58521.305300 0.0126026421 0.0013696806
   58527.284310 0.0123271195 0.0003519646
   58527.287750 0.0123271195 0.0003633183
   58530.364840 0.0119141100 0.0006364514
   58530.368270 0.0118921836 0.0006352801
   58530.371710 0.0119470754 0.0006382125
   58532.759760 0.0113778867 0.0001676707
   58534.261610 0.0110678077 0.0003363963
   58534.265100 0.0108258400 0.0004387226
   58534.268530 0.0109865568 0.0004047597
   58537.380040 0.0110882141 0.0002348903
   58541.320310 0.0125101237 0.0001958782
   58541.326210 0.0123498478 0.0003753628
   58541.329650 0.0124411809 0.0003208450
   58541.333090 0.0123498478 0.0003071150
   58544.173820 0.0124182845 0.0001715649
   58546.236840 0.0132331003 0.0011091204
   58546.240280 0.0116966530 0.0003555095
   58546.243740 0.0117614700 0.0003683123
   58549.360720 0.0129437944 0.0004053370
   58549.364190 0.0127897367 0.0004005126
   58549.367650 0.0128961954 0.0004038464
   58552.734370 0.0137297176 0.0001896831
   58558.441400 0.0144032867 0.0001857228
   58558.441400 0.0154191916 0.0002130240
   58558.441400 0.0146981138 0.0002030619
   58564.148430 0.0137044498 0.0001893340
   58568.367750 0.0155905560 0.0008041282
   58568.371180 0.0158365875 0.0008022320
   58568.374640 0.0159096859 0.0007912816
   58571.376000 0.0149713721 0.0002619937
   58571.379440 0.0150820927 0.0005695359
   58574.383340 0.0140754278 0.0006093056
   58575.320250 0.0147387823 0.0005701466
   58575.323680 0.0147931821 0.0005586260
   58575.327120 0.0149163170 0.0005632759
   58578.327270 0.0164460499 0.0003786843
   58578.330710 0.0165524241 0.0003811336
   58578.334140 0.0163554164 0.0003765974
   58581.335780 0.0157203280 0.0008253006
   58581.339240 0.0157783507 0.0008428791
   58581.342670 0.0159096859 0.0008645484
   58582.163130 0.0163704872 0.0008141999
   58582.164880 0.0166135179 0.0008721921
   58582.166640 0.0164006705 0.0008459122
   58582.168390 0.0164157831 0.0008466917
   58582.170140 0.0164006705 0.0008005955
   58582.171900 0.0164309095 0.0008172051
   58582.173650 0.0161905501 0.0007754265
   58582.175400 0.0161905501 0.0007605144
   58582.177150 0.0162054690 0.0007910668
   58582.178910 0.0162054690 0.0007761410
   58584.153570 0.0165219615 0.0008521682
   58584.155320 0.0164309095 0.0008323385
   58584.157070 0.0164763726 0.0008346415
   58584.158820 0.0165067512 0.0008209771
   58584.160580 0.0164309095 0.0008323385
   58584.162330 0.0166441494 0.0008431405
   58584.164080 0.0163403594 0.0008127015
   58584.165840 0.0162353481 0.0007925253
   58584.167590 0.0162353481 0.0007925253
   58584.169340 0.0165219615 0.0008217336
   58584.342780 0.0165371857 0.0009748039
   58584.346220 0.0165829429 0.0009775011
   58584.349650 0.0166135179 0.0009946050
   58586.976560 0.0177199138 0.0002448097
   58586.976560 0.0169223863 0.0002337914
   58587.349890 0.0170947048 0.0011651156
   58587.353350 0.0170947048 0.0011966052
   58587.356780 0.0171262234 0.0011672638
   58590.356870 0.0181828353 0.0003851812
   58590.360330 0.0181660960 0.0003848266
   58590.364050 0.0185379456 0.0003244075
   58593.363910 0.0146981138 0.0009882348
   58593.367340 0.0150404768 0.0010251065
   58593.370780 0.0154476210 0.0012662728
   58599.312920 0.0159243460 0.0007333432
   58599.316420 0.0157783507 0.0007266199
   58599.319880 0.0159390196 0.0007486994
   58603.228600 0.0144165587 0.0005842382
   58603.232040 0.0143503206 0.0005815539
   58603.235490 0.0143239107 0.0005804836
   58604.097650 0.0147252136 0.0002034363
   58606.264090 0.0150404768 0.0006510812
   58606.267530 0.0151238236 0.0006686187
   58606.270990 0.0151377596 0.0006692348
   58606.951170 0.0155046371 0.0002142045
   58609.271110 0.0155046371 0.0011281436
   58609.274570 0.0158657865 0.0010229051
   58609.278010 0.0160716921 0.0007253262
   58612.278130 0.0147523635 0.0006521966
   58612.281590 0.0149025849 0.0006588378
   58612.285050 0.0150820927 0.0006667738
   58615.285140 0.0143900269 0.0005831630
   58615.288650 0.0144165587 0.0005709601
   58615.292090 0.0145365586 0.0005891013
   58615.511710 0.0149025849 0.0002058868
   58618.304380 0.0148477828 0.0006974410
   58618.307820 0.0146981138 0.0006227233
   58618.311260 0.0147659572 0.0006255977
   58621.317220 0.0135913190 0.0009513731
   58621.320660 0.0138185223 0.0006872758
   58624.072260 0.0136038428 0.0001879440
   58624.320760 0.0130997077 0.0004464152
   58624.324190 0.0133186929 0.0004170770
   58624.327650 0.0130997077 0.0003981541
   58626.925780 0.0133678513 0.0001846837
   58631.187860 0.0125447383 0.0004159487
   58631.191320 0.0127661988 0.0003997755
   58631.194780 0.0125794486 0.0004518579
   58632.632810 0.0128487715 0.0001775123
   58635.176380 0.0120687309 0.0002890085
   58635.179820 0.0120132801 0.0002655514
   58635.183250 0.0120798518 0.0002892748
   58638.339840 0.0122931054 0.0001698355
   58639.219100 0.0134171911 0.0004943076
   58639.222570 0.0124297274 0.0004350317
   58639.226030 0.0121691881 0.0004371212
   58641.193350 0.0114620317 0.0001583538
   58642.226090 0.0118048808 0.0002718174
   58642.229550 0.0114831650 0.0003067152
   58642.232990 0.0115467990 0.0002552399
   58652.102840 0.0105114252 0.0008519615
   58652.106280 0.0104246529 0.0009025373
   58652.109710 0.0101873589 0.0009007588
   58655.109820 0.0110882141 0.0002144651
   58655.113740 0.0111393950 0.0001846757
   58655.117200 0.0109865568 0.0002023799
   58658.975440 0.0111599334 0.0001541802
   58662.890850 0.0107265881 0.0001481933
   58666.219380 0.0108158736 0.0001892740
   58666.222840 0.0106871426 0.0001673348
   58666.226270 0.0107661792 0.0001586563
   58668.945420 0.0103863177 0.0001434923
   58669.226190 0.0109865568 0.0003238078
   58669.229630 0.0110372684 0.0003354681
   58669.233090 0.0109663374 0.0003636133
   58674.085800 0.0112217762 0.0002583909
   58674.089230 0.0110576186 0.0002546111
   58674.092650 0.0109159517 0.0002211872
   58675.916780 0.0107760998 0.0001488773
   58678.219490 0.0100661084 0.0002410519
   58678.222920 0.0098008018 0.0002527524
   58678.226350 0.0101312167 0.0001866239
   58682.018610 0.0108258400 0.0002193613
   58682.022040 0.0106576537 0.0002257694
   58682.025460 0.0106674743 0.0002161524
