5.120000000000000107e-01 6.870000000000000000e+02
1.536000000000000032e+00 5.840000000000000000e+02
2.560000000000000053e+00 6.490000000000000000e+02
3.584000000000000075e+00 5.700000000000000000e+02
4.607999999999999652e+00 5.100000000000000000e+02
5.631999999999999673e+00 5.600000000000000000e+02
6.655999999999999694e+00 8.010000000000000000e+02
7.679999999999999716e+00 5.920000000000000000e+02
8.704000000000000625e+00 4.970000000000000000e+02
9.727999999999999758e+00 4.850000000000000000e+02
1.075200000000000067e+01 5.390000000000000000e+02
1.177599999999999980e+01 4.890000000000000000e+02
1.280000000000000071e+01 6.930000000000000000e+02
1.382399999999999984e+01 8.000000000000000000e+02
1.484800000000000075e+01 6.880000000000000000e+02
1.587199999999999989e+01 4.970000000000000000e+02
1.689600000000000080e+01 4.600000000000000000e+02
1.792000000000000171e+01 4.480000000000000000e+02
1.894399999999999906e+01 4.370000000000000000e+02
1.996799999999999997e+01 5.640000000000000000e+02
2.099200000000000088e+01 7.460000000000000000e+02
2.201599999999999824e+01 1.202000000000000000e+03
2.303999999999999915e+01 1.139000000000000000e+03
2.406400000000000006e+01 1.177000000000000000e+03
2.508800000000000097e+01 9.840000000000000000e+02
2.611199999999999832e+01 8.500000000000000000e+02
2.713599999999999923e+01 1.174000000000000000e+03
2.816000000000000014e+01 1.030000000000000000e+03
2.918400000000000105e+01 1.046000000000000000e+03
3.020799999999999841e+01 1.012000000000000000e+03
3.123199999999999932e+01 1.032000000000000000e+03
3.225600000000000023e+01 9.720000000000000000e+02
3.328000000000000114e+01 8.570000000000000000e+02
3.430400000000000205e+01 6.350000000000000000e+02
3.532800000000000296e+01 8.360000000000000000e+02
3.635199999999999676e+01 8.580000000000000000e+02
3.737599999999999767e+01 9.620000000000000000e+02
3.839999999999999858e+01 8.200000000000000000e+02
3.942399999999999949e+01 9.100000000000000000e+02
4.044800000000000040e+01 8.580000000000000000e+02
4.147200000000000131e+01 8.420000000000000000e+02
4.249600000000000222e+01 9.440000000000000000e+02
4.352000000000000313e+01 9.280000000000000000e+02
4.454399999999999693e+01 9.260000000000000000e+02
4.556799999999999784e+01 9.280000000000000000e+02
4.659199999999999875e+01 8.420000000000000000e+02
4.761599999999999966e+01 7.840000000000000000e+02
4.864000000000000057e+01 7.840000000000000000e+02
4.966400000000000148e+01 7.900000000000000000e+02
5.068800000000000239e+01 7.740000000000000000e+02
5.171200000000000330e+01 7.840000000000000000e+02
5.273599999999999710e+01 7.760000000000000000e+02
5.375999999999999801e+01 7.700000000000000000e+02
5.478399999999999892e+01 7.200000000000000000e+02
5.580799999999999983e+01 7.600000000000000000e+02
5.683200000000000074e+01 6.470000000000000000e+02
5.785600000000000165e+01 5.950000000000000000e+02
5.888000000000000256e+01 4.890000000000000000e+02
5.990400000000000347e+01 5.390000000000000000e+02
6.092799999999999727e+01 6.950000000000000000e+02
6.195199999999999818e+01 7.300000000000000000e+02
6.297599999999999909e+01 7.700000000000000000e+02
6.400000000000000000e+01 6.920000000000000000e+02
6.502400000000000091e+01 5.990000000000000000e+02
6.604800000000000182e+01 4.560000000000000000e+02
6.707200000000000273e+01 4.810000000000000000e+02
6.809600000000000364e+01 4.120000000000000000e+02
6.912000000000000455e+01 5.900000000000000000e+02
7.014400000000000546e+01 6.560000000000000000e+02
7.116800000000000637e+01 6.820000000000000000e+02
7.219199999999999307e+01 6.360000000000000000e+02
7.321599999999999397e+01 6.290000000000000000e+02
7.423999999999999488e+01 5.000000000000000000e+02
7.526399999999999579e+01 5.300000000000000000e+02
7.628799999999999670e+01 4.890000000000000000e+02
7.731199999999999761e+01 5.320000000000000000e+02
7.833599999999999852e+01 5.800000000000000000e+02
7.935999999999999943e+01 5.790000000000000000e+02
8.038400000000000034e+01 6.130000000000000000e+02
8.140800000000000125e+01 5.670000000000000000e+02
8.243200000000000216e+01 4.410000000000000000e+02
8.345600000000000307e+01 4.610000000000000000e+02
8.448000000000000398e+01 4.320000000000000000e+02
8.550400000000000489e+01 6.060000000000000000e+02
8.652800000000000580e+01 5.870000000000000000e+02
8.755200000000000671e+01 5.510000000000000000e+02
8.857599999999999341e+01 6.750000000000000000e+02
8.959999999999999432e+01 5.550000000000000000e+02
9.062399999999999523e+01 4.450000000000000000e+02
9.164799999999999613e+01 5.800000000000000000e+02
9.267199999999999704e+01 5.160000000000000000e+02
9.369599999999999795e+01 4.800000000000000000e+02
9.471999999999999886e+01 4.440000000000000000e+02
9.574399999999999977e+01 4.670000000000000000e+02
9.676800000000000068e+01 5.180000000000000000e+02
9.779200000000000159e+01 4.710000000000000000e+02
