-238.988 -0.004340 0.005004 0.004957 0.005152 -0.000970 0.004745 0.002349 0.004485 1.996430821662898E-03 9.706241036713473E-03
-237.988 -0.004765 0.004877 0.002077 0.005246 0.006152 0.004713 -0.006517 0.004390 -3.053358915792614E-03 9.632897382151546E-03
-236.988 0.001381 0.005025 -0.004414 0.005185 -0.006170 0.004871 -0.007383 0.004574 -1.658650123029304E-02 9.838009661113317E-03
-235.988 -0.004216 0.005094 0.004518 0.005166 0.005271 0.004780 -0.004571 0.004460 1.001287966730047E-03 9.765788011274803E-03
-234.988 0.000383 0.005050 0.005492 0.005214 -0.009955 0.004768 -0.002494 0.004540 -6.573470666669579E-03 9.799831527605100E-03
-233.988 -0.005339 0.004998 -0.010591 0.005085 0.011325 0.004827 0.003711 0.004369 -8.939389067421644E-04 9.655598580110924E-03
-232.988 -0.005957 0.005086 0.009174 0.005214 -0.002149 0.004665 -0.002220 0.004466 -1.151067395937844E-03 9.734873692708109E-03
-231.988 0.004915 0.005168 -0.010206 0.005237 0.001388 0.004834 -0.005213 0.004446 -9.116549455541190E-03 9.862556780405627E-03
-230.988 -0.004635 0.005062 0.000350 0.005180 0.005256 0.004707 0.002655 0.004562 3.625688542179262E-03 9.768510574772821E-03
-229.988 0.010957 0.005014 0.000826 0.005361 0.005169 0.004789 0.006846 0.004435 2.379748413055438E-02 9.823275835081373E-03
-228.988 0.000936 0.005043 -0.004093 0.005197 0.008247 0.004632 -0.009822 0.004448 -4.731248074897110E-03 9.678695468646598E-03
-227.988 -0.006542 0.004951 0.000505 0.005153 0.004628 0.004869 -0.010380 0.004431 -1.178876650995875E-02 9.716316414696807E-03
-226.988 0.005553 0.005088 -0.003221 0.005264 0.011755 0.004852 -0.007918 0.004378 6.169601609705921E-03 9.813452328891806E-03
-225.988 0.006288 0.005077 0.000796 0.005235 -0.003776 0.004821 0.006584 0.004496 9.891751939818505E-03 9.830413081026832E-03
-224.988 0.002110 0.005005 0.010826 0.005375 0.002470 0.004823 -0.000654 0.004470 1.475223442007945E-02 9.858094677519276E-03
-223.988 0.003622 0.004880 0.003706 0.005260 -0.001025 0.004741 -0.001466 0.004328 4.836858935789223E-03 9.627743453237376E-03
-222.988 0.009373 0.004938 0.000592 0.005210 -0.001463 0.004724 0.005835 0.004412 1.433671277720094E-02 9.659722850813476E-03
-221.988 -0.006284 0.005057 -0.002564 0.005080 0.001851 0.004589 0.007655 0.004385 6.572773279813759E-04 9.574080694781528E-03
-220.988 -0.003641 0.004956 -0.002716 0.005149 0.001956 0.004753 0.002343 0.004471 -2.058179597383969E-03 9.676934823274671E-03
-219.988 0.001668 0.004962 -0.000986 0.005255 0.002346 0.004852 -0.009643 0.004624 -6.614529977653660E-03 9.856946466334520E-03
-218.988 0.000901 0.004973 -0.005282 0.005257 0.002712 0.004844 0.000698 0.004465 -9.709027010984528E-04 9.785964541294689E-03
-217.988 0.003892 0.004969 0.006334 0.005241 0.004783 0.004764 -0.009600 0.004338 5.408940727448908E-03 9.678507257014928E-03
-216.988 -0.007351 0.004941 0.005659 0.005132 -0.001946 0.004740 0.001032 0.004565 -2.606392984048966E-03 9.698490091873561E-03
-215.988 -0.003234 0.004998 0.003513 0.005210 0.007632 0.004758 -0.004943 0.004426 2.968051338513078E-03 9.713657253314207E-03
-214.988 0.000542 0.005009 -0.002445 0.005150 -0.003127 0.004822 0.003520 0.004337 -1.510922169121187E-03 9.678316638629732E-03
-213.988 -0.011970 0.005130 -0.004467 0.005066 -0.005065 0.004910 -0.004229 0.004539 -2.573094951636534E-02 9.833196504927939E-03
-212.988 0.002338 0.005093 -0.016640 0.005132 -0.004304 0.004807 0.012379 0.004553 -6.227474389980614E-03 9.803972674083889E-03
-211.988 0.000963 0.004925 0.002871 0.005199 -0.005406 0.004759 0.008806 0.004500 7.233632173427651E-03 9.705304991179402E-03
-210.988 0.000060 0.005142 0.001800 0.005260 0.003994 0.004721 -0.004275 0.004479 1.579059484427603E-03 9.821069715398381E-03
-209.988 0.001021 0.004966 0.002758 0.005080 0.005230 0.004621 0.000145 0.004446 9.153944393517577E-03 9.570091904201113E-03
-208.988 0.005558 0.005105 0.002963 0.005331 -0.005586 0.004658 0.001507 0.004345 4.442779972265498E-03 9.749246729585621E-03
-207.988 -0.009145 0.004955 -0.008530 0.005166 -0.004706 0.004795 -0.005264 0.004494 -2.764445308822161E-02 9.717442054161004E-03
-206.988 0.001036 0.005035 -0.001348 0.005042 0.000973 0.004819 -0.006583 0.004394 -5.921789247111064E-03 9.659226113883906E-03
-205.988 0.001355 0.004975 -0.004406 0.005113 -0.001271 0.004770 -0.008878 0.004349 -1.319888448850293E-02 9.620976380987979E-03
-204.988 0.004689 0.004941 0.005539 0.005190 -0.003475 0.004751 0.000664 0.004480 7.416191873510058E-03 9.694510050502791E-03
-203.988 -0.002592 0.004988 0.002976 0.005271 -0.001322 0.004782 0.002409 0.004464 1.469945379938054E-03 9.770371657183941E-03
-202.988 0.001859 0.004975 0.003898 0.005291 0.002574 0.004879 0.002075 0.004467 1.040527552043713E-02 9.823881886749847E-03
-201.988 -0.007738 0.004951 -0.001032 0.005199 0.007782 0.004661 0.002986 0.004401 1.997241676477302E-03 9.624676037786538E-03
-200.988 0.009488 0.004976 0.002360 0.005232 -0.003447 0.004723 0.006428 0.004317 1.482799677520319E-02 9.647173672122760E-03
-199.988 -0.003161 0.004945 -0.000884 0.005107 -0.006202 0.004741 0.006250 0.004604 -3.996580900491153E-03 9.706564874484612E-03
-198.988 -0.000547 0.005059 -0.004239 0.005137 0.001939 0.004814 -0.004996 0.004533 -7.842765071600866E-03 9.782749151128388E-03
-197.988 0.000050 0.004954 -0.008735 0.005190 -0.007176 0.004825 -0.002504 0.004452 -1.836474558476908E-02 9.725643562412851E-03
-196.988 0.005113 0.005060 -0.002776 0.005142 0.001667 0.004720 -0.009510 0.004420 -5.505446959332971E-03 9.687884491131882E-03
-195.988 0.006224 0.005040 0.006045 0.005255 0.000460 0.004695 0.000934 0.004386 1.366315670771812E-02 9.710182411970972E-03
-194.988 0.002647 0.005060 -0.006807 0.005242 0.005760 0.004692 -0.008393 0.004347 -6.793266580238821E-03 9.694603788135896E-03
-193.988 -0.004428 0.004886 0.001556 0.005249 -0.002714 0.004763 0.006001 0.004455 4.148548383788864E-04 9.693235797970903E-03
-192.988 -0.005352 0.004882 -0.005601 0.005297 -0.001021 0.004745 0.000446 0.004571 -1.152761549070647E-02 9.762405650835877E-03
-191.988 -0.006811 0.004833 -0.001854 0.005189 0.000011 0.004841 0.000094 0.004322 -8.559985862788722E-03 9.612662051040383E-03
-190.988 0.000122 0.004983 0.004282 0.005199 0.000805 0.004788 -0.009247 0.004473 -4.038868293143594E-03 9.736636408229154E-03
-189.988 -0.004357 0.004993 -0.003877 0.005132 0.006050 0.004753 0.004138 0.004477 1.954517803937961E-03 9.690531316751395E-03
-188.988 0.004090 0.004994 -0.005857 0.005083 -0.003359 0.004871 0.001912 0.004387 -3.214338158223029E-03 9.682604856260543E-03
-187.988 0.001928 0.004855 0.001790 0.005278 -0.002906 0.004825 0.003122 0.004414 3.934627225202547E-03 9.705382610116820E-03
-186.988 0.007638 0.004932 0.000229 0.005219 0.000602 0.004891 -0.007224 0.004520 1.244347695056547E-03 9.793354673112461E-03
-185.988 -0.009926 0.005011 0.001926 0.005286 -0.001680 0.004718 0.002045 0.004382 -7.634785179298831E-03 9.721946982195317E-03
-184.988 0.000078 0.005009 0.003503 0.005256 -0.002360 0.004854 0.001162 0.004381 2.382435730801546E-03 9.770775861498588E-03
-183.988 0.007765 0.005040 -0.003009 0.005187 0.004285 0.004645 -0.001602 0.004408 7.438700460099312E-03 9.660029605391826E-03
-182.988 0.002664 0.004957 0.006624 0.005316 0.008992 0.004869 -0.011117 0.004459 7.162138520648398E-03 9.819573271481677E-03
-181.988 0.001957 0.004968 0.009158 0.005279 -0.000527 0.004853 0.016250 0.004623 2.683756391037306E-02 9.872665180258373E-03
-180.988 0.003949 0.004913 0.005801 0.005264 0.001851 0.004847 0.002203 0.004390 1.380409727958565E-02 9.726758790956008E-03
-179.988 0.004068 0.005001 -0.002472 0.005203 -0.002445 0.004860 -0.004038 0.004507 -4.887839837785179E-03 9.798559866855057E-03
-178.988 0.002888 0.004964 -0.004967 0.005242 0.002205 0.004714 -0.003122 0.004474 -2.994923009147499E-03 9.713545880073837E-03
-177.988 0.002044 0.005204 0.000176 0.005209 -0.011614 0.004894 0.006008 0.004466 -3.385890260936719E-03 9.905191795718051E-03
-176.988 0.003517 0.004922 -0.003505 0.005274 0.004172 0.004889 -0.005608 0.004444 -1.424389825931627E-03 9.782308786043956E-03
-175.988 0.000669 0.005051 -0.008785 0.005181 -0.006686 0.004585 -0.000925 0.004467 -1.572742016828954E-02 9.660912218286683E-03
-174.988 0.001137 0.004970 0.007427 0.005304 0.014009 0.004868 0.004354 0.004467 2.692585198327890E-02 9.822184515478413E-03
-173.988 0.001414 0.004962 -0.003658 0.005275 0.000368 0.004750 0.003133 0.004560 1.256579044383699E-03 9.787635633092109E-03
-172.988 -0.000794 0.004995 0.009577 0.005191 0.001506 0.004721 -0.002319 0.004445 7.970893475526708E-03 9.692164059763123E-03
-171.988 -0.001950 0.005002 0.001163 0.005114 -0.002414 0.004934 0.001505 0.004487 -1.695989788331076E-03 9.780218131594678E-03
-170.988 0.001103 0.005097 0.000411 0.005183 -0.002397 0.004725 0.001370 0.004419 4.877966987315574E-04 9.731390560449296E-03
-169.988 0.008193 0.004937 0.004400 0.005186 0.000490 0.004823 0.003088 0.004385 1.617005301591945E-02 9.682972575844063E-03
-168.988 0.003431 0.005033 0.007663 0.005326 0.001976 0.004847 0.002402 0.004305 1.547190225881678E-02 9.783488653961588E-03
-167.988 0.001811 0.005133 0.004917 0.005434 0.001434 0.004912 -0.007235 0.004629 9.264657386260922E-04 1.007129852848294E-02
-166.988 0.009227 0.004956 0.010280 0.005205 0.001094 0.004900 -0.014180 0.004493 6.421346140367490E-03 9.790177810850908E-03
-165.988 0.007428 0.004946 0.007304 0.005341 -0.000720 0.004736 -0.004790 0.004403 9.221395362409623E-03 9.737387062759211E-03
-164.988 0.005237 0.004960 0.008845 0.005340 -0.004351 0.004802 0.002074 0.004384 1.180490683906754E-02 9.766906392586507E-03
-163.988 0.003010 0.005069 0.000911 0.005215 0.002898 0.004856 -0.004789 0.004684 2.029967882240413E-03 9.920231830784129E-03
-162.988 -0.001338 0.004851 0.012750 0.005306 0.004222 0.004800 0.002263 0.004411 1.789825320408767E-02 9.705233671925360E-03
-161.988 0.003895 0.005062 0.000534 0.005174 -0.000952 0.004764 0.001817 0.004515 5.294882283180868E-03 9.770701926242130E-03
-160.988 0.005346 0.005039 -0.002990 0.005286 0.005137 0.004649 -0.000577 0.004480 6.916544352492338E-03 9.748212221121936E-03
-159.988 0.000596 0.005017 0.004136 0.005382 -0.000846 0.004860 0.006120 0.004533 1.000591137457008E-02 9.914641215352410E-03
-158.988 -0.005930 0.004954 0.005263 0.005211 -0.002003 0.004876 -0.007631 0.004462 -1.030067241560317E-02 9.766085334803071E-03
-157.988 -0.001229 0.004984 -0.003534 0.005250 0.004169 0.004738 0.004242 0.004577 3.647833622302699E-03 9.787563633218022E-03
-156.988 -0.001640 0.005094 0.002420 0.005324 0.008185 0.004809 -0.010369 0.004520 -1.403385300193349E-03 9.891606678545084E-03
-155.988 0.006449 0.004995 -0.003168 0.005150 0.001853 0.004631 0.004952 0.004554 1.008631157545636E-02 9.677587266049014E-03
-154.988 -0.000684 0.004929 0.000728 0.005259 0.002708 0.004737 0.003574 0.004461 6.326630400319999E-03 9.710395595395126E-03
-153.988 0.005186 0.004975 0.001234 0.005294 -0.004022 0.004811 0.001981 0.004476 4.378526127716498E-03 9.796113517587787E-03
-152.988 -0.000556 0.004921 0.001166 0.005245 0.007723 0.004828 -0.001871 0.004444 6.461999434506538E-03 9.735651005541012E-03
-151.988 -0.004102 0.005068 0.010827 0.005332 0.004160 0.004838 0.000594 0.004472 1.147812687506544E-02 9.875535164331439E-03
-150.988 0.000266 0.004900 -0.004114 0.005207 0.002988 0.004626 -0.008233 0.004493 -9.092412332108779E-03 9.629144899204356E-03
-149.988 0.003296 0.004956 0.008048 0.005208 0.008513 0.004787 0.002761 0.004350 2.261810618326265E-02 9.670424586212072E-03
-148.988 0.004290 0.005020 -0.001118 0.005087 0.000198 0.004811 -0.002840 0.004369 5.293169333242531E-04 9.659710576968383E-03
-147.988 -0.000804 0.005033 -0.008581 0.005124 0.003503 0.004754 -0.008274 0.004409 -1.415511667850211E-02 9.675417408987374E-03
-146.988 -0.004846 0.004926 -0.000059 0.005174 -0.001241 0.004854 0.005513 0.004439 -6.334828599499076E-04 9.711160943972168E-03
-145.988 -0.006832 0.004943 0.001792 0.005219 -0.003843 0.004791 0.001142 0.004460 -7.741694489013184E-03 9.722201563505430E-03
-144.988 0.005159 0.005102 -0.007214 0.005259 0.003752 0.004693 0.006015 0.004310 7.712470516750614E-03 9.710293136714123E-03
-143.988 0.004731 0.004938 0.000933 0.005236 0.003196 0.004728 0.001342 0.004590 1.020206702970228E-02 9.758149741876773E-03
-142.988 -0.005642 0.004885 -0.003247 0.005206 -0.002150 0.004716 -0.003254 0.004470 -1.429276440181226E-02 9.653658832420324E-03
-141.988 -0.000123 0.004890 -0.001816 0.005179 -0.002320 0.004906 -0.007992 0.004532 -1.225133491849562E-02 9.764135755206939E-03
-140.988 0.003874 0.005117 0.014123 0.005225 -0.000585 0.004689 -0.006921 0.004465 1.049048804524944E-02 9.767676960560879E-03
-139.988 -0.006477 0.004962 -0.004385 0.005282 0.004893 0.004783 0.002282 0.004420 -3.686202721603138E-03 9.743116954510803E-03
-138.988 0.009565 0.005071 -0.004910 0.005213 0.002929 0.004794 0.000269 0.004309 7.853537059038018E-03 9.718331316367563E-03
-137.988 0.006186 0.004946 -0.006304 0.005202 -0.000909 0.004659 0.001426 0.004450 3.984030372308212E-04 9.645646910270924E-03
-136.988 -0.003539 0.005059 -0.001987 0.005246 -0.004730 0.004771 -0.007991 0.004452 -1.824749478878829E-02 9.783180150190354E-03
-135.988 0.000380 0.004999 -0.000618 0.005251 -0.005282 0.004849 0.005468 0.004330 -5.127278106442645E-05 9.737935211237971E-03
-134.988 -0.003746 0.005037 -0.001766 0.005164 -0.003605 0.004749 -0.005025 0.004496 -1.414175122170747E-02 9.736807126550253E-03
-133.988 0.002007 0.005032 -0.007213 0.005128 -0.004983 0.004649 -0.005629 0.004377 -1.581742077961934E-02 9.612133837476203E-03
-132.988 0.005182 0.005011 -0.002856 0.005276 0.002076 0.004892 -0.010221 0.004439 -5.820067245654315E-03 9.828105239014525E-03
-131.988 0.001574 0.004919 0.003657 0.005384 0.001818 0.004786 0.000177 0.004386 7.226957669409728E-03 9.763600963846689E-03
-130.988 0.005702 0.004957 0.000309 0.005415 0.003014 0.004630 -0.003176 0.004441 5.848419545650074E-03 9.749987911296684E-03
-129.988 0.007762 0.005046 -0.006731 0.005166 0.000031 0.004756 0.001516 0.004499 2.578604482629032E-03 9.747377224845460E-03
-128.988 -0.005818 0.004906 0.007125 0.005185 -0.005005 0.004856 0.001786 0.004571 -1.911101312124686E-03 9.768261475772533E-03
-127.988 -0.004247 0.004955 0.005757 0.005262 0.007175 0.004665 0.007118 0.004498 1.580301301457609E-02 9.707149881140192E-03
-126.988 -0.002678 0.004877 0.003594 0.005178 0.002074 0.004750 -0.000017 0.004460 2.974211759806167E-03 9.645971845094078E-03
-125.988 0.004559 0.004882 0.004471 0.005248 0.005602 0.004698 0.002567 0.004417 1.719956242250475E-02 9.641399138254892E-03
-124.988 0.011075 0.004997 0.004986 0.005045 -0.002130 0.004738 -0.003319 0.004365 1.061147896787418E-02 9.587305163879983E-03
-123.988 -0.000186 0.004928 0.009319 0.005268 -0.000458 0.004752 0.002540 0.004430 1.121431505774950E-02 9.707547017937732E-03
-122.988 0.006502 0.004990 -0.002825 0.005226 -0.004878 0.004669 0.001059 0.004473 -1.415811774343467E-04 9.696314265075770E-03
-121.988 -0.004869 0.005001 0.007909 0.005264 0.005352 0.004811 -0.002257 0.004567 6.134814843719028E-03 9.834514681965436E-03
-120.988 0.004221 0.005092 -0.006079 0.005161 -0.005424 0.004726 0.003450 0.004451 -3.832183517239685E-03 9.731971887312722E-03
-119.988 0.010174 0.004857 -0.009580 0.005241 -0.005101 0.004658 0.004831 0.004393 3.231361249227405E-04 9.594442262170533E-03
-118.988 -0.005919 0.005018 0.004882 0.005207 -0.002109 0.004763 0.001100 0.004414 -2.045466797540030E-03 9.718455290967286E-03
-117.988 -0.000160 0.004882 -0.005751 0.005230 -0.009046 0.004726 -0.006211 0.004407 -2.116730239779940E-02 9.640636250400503E-03
-116.988 -0.004053 0.005028 -0.002298 0.005203 -0.001339 0.004727 -0.005650 0.004474 -1.333975598183912E-02 9.731939059381467E-03
-115.988 0.002371 0.004998 0.001153 0.005201 -0.004405 0.004729 -0.001831 0.004308 -2.711769563823907E-03 9.641250715588951E-03
-114.988 0.001728 0.004986 -0.002895 0.005365 -0.005107 0.004719 0.001420 0.004609 -4.853311988782139E-03 9.856824154279241E-03
-113.988 0.001782 0.004872 -0.000747 0.005299 0.000515 0.004745 -0.002499 0.004622 -9.489280865295768E-04 9.782773654663356E-03
-112.988 0.006345 0.005009 -0.002813 0.005176 0.000319 0.004822 -0.006231 0.004525 -2.379789297219048E-03 9.778197957926258E-03
-111.988 0.003351 0.004977 0.002315 0.005276 -0.002862 0.004640 0.003753 0.004362 6.557572337328565E-03 9.651737586702737E-03
-110.988 0.000891 0.004859 0.008869 0.005206 0.011691 0.004719 0.001994 0.004412 2.344388060608082E-02 9.614815734832985E-03
-109.988 -0.006286 0.005089 0.000223 0.005322 -0.003339 0.004766 -0.007828 0.004407 -1.723014709175885E-02 9.815918584701051E-03
-108.988 0.002099 0.004985 0.000860 0.005212 0.002625 0.004934 -0.009871 0.004467 -4.286527112899563E-03 9.813347801997368E-03
-107.988 -0.004454 0.004957 -0.002040 0.005238 0.001803 0.004795 0.003941 0.004386 -7.500832778291056E-04 9.707275883103245E-03
-106.988 -0.002934 0.005040 0.001523 0.005209 0.001501 0.004718 0.004475 0.004451 4.565471058118220E-03 9.726077023600463E-03
-105.988 -0.006508 0.005075 0.000951 0.005269 -0.000521 0.004841 -0.004731 0.004473 -1.080861083198670E-02 9.846953249433460E-03
-104.988 -0.004141 0.004957 -0.007373 0.005219 -0.002229 0.004618 -0.002282 0.004600 -1.602494837516844E-02 9.710670273808931E-03
-103.988 -0.002739 0.005024 -0.001524 0.005094 -0.003098 0.004802 0.000233 0.004476 -7.128305188309980E-03 9.709954204006478E-03
-102.988 0.007629 0.004996 0.005282 0.005188 -0.002097 0.004630 0.007065 0.004393 1.787979617665059E-02 9.623706724896260E-03
-101.988 0.001855 0.004912 -0.003965 0.005222 -0.003962 0.004999 0.002711 0.004501 -3.361435216135078E-03 9.830224967027701E-03
-100.988 0.000612 0.005023 -0.003732 0.005166 0.000843 0.004722 0.006382 0.004352 4.103941143569045E-03 9.651628678051817E-03
-99.988 -0.002745 0.005048 0.004479 0.005150 0.001125 0.004719 0.002228 0.004404 5.087484445720492E-03 9.678212728430797E-03
-98.988 0.001479 0.005055 0.000764 0.005120 -0.002103 0.004819 0.007567 0.004437 7.706200140475516E-03 9.730392080982199E-03
-97.988 -0.000171 0.004965 0.003693 0.005187 0.001148 0.004889 -0.000162 0.004489 4.507993408289224E-03 9.778019877298549E-03
-96.988 0.000495 0.004804 -0.002003 0.005094 -0.001457 0.004777 -0.000241 0.004502 -3.206555957937951E-03 9.598214048318583E-03
-95.988 0.004563 0.004954 -0.011510 0.005245 0.001738 0.004593 0.004357 0.004412 -8.520921274026705E-04 9.624003545637557E-03
-94.988 -0.002868 0.004940 -0.003870 0.005287 0.006610 0.004767 0.004439 0.004381 4.311661559839308E-03 9.709961939145299E-03
-93.988 -0.002893 0.004785 0.001370 0.005150 -0.003957 0.004680 -0.012331 0.004365 -1.781124341155182E-02 9.506485694931462E-03
-92.988 -0.012005 0.004731 0.003527 0.004902 -0.006990 0.004595 0.003885 0.004149 -1.158309439225147E-02 9.205599240621920E-03
-91.988 0.002161 0.004878 0.007995 0.004859 -0.000533 0.004282 -0.000429 0.004005 9.193209037540839E-03 9.043288628607699E-03
-90.988 -0.004144 0.004621 -0.003475 0.004943 -0.004669 0.004508 -0.008310 0.004200 -2.059736390074640E-02 9.151217905555811E-03
-89.988 -0.002612 0.004571 0.005844 0.004792 -0.003349 0.004575 0.002107 0.004113 1.989436639765030E-03 9.039129312084452E-03
-88.988 -0.002045 0.004556 -0.003872 0.004994 0.000510 0.004588 -0.005293 0.004125 -1.070053175442887E-02 9.151830906678206E-03
-87.988 -0.002795 0.004748 -0.005633 0.004919 0.007936 0.004522 -0.002335 0.004136 -2.827619138347170E-03 9.181163139141848E-03
-86.988 0.001979 0.004634 0.005012 0.004810 -0.003558 0.004558 -0.002629 0.004245 8.045661384296632E-04 9.133208147061287E-03
-85.988 0.002984 0.004672 -0.001348 0.004877 0.006300 0.004478 -0.005971 0.004229 1.965087878461169E-03 9.140672327095468E-03
-84.988 0.002848 0.004653 -0.005691 0.005029 -0.000211 0.004333 0.011279 0.004130 8.225444037128327E-03 9.097823441602971E-03
-83.988 0.005700 0.004601 -0.000662 0.004926 0.002053 0.004506 -0.001712 0.004207 5.378256055660557E-03 9.133922083007704E-03
-82.988 -0.004443 0.004621 0.007494 0.004899 -0.004311 0.004473 -0.000489 0.004035 -1.748809455765610E-03 9.036050734115274E-03
-81.988 -0.002393 0.004560 0.001302 0.004960 -0.005413 0.004461 0.005065 0.004104 -1.439432669059215E-03 9.062801366935713E-03
-80.988 0.001485 0.004868 0.008614 0.005054 -0.004731 0.004513 -0.002107 0.004239 3.261034433030829E-03 9.358102582630845E-03
-79.988 0.006450 0.004932 -0.004635 0.005183 0.001482 0.004753 0.015090 0.004489 1.838743413050747E-02 9.691458736570902E-03
-78.988 0.002365 0.004926 -0.001935 0.005237 0.001559 0.004767 0.005333 0.004390 7.321632522589994E-03 9.679348668424723E-03
-77.988 0.002467 0.005053 0.006142 0.005218 -0.002488 0.004814 -0.001588 0.004496 4.534157534360261E-03 9.805716719637770E-03
-76.988 0.004767 0.005255 -0.002032 0.005368 -0.000646 0.004873 -0.001044 0.004399 1.045796782793929E-03 9.976046209148952E-03
-75.988 -0.007953 0.004998 0.004480 0.005242 0.007057 0.004792 0.004792 0.004511 8.376346094436826E-03 9.785943846619457E-03
-74.988 -0.012696 0.005128 0.003524 0.005346 -0.001646 0.004815 -0.001433 0.004605 -1.225083549303108E-02 9.963244792929201E-03
-73.988 -0.001431 0.005103 -0.008455 0.005368 0.002122 0.004872 0.005681 0.004535 -2.082771995121746E-03 9.958301955290802E-03
-72.988 -0.001177 0.005142 0.014430 0.005349 0.001329 0.004971 -0.003711 0.004525 1.087104244824744E-02 1.001182928595607E-02
-71.988 0.007310 0.005200 0.003933 0.005378 -0.006374 0.004818 0.005826 0.004416 1.069467055009499E-02 9.932921995979350E-03
-70.988 0.005867 0.005126 -0.007698 0.005338 0.002432 0.004801 -0.001009 0.004439 -4.081037913996610E-04 9.875361149235996E-03
-69.988 -0.001771 0.005271 0.012398 0.005512 -0.005656 0.004980 0.000936 0.004602 5.907025377020148E-03 1.020528254123027E-02
-68.988 -0.002502 0.005313 0.010721 0.005545 0.004907 0.005024 -0.006003 0.004545 7.123444067233642E-03 1.024045350441517E-02
-67.988 0.002556 0.005526 0.013353 0.005504 0.001881 0.005014 -0.001507 0.004662 1.628329516275828E-02 1.037772395621205E-02
-66.988 -0.000935 0.005477 0.004646 0.005813 0.002615 0.005023 -0.004126 0.004647 2.199409198218927E-03 1.051796522161090E-02
-65.988 0.002511 0.005519 0.009633 0.005807 0.015759 0.005108 0.006671 0.004545 3.457376495024223E-02 1.053208148720510E-02
-64.988 0.001281 0.005549 0.011689 0.005853 0.006939 0.005213 0.004297 0.004669 2.420527652803628E-02 1.067825036873856E-02
-63.988 0.006892 0.005689 0.011275 0.005782 0.005286 0.005332 -0.001230 0.004842 2.222375494849871E-02 1.084769620278490E-02
-62.988 0.008628 0.005592 0.004757 0.005734 0.010789 0.005299 0.005758 0.004857 2.993190247893995E-02 1.076180036942506E-02
-61.988 0.010587 0.005671 0.006391 0.005986 0.001029 0.005297 0.000975 0.004739 1.898131496171374E-02 1.088641808149759E-02
-60.988 0.007736 0.005791 0.011207 0.005897 0.007409 0.005292 0.001999 0.004941 2.835089128843293E-02 1.098781354720419E-02
-59.988 -0.002038 0.005810 0.012673 0.006032 0.005973 0.005469 0.000683 0.004954 1.729026744770934E-02 1.116178152083224E-02
-58.988 0.003676 0.005924 0.001826 0.006068 0.004459 0.005467 -0.006831 0.004862 3.129546625714852E-03 1.119988231028227E-02
-57.988 0.004524 0.005862 0.007541 0.005963 0.002743 0.005414 0.013726 0.004998 2.853311900560129E-02 1.114472657043110E-02
-56.988 0.005015 0.005844 -0.005044 0.006049 0.002035 0.005453 -0.004046 0.004933 -2.039557399513114E-03 1.117187836631336E-02
-55.988 0.008290 0.005667 0.003827 0.006090 -0.004825 0.005470 0.001810 0.004851 9.101415823351999E-03 1.107471486311911E-02
-54.988 -0.002538 0.005699 0.004331 0.006128 0.006342 0.005569 0.002464 0.005054 1.059894198426292E-02 1.125078142319679E-02
-53.988 0.004990 0.005911 0.005636 0.006050 -0.006158 0.005663 0.006474 0.005015 1.094205514957469E-02 1.134746655258505E-02
-52.988 0.005676 0.005842 0.013332 0.006311 0.003789 0.005695 0.008954 0.005265 3.175117750454781E-02 1.158106519653328E-02
-51.988 0.005193 0.005832 -0.003054 0.006094 0.005744 0.005579 -0.005553 0.005100 2.331006535655433E-03 1.132628623719192E-02
-50.988 -0.000762 0.005993 0.008056 0.006195 0.006304 0.005815 -0.002432 0.005035 1.116637818639177E-02 1.155221035658126E-02
-49.988 0.008057 0.006013 0.001959 0.006455 0.012922 0.005683 0.000517 0.005036 2.345475279004461E-02 1.163922528140519E-02
-48.988 0.014690 0.006039 0.006424 0.006256 0.010697 0.005795 -0.000309 0.005167 3.150123647196601E-02 1.165770806548067E-02
-47.988 0.014047 0.006095 -0.002158 0.006325 -0.000799 0.005744 0.006294 0.005213 1.738393288453199E-02 1.171856835963151E-02
-46.988 0.003055 0.006047 -0.005527 0.006217 0.012413 0.005522 -0.002495 0.005177 7.445508595999684E-03 1.151127827924667E-02
-45.988 0.010084 0.006084 0.007084 0.006335 0.004498 0.005699 0.007661 0.005225 2.932748971299759E-02 1.170215840900902E-02
-44.988 -0.000189 0.006174 0.002359 0.006243 0.002560 0.005571 -0.007760 0.005291 -3.030109739635911E-03 1.166751655681120E-02
-43.988 -0.000403 0.006137 0.008168 0.006323 -0.004206 0.005731 -0.001844 0.005122 1.714661655563887E-03 1.169259542820006E-02
-42.988 -0.001711 0.006097 0.008351 0.006375 -0.004992 0.005855 0.001381 0.004985 3.027506309787320E-03 1.170199359009232E-02
-41.988 -0.001864 0.005930 0.007233 0.006256 0.000043 0.005604 0.004135 0.005088 9.546211610298005E-03 1.147182911842220E-02
-40.988 0.006940 0.006115 0.001724 0.006334 0.002000 0.005598 0.007504 0.005222 1.816923877590693E-02 1.166717055081353E-02
-39.988 -0.000120 0.005949 -0.004797 0.006373 0.000744 0.005605 -0.002741 0.005136 -6.913030092229988E-03 1.156728769553634E-02
-38.988 0.010361 0.006106 0.009111 0.006315 0.011087 0.005784 -0.005693 0.005167 2.486695017689611E-02 1.171804630337965E-02
-37.988 0.006041 0.006233 0.004742 0.006201 0.007015 0.005647 0.004368 0.005075 2.216600775699540E-02 1.161727295532400E-02
-36.988 0.009581 0.005918 0.005289 0.006307 0.013156 0.005615 0.009441 0.005300 3.746705509243720E-02 1.159390872245949E-02
-35.988 0.002972 0.006034 0.003069 0.006371 -0.000635 0.005756 -0.003872 0.005305 1.532355557104292E-03 1.175914575820180E-02
-34.988 -0.004946 0.006213 0.001734 0.006362 -0.002234 0.005548 -0.002843 0.005095 -8.288379530222656E-03 1.165392392644051E-02
-33.988 0.004491 0.006200 -0.007260 0.006364 0.004081 0.005701 -0.001997 0.005166 -6.843770816851169E-04 1.175327698125999E-02
-32.988 0.015320 0.006062 0.003597 0.006201 -0.009163 0.005684 0.000271 0.005187 1.002487192749379E-02 1.159308751189730E-02
-31.988 0.003726 0.006068 -0.007026 0.006522 -0.004929 0.005605 0.008046 0.005054 -1.829710086855840E-04 1.167542204485144E-02
-30.988 0.006224 0.006117 -0.000378 0.006043 0.003261 0.005478 -0.009358 0.005178 -2.512742021338887E-04 1.143496005746981E-02
-29.988 -0.000209 0.006050 0.011068 0.006290 0.010416 0.005654 0.001150 0.005126 2.242529220683309E-02 1.159330260486480E-02
-28.988 -0.001879 0.005912 -0.000395 0.006338 0.003238 0.005695 0.003248 0.005097 4.210993968275289E-03 1.155575891690590E-02
-27.988 -0.003688 0.006154 0.002857 0.006154 -0.000935 0.005689 0.008135 0.005126 6.369948116570434E-03 1.159231741279270E-02
-26.988 -0.011631 0.005931 -0.004927 0.006358 -0.000807 0.005639 0.001453 0.005072 -1.591152150740305E-02 1.153788595022235E-02
-25.988 0.001353 0.005938 0.009343 0.006303 0.006485 0.005461 -0.005468 0.005216 1.171256182867797E-02 1.148968850385496E-02
-24.988 0.003084 0.006067 0.015829 0.006279 -0.016365 0.005670 0.000065 0.005040 2.612894837202617E-03 1.156669728911726E-02
-23.988 0.005886 0.006033 0.003292 0.006449 -0.007685 0.005608 -0.000172 0.005494 1.320189869981281E-03 1.181660151731563E-02
-22.988 -0.003867 0.006187 0.008021 0.006242 -0.006173 0.005735 0.006255 0.005101 4.236486996077815E-03 1.166839808701869E-02
-21.988 -0.001759 0.006144 0.012747 0.006226 0.005971 0.005579 -0.005854 0.005257 1.110499985431090E-02 1.163064627642593E-02
-20.988 0.002818 0.006066 0.004419 0.006189 -0.000659 0.005555 -0.000846 0.005179 5.732530952883508E-03 1.152267411503572E-02
-19.988 -0.013082 0.006037 0.004265 0.006327 -0.001807 0.005557 0.001882 0.005060 -8.742043782958397E-03 1.153090872501107E-02
-18.988 0.002661 0.006022 -0.001467 0.006335 -0.005109 0.005687 -0.006603 0.005142 -1.051837248305798E-02 1.162652885793777E-02
-17.988 0.007784 0.006111 0.012229 0.006342 -0.004947 0.005809 -0.003426 0.005319 1.163914110507935E-02 1.181526234188277E-02
-16.988 0.002257 0.006373 0.012933 0.006485 0.001444 0.005638 0.001386 0.005260 1.802155921838899E-02 1.192149366840474E-02
-15.988 0.018302 0.006262 0.002548 0.006425 -0.004278 0.005672 0.000786 0.005179 1.735695836519779E-02 1.181029117547926E-02
-14.988 0.004028 0.006208 0.009477 0.006150 -0.008926 0.005609 -0.000966 0.005012 3.613819943524277E-03 1.152978585309223E-02
-13.988 0.009052 0.006275 0.019561 0.006591 0.004682 0.005890 0.005196 0.005188 3.849112566656032E-02 1.201755573036914E-02
-12.988 0.021818 0.006225 0.007825 0.006434 0.009326 0.005935 -0.000551 0.005147 3.841738052109811E-02 1.191068195348861E-02
-11.988 0.010824 0.006361 0.019961 0.006595 0.015005 0.006090 0.001668 0.005203 4.745809331893724E-02 1.217082639294750E-02
-10.988 0.010865 0.006210 0.033963 0.006593 0.023627 0.006009 0.003414 0.005149 7.186775878850904E-02 1.202695057958782E-02
-9.988 0.021236 0.006488 0.019136 0.006724 0.018916 0.006106 0.012536 0.005341 7.182441954368768E-02 1.237472821870970E-02
-8.988 0.028565 0.006583 0.026741 0.006731 0.022011 0.006299 0.010081 0.005323 8.739813789273043E-02 1.251601921611121E-02
-7.988 0.029007 0.006481 0.029417 0.006782 0.029786 0.006324 -0.002997 0.005406 8.521295341783386E-02 1.253902895473437E-02
-6.988 0.038193 0.006460 0.035846 0.006907 0.028163 0.006214 0.008768 0.005311 1.109689650532140E-01 1.249973576072137E-02
-5.988 0.029102 0.006627 0.046646 0.007025 0.036592 0.006205 0.005930 0.005336 1.182708795121812E-01 1.265894687682252E-02
-4.988 0.025603 0.006664 0.037044 0.007032 0.030761 0.006342 0.007148 0.005383 1.005561910934381E-01 1.276905474220581E-02
-3.988 0.025108 0.006633 0.042766 0.007181 0.033702 0.006569 0.009018 0.005396 1.105940426989198E-01 1.295507733182024E-02
-2.988 0.040636 0.006611 0.051788 0.007268 0.051344 0.006829 0.016588 0.005573 1.603561929951987E-01 1.319932246147687E-02
-1.988 0.056492 0.007172 0.098984 0.007973 0.076336 0.007232 0.029180 0.006072 2.609914626375192E-01 1.428944580573899E-02
-0.988 0.065811 0.007049 0.115213 0.008153 0.110528 0.007846 0.035211 0.006308 3.267635623558727E-01 1.474821880934392E-02
0.012 0.068403 0.007444 0.115538 0.008419 0.134971 0.008225 0.037351 0.006472 3.562641297976792E-01 1.535675215407978E-02
1.012 0.074318 0.007378 0.125947 0.008371 0.106095 0.007760 0.029564 0.006240 3.359246108846130E-01 1.495538356187251E-02
2.012 0.083960 0.007389 0.126747 0.008410 0.115181 0.008087 0.056620 0.006397 3.825081977660538E-01 1.522001594187687E-02
3.012 0.068048 0.007141 0.110047 0.007872 0.094259 0.007459 0.027747 0.005846 3.001016412057140E-01 1.423911824743378E-02
4.012 0.062608 0.007117 0.083847 0.007511 0.053879 0.006837 0.013167 0.005555 2.135001726865315E-01 1.358896232922183E-02
5.012 0.054860 0.006943 0.056023 0.007318 0.035196 0.006643 0.011977 0.005563 1.580562382996815E-01 1.329761310733030E-02
6.012 0.074735 0.007284 0.129598 0.008429 0.140694 0.008337 0.036684 0.006704 3.817112608026112E-01 1.544553049791750E-02
7.012 0.092487 0.007538 0.142676 0.008477 0.125607 0.008254 0.042130 0.006573 4.029014504937307E-01 1.549216604100765E-02
8.012 0.049222 0.006963 0.066928 0.007090 0.043036 0.006661 0.007715 0.005573 1.669019244279095E-01 1.319801912873332E-02
9.012 0.024991 0.006556 0.038517 0.006769 0.030291 0.006220 0.009961 0.005422 1.037599667656788E-01 1.252538576746454E-02
10.012 0.026520 0.006391 0.027763 0.006886 0.028823 0.006238 0.005503 0.005304 8.860807648698232E-02 1.246201178474896E-02
11.012 0.026274 0.006641 0.056614 0.007304 0.056956 0.006878 0.026945 0.005637 1.667897617542886E-01 1.328659547586871E-02
12.012 0.058780 0.006929 0.071619 0.007611 0.071456 0.007264 0.028431 0.006159 2.302866927512546E-01 1.402311251390260E-02
13.012 0.050826 0.007222 0.102731 0.008143 0.100010 0.007871 0.035971 0.006307 2.895385004310800E-01 1.483922889163471E-02
14.012 0.090490 0.007618 0.159822 0.009098 0.169078 0.009062 0.057964 0.007243 4.773538764646235E-01 1.659469697875256E-02
15.012 0.050271 0.007126 0.079801 0.007958 0.081042 0.007593 0.022624 0.005940 2.337377129324509E-01 1.438912323864249E-02
16.012 0.044291 0.006642 0.045714 0.007061 0.034625 0.006425 0.007968 0.005592 1.325977128456972E-01 1.290488030480249E-02
17.012 0.027017 0.006401 0.033186 0.006719 0.027534 0.006140 0.010557 0.005406 9.829397521145156E-02 1.237141946090819E-02
18.012 0.021367 0.006406 0.028950 0.006704 0.014745 0.006035 -0.005433 0.005372 5.962846524154308E-02 1.229897863703763E-02
19.012 0.025757 0.006565 0.018611 0.006712 0.031437 0.006247 0.010923 0.005339 8.672798188964626E-02 1.247778063490521E-02
20.012 0.060524 0.007070 0.093789 0.007896 0.081227 0.007385 0.020965 0.006116 2.565059411405611E-01 1.429237342300424E-02
21.012 0.117575 0.007790 0.208514 0.009525 0.219852 0.009698 0.076473 0.007564 6.224138943555388E-01 1.739747761636005E-02
22.012 0.182073 0.008829 0.330685 0.011088 0.360766 0.011362 0.106406 0.008963 9.799301780977032E-01 2.025677114812122E-02
23.012 0.173077 0.008584 0.318251 0.010617 0.308647 0.011039 0.100785 0.008401 9.007595551122201E-01 1.946380751073224E-02
24.012 0.179013 0.008749 0.326588 0.010919 0.340327 0.011127 0.112440 0.008458 9.583674198588832E-01 1.977668736464735E-02
25.012 0.180207 0.008606 0.283962 0.010099 0.270275 0.010038 0.070137 0.007510 8.045813218136089E-01 1.825440095526333E-02
26.012 0.117261 0.007788 0.195643 0.008991 0.186644 0.008967 0.064931 0.007005 5.644791730624457E-01 1.646154435007762E-02
27.012 0.146138 0.008231 0.262112 0.010019 0.306351 0.010496 0.094600 0.008041 8.092011149560729E-01 1.851858714695634E-02
28.012 0.137316 0.008118 0.249578 0.009614 0.268454 0.009925 0.083206 0.007726 7.385544967002815E-01 1.779103697495371E-02
29.012 0.120102 0.008123 0.249446 0.009559 0.262718 0.009896 0.089799 0.007615 7.220649897867224E-01 1.769972614139882E-02
30.012 0.138176 0.007971 0.238297 0.009312 0.269715 0.009755 0.084074 0.007539 7.302627737890468E-01 1.738528455121955E-02
31.012 0.149033 0.007785 0.266614 0.009403 0.281413 0.009736 0.081375 0.007269 7.784350213716049E-01 1.722383335084767E-02
32.012 0.149581 0.007684 0.251743 0.009389 0.225599 0.009132 0.086741 0.007129 7.136641862451309E-01 1.677524059883528E-02
33.012 0.127711 0.007369 0.215383 0.008765 0.217750 0.008861 0.062308 0.006857 6.231520751173858E-01 1.602096921380472E-02
34.012 0.088791 0.007008 0.138911 0.007816 0.133686 0.007363 0.034638 0.005693 3.960253333519752E-01 1.402963082050843E-02
35.012 0.101251 0.007116 0.200425 0.008348 0.189589 0.008219 0.045766 0.006525 5.370302319438025E-01 1.518051928644687E-02
36.012 0.130341 0.007046 0.201790 0.008415 0.210512 0.008295 0.054619 0.006433 5.972619520954314E-01 1.518705006037125E-02
37.012 0.122689 0.007398 0.228459 0.008660 0.259880 0.008857 0.079094 0.006753 6.901222166263126E-01 1.593076031803113E-02
38.012 0.108047 0.007031 0.202847 0.008132 0.180316 0.008015 0.047265 0.006141 5.384743586230467E-01 1.474816130543759E-02
39.012 0.108897 0.006917 0.180799 0.007952 0.169017 0.007824 0.062332 0.006171 5.210440372196756E-01 1.450449838298068E-02
40.012 0.117021 0.006735 0.186431 0.007835 0.181790 0.007814 0.061819 0.006229 5.470613428611477E-01 1.437417232204855E-02
41.012 0.101228 0.006726 0.163647 0.007848 0.171185 0.007746 0.055274 0.006170 4.913345998451160E-01 1.431375791648215E-02
42.012 0.111750 0.006853 0.210070 0.008167 0.221542 0.008378 0.066415 0.006565 6.097763135157859E-01 1.506478469756762E-02
43.012 0.122322 0.006838 0.212197 0.008286 0.211081 0.008209 0.058306 0.006406 6.039045755496202E-01 1.496119931553230E-02
44.012 0.116013 0.006826 0.213080 0.008100 0.198891 0.007925 0.071118 0.006348 5.991020516193268E-01 1.467330103601489E-02
45.012 0.102986 0.006743 0.193515 0.007889 0.194670 0.007938 0.059577 0.006312 5.507472075460302E-01 1.451094356204770E-02
46.012 0.110843 0.006722 0.192806 0.007789 0.182245 0.007775 0.048917 0.006070 5.348099179668564E-01 1.425306103915133E-02
47.012 0.111444 0.006657 0.184785 0.007868 0.179464 0.007690 0.033909 0.005903 5.096012822683020E-01 1.414881939996807E-02
48.012 0.105219 0.006732 0.183454 0.007869 0.211904 0.007890 0.061010 0.006136 5.615864206900456E-01 1.439235123394601E-02
49.012 0.096690 0.006544 0.157981 0.007449 0.134633 0.007332 0.050225 0.005947 4.395291042906946E-01 1.369076839565019E-02
50.012 0.087287 0.006411 0.132767 0.007479 0.128505 0.007198 0.040777 0.005983 3.893353650430407E-01 1.358862572341015E-02
51.012 0.092858 0.006674 0.160724 0.007597 0.156900 0.007443 0.049884 0.005890 4.603659316635951E-01 1.386849787121715E-02
52.012 0.092759 0.006576 0.159625 0.007511 0.151026 0.007528 0.050189 0.005928 4.535984098852763E-01 1.383725155948500E-02
53.012 0.079575 0.006516 0.158195 0.007472 0.163386 0.007371 0.033774 0.005698 4.349301832988322E-01 1.360470434569641E-02
54.012 0.096377 0.006576 0.151911 0.007640 0.169693 0.007341 0.039469 0.005841 4.574497317544655E-01 1.376973945308741E-02
55.012 0.081830 0.006386 0.149028 0.007390 0.131620 0.007148 0.037370 0.005659 3.998479460248718E-01 1.336046135112783E-02
56.012 0.082399 0.006362 0.154093 0.007341 0.137241 0.007193 0.046191 0.005759 4.199234746263634E-01 1.338903610233597E-02
57.012 0.072254 0.006279 0.111068 0.006915 0.103833 0.006730 0.025119 0.005441 3.122739672296300E-01 1.273303966355719E-02
58.012 0.039785 0.005779 0.075269 0.006312 0.052497 0.005699 0.010966 0.004858 1.785166215410978E-01 1.137159170725497E-02
59.012 0.044115 0.005723 0.063022 0.006266 0.060870 0.005737 0.015309 0.004889 1.833157456941432E-01 1.135050322112676E-02
60.012 0.052253 0.005985 0.067925 0.006427 0.073761 0.006166 0.018089 0.005164 2.120279211106908E-01 1.190805471794947E-02
61.012 0.085500 0.006272 0.134662 0.007190 0.121928 0.007223 0.036505 0.005896 3.785938994095330E-01 1.334058445520746E-02
62.012 0.084082 0.006282 0.125627 0.007214 0.146113 0.007217 0.043765 0.005817 3.995871067932173E-01 1.332039704997722E-02
63.012 0.081141 0.006292 0.142875 0.007255 0.149100 0.007231 0.044663 0.005787 4.177799767439598E-01 1.334169000627423E-02
64.012 0.068688 0.006243 0.120974 0.007090 0.098342 0.006755 0.031852 0.005444 3.198565672143614E-01 1.282636430321485E-02
65.012 0.038364 0.005745 0.086983 0.006479 0.072075 0.005983 0.011638 0.005069 2.090604793063910E-01 1.168200794264886E-02
66.012 0.028718 0.005589 0.048817 0.006018 0.023740 0.005336 0.008909 0.004677 1.101843165936911E-01 1.085340170068022E-02
67.012 0.013171 0.005546 0.021414 0.005632 0.025691 0.005097 0.010145 0.004591 7.042049860721011E-02 1.046651616037525E-02
68.012 0.022958 0.005543 0.050579 0.005992 0.034131 0.005482 0.002618 0.004795 1.102861334332870E-01 1.093961511366695E-02
69.012 0.039504 0.005899 0.067209 0.006500 0.060914 0.005972 0.016711 0.005191 1.843378621016498E-01 1.181781875233539E-02
70.012 0.072633 0.006190 0.113970 0.006984 0.113214 0.006754 0.020676 0.005594 3.204937278791444E-01 1.280696274969710E-02
71.012 0.055326 0.006108 0.116065 0.006948 0.108225 0.006721 0.034373 0.005481 3.139886985246214E-01 1.268019876380093E-02
72.012 0.064303 0.006059 0.090097 0.006824 0.101458 0.006553 0.030249 0.005528 2.861072264923150E-01 1.252092802443313E-02
73.012 0.062331 0.006172 0.118036 0.006927 0.091742 0.006437 0.024456 0.005284 2.965651563048315E-01 1.246764620312911E-02
74.012 0.046301 0.005769 0.064190 0.006271 0.050584 0.005702 0.007647 0.004762 1.687223106138962E-01 1.130456805592192E-02
75.012 0.039495 0.005553 0.038132 0.005985 0.030940 0.005603 0.006858 0.004785 1.154241561539164E-01 1.099775281231159E-02
76.012 0.031780 0.005553 0.038020 0.006067 0.038467 0.005522 0.007288 0.004704 1.155546125018834E-01 1.096671987808419E-02
77.012 0.044132 0.005720 0.053870 0.006144 0.027890 0.005400 0.018177 0.004752 1.440683499352984E-01 1.105506557326171E-02
78.012 0.045067 0.005651 0.072761 0.006396 0.062817 0.005883 0.021407 0.005089 2.020520520680478E-01 1.154772582064268E-02
79.012 0.039653 0.005722 0.059251 0.006382 0.058477 0.005834 0.006613 0.005026 1.639944298425640E-01 1.152269903183159E-02
80.012 0.060203 0.006003 0.097094 0.006696 0.076231 0.006296 0.020980 0.005222 2.545081514509171E-01 1.215660497965554E-02
81.012 0.058152 0.005920 0.083134 0.006445 0.067207 0.006172 0.013991 0.005116 2.224842985074282E-01 1.186745655398977E-02
82.012 0.027104 0.005566 0.024392 0.005726 0.012635 0.005093 0.002922 0.004748 6.705271136642832E-02 1.059431263412863E-02
83.012 0.024462 0.005622 0.030394 0.005871 0.022072 0.005370 0.010243 0.004656 8.717187591114151E-02 1.079770227348916E-02
84.012 0.036149 0.005812 0.054085 0.005983 0.042641 0.005639 0.016723 0.004796 1.495986893112802E-01 1.115239879997136E-02
85.012 0.046948 0.005706 0.062577 0.006351 0.041282 0.005753 0.014207 0.004943 1.650131324640425E-01 1.142072073902035E-02
86.012 0.043838 0.005867 0.076267 0.006531 0.071105 0.006075 0.026342 0.005320 2.175533600756019E-01 1.192817899735772E-02
87.012 0.051228 0.005761 0.071478 0.006332 0.046639 0.005735 0.016578 0.004809 1.859228663539660E-01 1.137144795545326E-02
88.012 0.063978 0.005949 0.103134 0.006771 0.097335 0.006542 0.025662 0.005606 2.901093571088165E-01 1.246823166363570E-02
89.012 0.071276 0.006127 0.093575 0.006825 0.100752 0.006382 0.031015 0.005123 2.966178839435010E-01 1.229208134497936E-02
90.012 0.054581 0.005785 0.067146 0.006303 0.058410 0.005905 0.008079 0.004904 1.882157919688012E-01 1.149414624071076E-02
91.012 0.035903 0.005731 0.035999 0.006015 0.047585 0.005627 0.013944 0.004890 1.334312560127291E-01 1.116306210593546E-02
92.012 0.045454 0.005683 0.078611 0.006224 0.051352 0.006083 0.016699 0.005090 1.921145609642370E-01 1.157421347428845E-02
93.012 0.026189 0.005617 0.048272 0.006125 0.040228 0.005714 0.015240 0.004909 1.299286999673779E-01 1.121666578453466E-02
94.012 0.020013 0.005452 0.033732 0.005695 0.024080 0.005188 0.008160 0.004531 8.598561839139052E-02 1.046932753618554E-02
95.012 0.028662 0.005181 0.016395 0.005468 0.010859 0.005072 0.002743 0.004665 5.865884959683854E-02 1.020899830151819E-02
96.012 0.024763 0.005416 0.033664 0.005832 0.023035 0.005368 0.004521 0.004649 8.598271567725657E-02 1.066625510343097E-02
97.012 0.019980 0.005371 0.041558 0.005898 0.032764 0.005411 0.008640 0.004646 1.029413399700818E-01 1.070017114374454E-02
98.012 0.034764 0.005432 0.026792 0.005741 0.015528 0.005196 0.009645 0.004615 8.672941383056454E-02 1.052471599211298E-02
99.012 0.027721 0.005457 0.029826 0.005697 0.016959 0.005240 0.001991 0.004563 7.649576925174273E-02 1.051287377089107E-02
100.012 0.015166 0.005207 0.024887 0.005667 0.017006 0.005135 0.001853 0.004580 5.891196927509235E-02 1.032311310948361E-02
101.012 0.020538 0.005475 0.031601 0.005825 0.031190 0.005361 0.011691 0.004652 9.502022533249299E-02 1.069079984627153E-02
102.012 0.009901 0.005397 0.013794 0.005520 0.002089 0.005143 -0.001695 0.004487 2.408845582785712E-02 1.030459468025542E-02
103.012 0.013461 0.005207 0.017846 0.005328 0.003517 0.004866 0.006244 0.004499 4.106775432942911E-02 9.971335466131881E-03
104.012 -0.000441 0.005264 0.009197 0.005280 0.006922 0.004916 -0.000040 0.004488 1.563735519689846E-02 9.995034772252217E-03
105.012 0.005296 0.005082 0.003594 0.005219 0.003168 0.004750 -0.002189 0.004602 9.869554942245173E-03 9.838731288848768E-03
106.012 0.003429 0.005059 0.015387 0.005096 0.010861 0.004764 -0.008244 0.004489 2.143202645026498E-02 9.716421275193402E-03
107.012 0.003212 0.005255 0.001279 0.005353 -0.001369 0.004860 0.002557 0.004471 5.679645176243753E-03 9.994417185651040E-03
108.012 0.005332 0.005072 -0.000700 0.005369 -0.008030 0.004897 0.006610 0.004345 3.211572111776917E-03 9.869314476225077E-03
109.012 0.009045 0.005112 -0.001016 0.005355 0.010884 0.005005 -0.007238 0.004521 1.167539801663064E-02 1.001505757393274E-02
110.012 0.002788 0.005094 0.005171 0.005312 -0.004440 0.004919 -0.005932 0.004452 -2.412922416666241E-03 9.908317790186316E-03
111.012 -0.001864 0.005081 0.009499 0.005321 0.005109 0.004907 0.003207 0.004404 1.595051474833298E-02 9.879865349625646E-03
112.012 0.006036 0.005175 0.001957 0.005328 -0.003559 0.004917 0.007426 0.004421 1.186156230142821E-02 9.944677969238465E-03
113.012 0.010511 0.005043 0.006768 0.005239 0.005912 0.004990 -0.001821 0.004670 2.136940027297562E-02 9.979497413331470E-03
114.012 0.004384 0.005216 0.008004 0.005384 0.004969 0.004752 -0.000292 0.004448 1.706521837201080E-02 9.927811488376915E-03
115.012 0.003016 0.005092 0.006769 0.005392 -0.006004 0.004773 -0.000901 0.004406 2.881074166817932E-03 9.859024018793123E-03
116.012 0.009029 0.005181 0.003134 0.005258 -0.004651 0.004861 -0.000524 0.004511 6.987810271045447E-03 9.922835242403363E-03
117.012 0.007178 0.005094 0.006874 0.005307 0.003075 0.004791 0.001958 0.004430 1.908454117544967E-02 9.833494327524962E-03
118.012 -0.002214 0.005080 0.009525 0.005238 0.005080 0.004866 -0.000358 0.004357 1.203240889499479E-02 9.793249168210434E-03
119.012 -0.000851 0.004952 0.006837 0.005377 0.000256 0.004839 0.003890 0.004402 1.013108785082562E-02 9.809565658023605E-03
120.012 0.004202 0.004902 0.004461 0.005240 0.001374 0.004904 0.001889 0.004495 1.192598813139867E-02 9.784662465594347E-03
121.012 0.012981 0.005112 -0.000231 0.005282 0.006862 0.004674 0.002880 0.004309 2.249174774252083E-02 9.718206949981056E-03
122.012 0.005926 0.005094 0.004105 0.005322 -0.001263 0.004680 0.002314 0.004506 1.108243732349123E-02 9.821932998164301E-03
123.012 -0.000075 0.005038 0.004673 0.005381 0.006371 0.004875 0.000836 0.004494 1.180477463397622E-02 9.914677020343769E-03
124.012 0.009714 0.005160 -0.000741 0.005381 -0.000496 0.004911 0.007948 0.004517 1.642537076827111E-02 1.000452193530996E-02
125.012 0.007686 0.005066 -0.014173 0.005165 0.005794 0.004735 -0.004692 0.004469 -5.385031894956427E-03 9.733156794726503E-03
126.012 0.004653 0.004951 0.005922 0.005307 -0.001524 0.004778 -0.004708 0.004397 4.343517193984958E-03 9.738703772533054E-03
127.012 -0.001590 0.005037 0.000329 0.005200 -0.002942 0.004906 0.001942 0.004545 -2.261022222301179E-03 9.855334032049409E-03
128.012 -0.001161 0.005181 -0.004300 0.005344 0.003325 0.004770 0.000459 0.004536 -1.676997938997893E-03 9.936273150830318E-03
129.012 0.003686 0.005021 0.016876 0.005249 -0.006391 0.004880 0.002007 0.004453 1.617812737670299E-02 9.818736186843879E-03
130.012 -0.002129 0.005044 0.004715 0.005306 0.004699 0.004815 -0.004510 0.004537 2.775012862594295E-03 9.867157086633731E-03
131.012 0.006593 0.005116 0.007385 0.005284 0.010273 0.004837 -0.000720 0.004501 2.353073285942919E-02 9.886741984409263E-03
132.012 -0.003309 0.005056 0.006013 0.005491 -0.001365 0.004810 -0.000683 0.004575 6.548394546950220E-04 9.989111563100358E-03
133.012 0.000023 0.005005 -0.000691 0.005352 0.001661 0.004905 -0.005724 0.004457 -4.731121716737618E-03 9.880291408025529E-03
134.012 0.004163 0.005059 -0.000567 0.005241 0.012226 0.004819 -0.001979 0.004515 1.384277491065511E-02 9.832182748872684E-03
135.012 0.007420 0.005123 0.003628 0.005321 -0.001296 0.004943 0.010049 0.004499 1.980210390597392E-02 9.961876539679596E-03
136.012 0.002618 0.005092 -0.001935 0.005338 0.002210 0.004828 -0.001735 0.004497 1.158025319840661E-03 9.896805856122655E-03
137.012 0.010216 0.005162 0.002743 0.005243 0.003252 0.004975 -0.005420 0.004545 1.079118608053165E-02 9.976990214947738E-03
138.012 -0.000209 0.005023 0.015295 0.005241 0.000845 0.004658 -0.008868 0.004509 7.062400658291779E-03 9.732777786404481E-03
139.012 -0.004978 0.005079 -0.003847 0.005260 -0.000093 0.004836 0.004581 0.004354 -4.336079365526047E-03 9.787744918223472E-03
140.012 0.008208 0.004924 0.003499 0.005348 0.005485 0.004750 -0.002302 0.004546 1.488931830092710E-02 9.802139546022923E-03
141.012 -0.000875 0.005006 0.003425 0.005236 0.002274 0.004889 0.002703 0.004499 7.527494767579412E-03 9.829362771234106E-03
142.012 -0.004232 0.005246 -0.008464 0.005411 0.000423 0.004720 0.002381 0.004577 -9.891458095580674E-03 1.000118423123461E-02
143.012 0.001939 0.005016 0.007142 0.005376 0.000729 0.004750 0.000655 0.004364 1.046362247469546E-02 9.780921065848590E-03
144.012 0.003783 0.005135 0.009137 0.005293 -0.001919 0.004714 -0.000194 0.004498 1.080715342424554E-02 9.840581731549586E-03
145.012 -0.000930 0.004970 0.010707 0.005408 -0.001003 0.004978 0.007012 0.004561 1.578543817684164E-02 9.976764759899011E-03
146.012 0.000982 0.004987 0.000120 0.005278 -0.003958 0.004650 0.003893 0.004406 1.037934784051231E-03 9.683186075689210E-03
147.012 -0.002676 0.004979 -0.002984 0.005078 0.001632 0.004814 -0.003173 0.004482 -7.200582801495159E-03 9.686655645032877E-03
148.012 -0.001545 0.005047 0.008453 0.005251 -0.000659 0.004737 0.004606 0.004540 1.085571564474463E-02 9.802494521153960E-03
149.012 -0.002731 0.005074 -0.005735 0.005272 0.007186 0.004938 0.005813 0.004504 4.533121008563512E-03 9.910132853438123E-03
150.012 -0.006091 0.004944 -0.002072 0.005274 -0.003017 0.004824 -0.007125 0.004481 -1.830571868738140E-02 9.777835966851478E-03
151.012 0.006684 0.005095 -0.000522 0.005258 0.003278 0.004891 -0.004635 0.004393 4.804998354693168E-03 9.840282359234632E-03
152.012 0.007135 0.005048 0.001728 0.005325 0.008031 0.004710 0.001543 0.004412 1.843629561921034E-02 9.771807066737937E-03
153.012 0.000278 0.005051 0.013068 0.005302 0.000361 0.004825 0.002756 0.004447 1.646179967908168E-02 9.832676630777581E-03
154.012 0.008218 0.005078 0.000945 0.005353 0.000280 0.004717 -0.003636 0.004428 5.807101100952394E-03 9.812857057647617E-03
155.012 0.000744 0.005153 0.006886 0.005279 0.003028 0.004748 0.000248 0.004635 1.090626463425437E-02 9.922436422241884E-03
156.012 0.002358 0.005077 -0.004595 0.005269 -0.000056 0.004740 -0.003134 0.004473 -5.426790061079600E-03 9.799213059680406E-03
157.012 -0.004002 0.004987 -0.001614 0.005380 0.003229 0.004629 0.010466 0.004439 8.078449799199916E-03 9.744179511964112E-03
158.012 -0.003077 0.005005 0.003903 0.005228 -0.009098 0.004866 0.002673 0.004349 -5.599196913774307E-03 9.745205267377403E-03
159.012 -0.003232 0.004926 0.002862 0.005241 -0.010266 0.004698 0.000371 0.004373 -1.026506851031606E-02 9.640233417754850E-03
160.012 0.004209 0.005015 -0.002280 0.005248 0.001442 0.004864 -0.000442 0.004453 2.928864734947467E-03 9.806941938876336E-03
161.012 0.000833 0.005126 -0.011824 0.005174 -0.004264 0.004793 0.002514 0.004390 -1.274092978786801E-02 9.761712308892157E-03
162.012 -0.000290 0.004940 -0.000741 0.005102 -0.000002 0.004676 0.003851 0.004461 2.817682385213516E-03 9.601932665984832E-03
163.012 -0.002761 0.005091 0.004161 0.005283 -0.000431 0.004715 0.005153 0.004516 6.122064129280957E-03 9.820912585236740E-03
164.012 0.003715 0.005058 -0.005211 0.005344 -0.009262 0.004933 -0.002342 0.004428 -1.310073327535566E-02 9.903365139673171E-03
165.012 -0.006470 0.005075 -0.000423 0.005342 0.011613 0.004800 0.006494 0.004466 1.121399649584731E-02 9.862884411014445E-03
166.012 0.002392 0.005061 -0.002833 0.005242 0.004616 0.004798 -0.002736 0.004412 1.438925646745304E-03 9.776559438383608E-03
167.012 -0.003115 0.004972 0.004882 0.005198 -0.001519 0.004818 0.001332 0.004519 1.579591936578417E-03 9.766013255499396E-03
168.012 -0.006429 0.005020 0.003687 0.005238 -0.003719 0.004817 -0.000717 0.004560 -7.177396620241083E-03 9.830188177855345E-03
169.012 0.000173 0.005037 0.014637 0.005156 -0.003827 0.004826 -0.006097 0.004430 4.886748456968348E-03 9.740415983679087E-03
170.012 0.004574 0.005096 0.009698 0.005270 -0.003294 0.004887 0.006194 0.004452 1.717217397059301E-02 9.871432337021030E-03
171.012 0.002053 0.005056 -0.005816 0.005254 -0.001512 0.004852 -0.009285 0.004428 -1.455998924660662E-02 9.814505822568044E-03
172.012 0.005324 0.004959 0.002190 0.005149 0.003752 0.004822 -0.004639 0.004486 6.627552647529455E-03 9.720131029350263E-03
173.012 -0.001963 0.004802 0.008831 0.005382 0.007248 0.004833 -0.002653 0.004472 1.146354339719657E-02 9.766363092860806E-03
174.012 0.002063 0.005050 0.000264 0.005135 0.003472 0.004800 0.001144 0.004424 6.942763220987302E-03 9.719967974496750E-03
175.012 -0.001734 0.005053 0.004186 0.005274 -0.003933 0.004705 0.004987 0.004421 3.505544149872364E-03 9.748445610361367E-03
176.012 0.002860 0.005016 -0.001449 0.005310 -0.000969 0.004764 0.000865 0.004416 1.307191959962317E-03 9.775017292659860E-03
177.012 0.015418 0.005109 -0.000518 0.005244 0.002034 0.004833 -0.003842 0.004373 1.309193813449738E-02 9.801985000026704E-03
178.012 -0.010342 0.005093 0.010850 0.005372 0.001262 0.004814 -0.001108 0.004613 6.612159800276629E-04 9.962011917191186E-03
179.012 0.008709 0.005001 0.000703 0.005308 -0.003935 0.004921 -0.001808 0.004355 3.669429303576166E-03 9.816986738026348E-03
180.012 0.004443 0.005077 -0.005733 0.005242 0.003377 0.004771 -0.001269 0.004496 8.183845149929425E-04 9.809497067277982E-03
181.012 -0.000337 0.004912 0.000270 0.005190 0.007695 0.004770 -0.005605 0.004329 2.023103816777727E-03 9.620177476080939E-03
182.012 0.006103 0.005059 0.003317 0.005196 0.002286 0.004812 0.009315 0.004466 2.102134387124366E-02 9.782156955799258E-03
183.012 0.005778 0.005130 -0.002119 0.005268 0.001433 0.004781 -0.000738 0.004566 4.353202873332407E-03 9.888251541285652E-03
184.012 -0.006359 0.004827 0.004726 0.005153 -0.005729 0.004817 -0.005287 0.004587 -1.264858484990583E-02 9.700803960881511E-03
185.012 0.002537 0.005072 -0.002909 0.005357 0.010473 0.004898 0.005152 0.004503 1.525259531693557E-02 9.934365323816528E-03
186.012 0.003979 0.005038 -0.005325 0.005294 0.000864 0.004758 0.000708 0.004474 2.264225120214292E-04 9.801536718667432E-03
187.012 0.007424 0.004936 0.003034 0.005235 0.000146 0.004890 0.008799 0.004605 1.940247782444704E-02 9.843589119974287E-03
188.012 0.002362 0.004979 0.001843 0.005293 -0.003242 0.004864 -0.004237 0.004614 -3.273565467978301E-03 9.886875645315969E-03
189.012 0.003676 0.004991 -0.000679 0.005246 -0.005880 0.004848 0.009229 0.004398 6.346486333072221E-03 9.760907071048959E-03
190.012 0.000925 0.005008 -0.000889 0.005329 -0.000827 0.004869 -0.000377 0.004477 -1.168526946116799E-03 9.860305372732251E-03
191.012 -0.003367 0.004956 0.002959 0.005307 -0.006105 0.004866 -0.005216 0.004500 -1.172865645595778E-02 9.831601748665595E-03
192.012 0.000461 0.005193 -0.003556 0.005349 0.007249 0.004845 0.001338 0.004639 5.492509813130653E-03 1.002887646777341E-02
193.012 0.009964 0.004970 0.003494 0.005210 -0.002861 0.004740 0.001827 0.004397 1.242458554656167E-02 9.676860478381500E-03
194.012 -0.005677 0.005085 -0.002925 0.005253 0.000437 0.004739 0.008355 0.004540 1.907778638283730E-04 9.824422620927175E-03
195.012 0.002337 0.005044 0.007428 0.005232 -0.000922 0.004754 0.010230 0.004429 1.907240173612834E-02 9.748506941077347E-03
196.012 -0.003542 0.005041 0.006530 0.005262 -0.006591 0.004854 -0.005853 0.004499 -9.456347219575889E-03 9.844179153727758E-03
197.012 0.004218 0.004923 0.002911 0.005123 -0.002146 0.004827 -0.001756 0.004467 3.226650142558185E-03 9.681708231931246E-03
198.012 0.006687 0.004997 0.005384 0.005238 -0.004907 0.004794 -0.000189 0.004512 6.975516567272244E-03 9.785010973455464E-03
199.012 -0.008726 0.005086 0.002630 0.005209 -0.000913 0.004851 -0.003706 0.004473 -1.071473377833954E-02 9.825619940669113E-03
200.012 0.004948 0.004884 -0.001037 0.005294 0.013974 0.004772 0.001006 0.004352 1.889134442960838E-02 9.674396636869489E-03
201.012 0.005694 0.005041 -0.001474 0.005175 0.000011 0.004743 0.009495 0.004498 1.372541843272046E-02 9.742976119905510E-03
202.012 -0.002647 0.005047 -0.000440 0.005149 -0.004867 0.004871 0.000179 0.004672 -7.775480289161862E-03 9.875635789141430E-03
203.012 0.000293 0.005149 0.003271 0.005200 0.005838 0.004764 -0.001211 0.004454 8.190860814186962E-03 9.802334636611119E-03
204.012 -0.004939 0.005072 -0.000628 0.005089 0.004518 0.004851 0.003457 0.004506 2.408839210147562E-03 9.770049668725666E-03
205.012 -0.001199 0.004913 -0.000533 0.005231 -0.002254 0.004828 -0.004914 0.004395 -8.899781322981859E-03 9.701903922509917E-03
206.012 0.001387 0.004901 -0.007963 0.005292 -0.002326 0.004829 -0.005259 0.004529 -1.416114389216805E-02 9.790947682356646E-03
207.012 0.001387 0.005071 0.003678 0.005155 -0.000712 0.004775 0.003178 0.004436 7.531347025419244E-03 9.735017798967179E-03
208.012 -0.006550 0.005029 -0.003408 0.005058 -0.000261 0.004661 0.003609 0.004513 -6.610405493599814E-03 9.641712718029839E-03
209.012 0.004808 0.005005 0.004320 0.005245 -0.005419 0.004829 0.013284 0.004566 1.699233302036518E-02 9.835448685788822E-03
210.012 -0.003199 0.005151 -0.009776 0.005149 0.001168 0.004850 -0.000668 0.004495 -1.247537383330055E-02 9.837322736249838E-03
211.012 0.003778 0.004989 -0.001844 0.005403 -0.008898 0.004698 -0.004350 0.004551 -1.131293382654253E-02 9.842224774179214E-03
212.012 -0.000564 0.005092 0.002698 0.005216 0.003356 0.004836 0.001012 0.004373 6.502718393559093E-03 9.780175758013855E-03
213.012 -0.003652 0.004995 -0.005113 0.005255 0.003718 0.004820 -0.000833 0.004509 -5.879769808975865E-03 9.804438415573167E-03
214.012 0.000928 0.004992 0.005323 0.005251 -0.003932 0.004642 -0.006302 0.004502 -3.984222057932918E-03 9.711948950354441E-03
215.012 0.000000 0.005056 0.004708 0.005204 0.005689 0.004750 -0.003061 0.004428 7.335473923227198E-03 9.737460357992217E-03
216.012 0.005803 0.005060 0.001038 0.005278 -0.003259 0.004818 0.001410 0.004430 4.992855977319799E-03 9.813252195585667E-03
217.012 0.014449 0.004990 0.009993 0.005342 -0.001207 0.004897 -0.003830 0.004452 1.940511371076425E-02 9.860966155000954E-03
218.012 0.009804 0.005044 -0.002062 0.005312 -0.005004 0.004801 -0.001290 0.004443 1.448159433575569E-03 9.821097860214978E-03
219.012 0.003128 0.005054 -0.003440 0.005236 0.007475 0.004796 -0.004595 0.004452 2.567292183921488E-03 9.786985842874133E-03
220.012 -0.003111 0.004965 0.000235 0.005375 -0.001461 0.004794 0.004601 0.004403 2.646512997657169E-04 9.793843832168856E-03
221.012 -0.006868 0.004956 -0.000501 0.005160 0.006090 0.004915 0.000663 0.004549 -6.147711064627970E-04 9.799557378329210E-03
222.012 0.002697 0.005044 0.004834 0.005282 -0.001174 0.004780 0.003776 0.004635 1.013163783810977E-02 9.882803196504062E-03
223.012 -0.003588 0.005059 0.009358 0.005217 0.000594 0.004744 -0.012512 0.004421 -6.147364378747966E-03 9.739649126465815E-03
224.012 0.007244 0.005079 -0.001471 0.005351 -0.001966 0.004895 -0.004063 0.004361 -2.570808575814709E-04 9.869381208903683E-03
225.012 -0.004110 0.005100 0.004841 0.005363 -0.006318 0.004760 -0.005394 0.004375 -1.098085104881719E-02 9.827165869143681E-03
226.012 -0.003251 0.005002 0.007985 0.005279 0.007566 0.004623 -0.003406 0.004511 8.893602454300265E-03 9.726752855529361E-03
227.012 -0.006390 0.005121 0.003545 0.005205 0.008717 0.004664 0.001974 0.004419 7.845849040833741E-03 9.725660853901190E-03
228.012 0.002795 0.005058 -0.003872 0.005221 0.008161 0.004822 0.000994 0.004438 8.078462406253983E-03 9.786750460431622E-03
229.012 0.000530 0.005026 -0.001752 0.005331 -0.002259 0.004889 0.002047 0.004383 -1.432925758480863E-03 9.838209998429664E-03
230.012 -0.003406 0.005094 0.008011 0.005349 -0.004022 0.004876 0.003445 0.004422 4.028301206079554E-03 9.893962620344384E-03
231.012 0.005938 0.004914 0.006464 0.005407 0.003582 0.004767 -0.001545 0.004625 1.443950747979628E-02 9.873859409227630E-03
232.012 0.007058 0.005006 -0.002156 0.005326 -0.004662 0.004783 0.000005 0.004498 2.444440494606681E-04 9.825405154074865E-03
233.012 -0.000408 0.005139 0.008738 0.005450 -0.008690 0.004803 0.003958 0.004582 3.598001175312504E-03 1.000866143475181E-02
234.012 0.001522 0.004959 0.005035 0.005237 -0.001959 0.004871 0.006491 0.004388 1.108889762552501E-02 9.746565017339375E-03
235.012 -0.000075 0.005152 0.004591 0.005280 -0.002230 0.004858 -0.001442 0.004554 8.429141329946432E-04 9.938452480311572E-03
236.012 0.002386 0.004987 -0.002704 0.005267 -0.004619 0.004837 0.004817 0.004414 -1.188544646488765E-04 9.772315132887946E-03
237.012 -0.007899 0.004972 0.005295 0.005274 0.003923 0.004754 0.003974 0.004414 5.292733208495548E-03 9.727414021926209E-03
238.012 0.000064 0.005111 -0.006597 0.005097 -0.003689 0.004729 0.000794 0.004597 -9.427899820263264E-03 9.777482703560410E-03
239.012 -0.000602 0.005015 0.002938 0.005262 0.000399 0.004862 0.003198 0.004428 5.932070816249357E-03 9.802420424371102E-03
240.012 0.010707 0.005089 -0.009818 0.005157 -0.003033 0.004783 -0.001467 0.004272 -3.610754582020093E-03 9.675722392560804E-03
241.012 -0.001706 0.004998 0.003629 0.005210 -0.005330 0.004762 -0.002457 0.004640 -5.863949790164469E-03 9.814866464655667E-03
242.012 0.001080 0.005081 -0.000617 0.005316 -0.000330 0.004790 0.003325 0.004603 3.458968639899140E-03 9.910076988905548E-03
243.012 0.003495 0.004989 0.001813 0.005186 -0.004501 0.004773 0.003073 0.004577 3.879363065230734E-03 9.773315976276490E-03
244.012 -0.001046 0.004948 0.002061 0.005223 -0.004766 0.004961 -0.000949 0.004523 -4.700214380968681E-03 9.840695269894275E-03
245.012 0.008010 0.004980 0.001901 0.005151 0.001465 0.004741 0.000374 0.004471 1.175111123144212E-02 9.685028023880306E-03
246.012 -0.001708 0.005043 0.000791 0.005188 -0.003218 0.004880 0.005622 0.004396 1.486995807461255E-03 9.771645713519701E-03
247.012 0.007875 0.004911 -0.000235 0.005167 0.005230 0.004892 0.005366 0.004416 1.823575128595767E-02 9.708274628422546E-03
248.012 0.001460 0.004971 0.004405 0.005290 0.011043 0.004828 0.008321 0.004336 2.522954180305703E-02 9.736657641768233E-03
249.012 -0.001471 0.005021 0.002374 0.005363 -0.001852 0.004764 -0.004016 0.004302 -4.964539326829609E-03 9.755789900854208E-03
250.012 0.006775 0.004977 0.004761 0.005350 0.005155 0.004673 0.003045 0.004454 1.973494993220015E-02 9.750215837275335E-03
251.012 0.001551 0.004981 0.010432 0.005305 -0.001680 0.004856 0.005037 0.004466 1.534052865998881E-02 9.822418056978231E-03
252.012 -0.011115 0.004955 -0.000997 0.005074 -0.006885 0.004896 -0.006435 0.004388 -2.543264210717044E-02 9.670734041115786E-03
253.012 0.003450 0.005054 -0.001265 0.005137 -0.000116 0.004824 0.003352 0.004479 5.421200829927031E-03 9.760426241755740E-03
254.012 -0.004545 0.005038 0.004193 0.005153 0.006198 0.004821 -0.002698 0.004540 3.148305630930714E-03 9.787156076778089E-03
255.012 -0.004396 0.004977 0.009121 0.005196 0.006367 0.004742 -0.008421 0.004554 2.671711208978245E-03 9.746882264567802E-03
256.012 0.005940 0.005004 0.005399 0.005294 0.001084 0.004692 0.002538 0.004394 1.496142946812640E-02 9.715410259631789E-03
257.012 0.000593 0.004914 0.000816 0.005199 0.004067 0.004700 -0.005202 0.004379 2.736831463163725E-04 9.614825294088976E-03
258.012 0.004539 0.004945 0.007474 0.005131 0.003218 0.004681 -0.005685 0.004488 9.546114879226408E-03 9.634854048069501E-03
259.012 -0.003004 0.004925 0.002208 0.005224 -0.004413 0.004767 -0.009031 0.004457 -1.423965421353657E-02 9.701880901651968E-03
260.012 0.006118 0.004966 -0.000611 0.005067 0.006373 0.004844 0.001359 0.004471 1.323965758547807E-02 9.684349322170906E-03
261.012 -0.001176 0.005050 -0.004984 0.005107 0.004023 0.004669 0.001778 0.004468 -3.580524444544153E-04 9.662049594569566E-03
262.012 0.005422 0.005021 -0.007848 0.005319 0.002865 0.004792 -0.003640 0.004446 -3.200845902650684E-03 9.809606598254738E-03
263.012 0.003396 0.004896 -0.001020 0.005237 0.002667 0.004837 0.000194 0.004450 5.236958426706906E-03 9.726150322518333E-03
264.012 -0.001001 0.004896 -0.003882 0.005137 -0.005955 0.004731 0.007874 0.004500 -2.965310563173063E-03 9.643487773793855E-03
265.012 -0.002617 0.004788 0.000914 0.005244 0.009039 0.004815 0.009009 0.004536 1.634486649266975E-02 9.704906368322299E-03
266.012 -0.002084 0.004951 -0.002706 0.005193 -0.005269 0.004801 0.003512 0.004420 -6.547151537102280E-03 9.698523210186952E-03
267.012 -0.001281 0.004994 -0.003363 0.005323 -0.002455 0.004863 -0.004703 0.004389 -1.180273149989652E-02 9.807264102779630E-03
268.012 -0.008463 0.005063 0.009094 0.005207 -0.002632 0.004753 -0.000518 0.004484 -2.518023305235317E-03 9.769384306950353E-03
269.012 0.003375 0.005020 0.006781 0.005183 0.000610 0.004782 -0.003315 0.004447 7.450767899783273E-03 9.731245126177240E-03
270.012 0.000241 0.005057 -0.008882 0.005329 -0.005355 0.004879 0.011240 0.004425 -2.756160194926416E-03 9.866990162337011E-03
271.012 0.001007 0.005063 -0.005577 0.005126 0.007463 0.004884 0.004271 0.004447 7.162808543369259E-03 9.774635833134891E-03
272.012 0.001659 0.005018 0.004553 0.005178 -0.005276 0.004908 0.001497 0.004425 2.432932552696165E-03 9.780822478945175E-03
273.012 0.006598 0.005065 0.000129 0.005162 0.000076 0.004818 0.000078 0.004486 6.879884842870609E-03 9.779956866358080E-03
274.012 -0.012093 0.004931 0.005136 0.005177 -0.006293 0.004831 0.000196 0.004573 -1.305305927462364E-02 9.765769235644447E-03
275.012 0.000092 0.005032 0.006518 0.005241 0.006001 0.004794 0.000181 0.004484 1.279091762064510E-02 9.791887848672649E-03
276.012 0.000743 0.005114 -0.004068 0.005336 0.000659 0.004830 -0.000129 0.004502 -2.794240401454928E-03 9.911146171087385E-03
277.012 -0.001397 0.005115 -0.010540 0.005265 -0.000332 0.004771 -0.006868 0.004464 -1.913838133758716E-02 9.827034745151852E-03
278.012 0.010436 0.004987 -0.009544 0.005222 -0.001507 0.004763 0.000992 0.004443 3.767027701320202E-04 9.724295706717625E-03
279.012 0.000520 0.004983 0.002041 0.005255 0.004912 0.004874 0.002508 0.004465 9.981111794987285E-03 9.805261078323019E-03
280.012 0.005779 0.004972 0.000213 0.005255 0.001514 0.004796 -0.005277 0.004487 2.228622302451910E-03 9.770662896413268E-03
281.012 -0.001895 0.005011 -0.001603 0.005180 -0.001411 0.004818 -0.004938 0.004595 -9.846380005428479E-03 9.811529288400801E-03
282.012 0.006545 0.005063 0.004378 0.005252 0.002652 0.004831 0.005681 0.004508 1.925621437115410E-02 9.842775246736551E-03
283.012 0.002680 0.005084 -0.005112 0.005142 -0.000802 0.004910 0.000343 0.004562 -2.890536406761512E-03 9.859228554332350E-03
284.012 -0.001602 0.005019 -0.007226 0.005191 0.005801 0.004865 0.004621 0.004478 1.594526032491217E-03 9.790118103779369E-03
285.012 0.007407 0.005073 -0.003880 0.005104 -0.001413 0.004798 0.000041 0.004571 2.154837348538052E-03 9.782711652036166E-03
286.012 -0.010239 0.005014 -0.001864 0.005075 -0.004906 0.004901 -0.000593 0.004432 -1.760194905767420E-02 9.724665678534302E-03
287.012 -0.002307 0.004996 -0.003299 0.005315 0.001029 0.004828 0.004440 0.004460 -1.375232566864781E-04 9.818316069139353E-03
288.012 -0.003172 0.005073 0.003586 0.005151 0.002469 0.004810 0.000301 0.004544 3.184702616389146E-03 9.800843127782300E-03
289.012 -0.006155 0.004961 -0.014607 0.005137 0.003798 0.004758 -0.000472 0.004545 -1.743633179041559E-02 9.710419966204786E-03
290.012 0.007432 0.005191 0.010679 0.005219 0.002589 0.004913 0.000157 0.004442 2.085689810606350E-02 9.902225935468578E-03
291.012 -0.003442 0.005064 0.007995 0.005279 0.003332 0.004767 0.003760 0.004385 1.164491007972757E-02 9.770782294893740E-03
292.012 -0.005428 0.004940 0.005908 0.005289 0.002470 0.004742 -0.002545 0.004395 4.050420045871306E-04 9.704445758787221E-03
293.012 0.003034 0.005019 0.003292 0.005293 0.000605 0.004773 -0.008874 0.004549 -1.942750636651169E-03 9.832694442629870E-03
294.012 -0.008007 0.005078 0.004745 0.005315 -0.002422 0.004784 -0.002713 0.004549 -8.396134997633808E-03 9.880023362516878E-03
295.012 0.005089 0.005080 0.001214 0.005344 0.001906 0.004862 0.001749 0.004505 9.958439169619027E-03 9.914022895135387E-03
296.012 -0.004714 0.005060 0.001150 0.005274 0.004227 0.004871 0.001523 0.004494 2.185757211755401E-03 9.866161775543529E-03
297.012 -0.002296 0.005012 0.000403 0.005276 -0.001297 0.004829 0.002399 0.004484 -7.918613980706368E-04 9.817443394082030E-03
298.012 0.000796 0.005006 -0.009697 0.005143 -0.010600 0.004886 -0.001266 0.004596 -2.076692023880344E-02 9.823709220960713E-03
299.012 -0.000722 0.005018 0.005591 0.005286 -0.005310 0.004871 -0.003499 0.004436 -3.940228160882242E-03 9.825535406764226E-03
300.012 -0.000926 0.005020 0.004310 0.005199 0.003325 0.004762 0.005704 0.004407 1.241312291977792E-02 9.712199914271989E-03
301.012 -0.002187 0.004970 -0.001489 0.005340 -0.001099 0.004802 0.009242 0.004412 4.466480301492659E-03 9.784399436565241E-03
302.012 -0.007032 0.005063 0.009523 0.005193 0.002845 0.004936 -0.001500 0.004550 3.836103480669095E-03 9.882859314232682E-03
303.012 -0.004125 0.004972 -0.005892 0.005255 -0.002146 0.004758 -0.000919 0.004587 -1.308143654216920E-02 9.798484041383728E-03
304.012 -0.001091 0.005003 0.001063 0.005148 -0.004515 0.004830 -0.004562 0.004561 -9.105429797014786E-03 9.780665262953901E-03
305.012 0.003976 0.004921 -0.007770 0.005151 -0.003966 0.004805 0.001695 0.004495 -6.065343986058735E-03 9.697714519109481E-03
306.012 -0.003649 0.005076 0.001404 0.005217 0.002108 0.004734 0.002437 0.004460 2.300296230616006E-03 9.761525657951077E-03
307.012 0.000900 0.005061 0.000436 0.005257 -0.001683 0.004787 -0.007796 0.004694 -8.144254777037396E-03 9.909512515423607E-03
308.012 0.001246 0.005065 -0.004790 0.005237 -0.003318 0.004848 -0.003334 0.004537 -1.019544167863806E-02 9.857584362969598E-03
309.012 -0.003221 0.005098 -0.003138 0.005304 0.002928 0.005008 -0.004738 0.004527 -8.169307609400711E-03 9.984961831520030E-03
310.012 -0.010615 0.005225 0.001275 0.005269 -0.004642 0.004745 0.002084 0.004504 -1.189822064139889E-02 9.893083613365600E-03
311.012 0.001098 0.005048 0.004458 0.005210 0.002570 0.004723 0.006062 0.004585 1.418779625173006E-02 9.795786958839949E-03
312.012 0.002315 0.004905 -0.000224 0.005189 0.008954 0.004840 0.001526 0.004420 1.257185243257553E-02 9.692718580296855E-03
313.012 0.010419 0.004998 0.003845 0.005170 0.002584 0.004911 0.002249 0.004519 1.909608386382544E-02 9.810664326834263E-03
314.012 0.004019 0.004935 0.003631 0.005256 0.010913 0.004870 -0.007905 0.004573 1.065826964515182E-02 9.828981512007571E-03
315.012 0.002604 0.004969 -0.006896 0.005184 0.001783 0.004720 -0.001160 0.004595 -3.669189931708061E-03 9.744377095600677E-03
316.012 -0.000212 0.004989 0.004243 0.005324 -0.000765 0.004902 -0.005416 0.004565 -2.150022583041533E-03 9.904790113418058E-03
317.012 0.003313 0.005078 0.001126 0.005233 0.002149 0.004890 0.001166 0.004539 7.753659108316491E-03 9.883594455180271E-03
318.012 -0.002997 0.005080 -0.010083 0.005125 -0.006772 0.004924 -0.002721 0.004576 -2.257275305856510E-02 9.861845535379455E-03
319.012 -0.004056 0.004978 -0.006817 0.005301 0.005424 0.004824 0.004881 0.004452 -5.677288900294286E-04 9.796476258860414E-03
320.012 -0.001256 0.004928 -0.000260 0.005358 0.010506 0.004737 0.000172 0.004274 9.161717314563944E-03 9.679985808112596E-03
321.012 0.002723 0.004995 0.002714 0.005136 -0.003207 0.004862 -0.003680 0.004559 -1.449730597734344E-03 9.785486466835882E-03
322.012 0.006558 0.004998 -0.002810 0.005188 0.005181 0.004738 0.005653 0.004411 1.458168150985806E-02 9.685226504954297E-03
323.012 0.009402 0.005257 0.003276 0.005368 -0.004217 0.004874 -0.000515 0.004630 7.945267861533267E-03 1.008205302786222E-02
324.012 0.013255 0.005074 0.000128 0.005257 -0.000195 0.004756 0.002741 0.004624 1.593012198760402E-02 9.868247922727124E-03
325.012 -0.000952 0.004948 0.005312 0.005167 0.002229 0.004802 -0.009194 0.004590 -2.603813987192893E-03 9.762694160569846E-03
326.012 -0.002483 0.005156 0.005162 0.005302 -0.000757 0.004951 -0.000995 0.004565 9.264704223568287E-04 1.000244043565712E-02
327.012 0.003284 0.005092 0.004873 0.005259 -0.002099 0.004992 0.006562 0.004680 1.262017383445890E-02 1.002028917736309E-02
328.012 0.004937 0.004976 0.000879 0.005163 0.003696 0.004858 0.003882 0.004501 1.339275661288752E-02 9.761252191447294E-03
329.012 -0.005007 0.004974 0.008662 0.005263 0.003464 0.004776 -0.002802 0.004595 4.317591917089025E-03 9.816829282214334E-03
330.012 -0.001102 0.005038 0.006070 0.005242 -0.004200 0.004898 -0.003674 0.004623 -2.906608556873636E-03 9.910802865494143E-03
331.012 0.000351 0.005103 -0.000588 0.005119 0.000252 0.004951 0.000518 0.004496 5.331828833803343E-04 9.847627133083521E-03
332.012 0.004591 0.004885 0.000001 0.005337 -0.005099 0.004951 -0.000588 0.004730 -1.095332591631859E-03 9.961537512874631E-03
333.012 0.011525 0.005071 0.002299 0.005279 0.002973 0.004731 -0.001423 0.004591 1.537462229221020E-02 9.851016398031102E-03
334.012 0.007932 0.004974 -0.000630 0.005265 0.001779 0.004872 -0.003041 0.004713 6.038917772327679E-03 9.919964132593191E-03
335.012 0.011137 0.004981 0.000705 0.005358 0.005859 0.004957 -0.006004 0.004620 1.169818377176934E-02 9.971613231708932E-03
336.012 -0.000425 0.005039 -0.003339 0.005361 -0.000726 0.004909 0.001048 0.004678 -3.442920231124802E-03 1.000601378946877E-02
337.012 0.008729 0.004992 0.011271 0.005177 0.007829 0.004814 0.003316 0.004679 3.114461561435089E-02 9.838370889367704E-03
338.012 -0.002800 0.005143 0.001141 0.005205 0.004224 0.004979 0.003893 0.004533 6.458759101139577E-03 9.944159865930035E-03
339.012 0.007314 0.005170 -0.002721 0.005233 0.005994 0.004867 0.006941 0.004670 1.752846458997936E-02 9.980910134708955E-03
340.012 0.000157 0.005144 0.002068 0.005294 0.010400 0.004916 -0.005678 0.004652 6.946349252461737E-03 1.001519883190054E-02
341.012 0.001766 0.004893 0.004671 0.005296 -0.004343 0.005000 -0.000786 0.004704 1.307095969295347E-03 9.955788767917619E-03
342.012 -0.011622 0.005074 0.007304 0.005413 -0.002914 0.004842 0.006200 0.004810 -1.031047253284179E-03 1.008123055707379E-02
343.012 0.000723 0.004992 0.003275 0.005281 0.004221 0.005010 0.001126 0.004738 9.345174629300068E-03 1.001807158751836E-02
344.012 -0.005083 0.005029 0.004633 0.005256 -0.000881 0.004850 0.001586 0.004695 2.543118437685621E-04 9.924264252943651E-03
345.012 -0.002884 0.005004 0.008680 0.005361 0.006146 0.005054 0.006536 0.004792 1.847706466860544E-02 1.011355363393788E-02
346.012 0.004635 0.005075 -0.000969 0.005312 -0.006925 0.004880 0.000477 0.004736 -2.781816293254025E-03 1.001065756108967E-02
347.012 -0.000715 0.005000 0.002605 0.005249 0.000164 0.004956 0.003288 0.004816 5.342262808449405E-03 1.001553790532058E-02
348.012 -0.001370 0.004912 0.007364 0.005272 0.000437 0.004856 0.000104 0.004659 6.535016246167480E-03 9.859397543137024E-03
349.012 0.005740 0.004941 -0.002386 0.005373 0.005575 0.004957 -0.004282 0.004779 4.646273973054171E-03 1.003504217815176E-02
350.012 0.005333 0.005079 -0.002607 0.005311 0.007957 0.004944 0.005197 0.004611 1.587985986633011E-02 9.985300778432243E-03
351.012 -0.001312 0.005049 -0.002605 0.005312 -0.008995 0.004954 0.003750 0.004765 -9.161667193982481E-03 1.004783039656049E-02
352.012 0.002795 0.004955 0.001433 0.005358 -0.003004 0.004876 0.001139 0.004834 2.362993846240613E-03 1.002067835578503E-02
353.012 0.002165 0.004985 0.000755 0.005425 0.001356 0.004984 -0.004739 0.004709 -4.636645809910078E-04 1.006467611620834E-02
354.012 0.003968 0.005062 0.001313 0.005284 -0.002613 0.004950 0.002663 0.004817 5.331319831967996E-03 1.006296885707992E-02
355.012 -0.004470 0.005130 -0.004224 0.005392 -0.000747 0.005107 0.001857 0.004978 -7.583637094754181E-03 1.030759615212858E-02
356.012 -0.002769 0.005094 0.005994 0.005323 -0.001150 0.005094 -0.002974 0.004790 -8.995026038967069E-04 1.015798583485355E-02
357.012 0.000271 0.004975 0.008534 0.005401 -0.000841 0.004966 -0.004170 0.004932 3.793631846523482E-03 1.014362594852726E-02
358.012 -0.003269 0.005158 0.004478 0.005374 0.011578 0.004951 -0.005391 0.004814 7.396507914194217E-03 1.015702618349362E-02
359.012 -0.010240 0.005061 0.006696 0.005466 0.000676 0.005142 -0.007476 0.004871 -1.034396160467566E-02 1.027898886913168E-02
360.012 0.010487 0.005129 -0.002944 0.005521 -0.002930 0.005073 -0.002794 0.004913 1.819456687117693E-03 1.032771420106647E-02
361.012 -0.005582 0.005173 -0.005500 0.005441 -0.004531 0.004986 0.006897 0.005000 -8.716416133031757E-03 1.030603724564579E-02
362.012 0.002199 0.005115 -0.004251 0.005379 -0.005504 0.005078 0.000202 0.004856 -7.354153292329357E-03 1.022114604273104E-02
363.012 0.007629 0.005169 0.001663 0.005589 -0.005561 0.005158 -0.005518 0.004905 -1.788109054766451E-03 1.042253117337522E-02
364.012 0.001793 0.004924 -0.008429 0.005454 -0.003671 0.004977 0.003785 0.004977 -6.521824426426903E-03 1.017476373484471E-02
365.012 0.006643 0.005268 -0.005825 0.005393 -0.006601 0.005030 -0.009212 0.005120 -1.499560138151246E-02 1.040932320365610E-02
366.012 -0.002039 0.005058 -0.001233 0.005402 -0.001992 0.005106 -0.001388 0.005058 -6.651648072555361E-03 1.031628541668356E-02
367.012 0.001034 0.005200 0.002917 0.005479 0.006166 0.005132 -0.001900 0.005139 8.217317152776182E-03 1.047892548740791E-02
368.012 0.000028 0.005046 0.006353 0.005436 -0.002105 0.005090 0.006129 0.004922 1.040503785583091E-02 1.025379120516103E-02
369.012 0.006592 0.005159 -0.001077 0.005558 -0.003869 0.005178 0.004154 0.005083 5.800342510870138E-03 1.049544986500010E-02
370.012 -0.001857 0.005126 0.001235 0.005599 0.006636 0.005026 -0.001059 0.005070 4.955364587392097E-03 1.042081455437355E-02
371.012 -0.008535 0.005174 0.004372 0.005578 -0.003872 0.005255 -0.000609 0.005207 -8.643865346193103E-03 1.061207618657030E-02
372.012 0.012638 0.005187 0.006280 0.005488 0.003804 0.005152 0.011797 0.005103 3.451943415317515E-02 1.046909885288165E-02
373.012 -0.002725 0.005183 0.003246 0.005638 -0.006026 0.005090 -0.003587 0.005194 -9.091751822893457E-03 1.056078172727806E-02
374.012 0.003139 0.005247 0.006182 0.005551 0.002951 0.005187 0.005184 0.005252 1.745585178195519E-02 1.062212403565527E-02
375.012 -0.006499 0.005251 -0.000726 0.005521 -0.011006 0.005293 0.003052 0.005315 -1.517923457632619E-02 1.069178288199666E-02
376.012 -0.004006 0.005061 -0.006164 0.005587 -0.004565 0.005241 -0.005310 0.005216 -2.004506712440701E-02 1.055945486927430E-02
377.012 0.008324 0.005179 0.000793 0.005627 0.003888 0.005324 -0.000040 0.005265 1.296488144827634E-02 1.070218494417428E-02
378.012 -0.000308 0.005161 -0.002337 0.005637 0.002483 0.005381 0.004300 0.005231 4.138783244496125E-03 1.071111396037487E-02
379.012 -0.002812 0.005182 0.010384 0.005564 -0.002679 0.005489 -0.002357 0.005294 2.535032719967134E-03 1.076894674222458E-02
380.012 0.007367 0.005126 -0.007633 0.005548 -0.002889 0.005332 0.001759 0.005376 -1.395880148272965E-03 1.069535469896342E-02
381.012 -0.000945 0.005204 -0.002215 0.005705 0.008781 0.005338 0.001501 0.005470 7.122560449316140E-03 1.086462256272367E-02
382.012 0.004279 0.005329 0.003592 0.005575 0.003072 0.005390 0.002276 0.005322 1.321909966441304E-02 1.080945025820391E-02
383.012 0.004820 0.005243 0.001496 0.005634 0.004597 0.005394 0.009013 0.005561 1.992668471077153E-02 1.092051925666535E-02
384.012 0.007639 0.005251 0.012111 0.005709 0.004733 0.005416 -0.004759 0.005441 1.972331415226236E-02 1.091357814702604E-02
385.012 0.001082 0.005185 -0.003670 0.005774 0.002074 0.005333 -0.006400 0.005634 -6.913877314127070E-03 1.097281657446965E-02
386.012 -0.001650 0.005259 0.008341 0.005476 -0.000719 0.005281 0.011703 0.005486 1.767473046141177E-02 1.075331186750427E-02
387.012 0.001123 0.005210 0.002114 0.005725 -0.002070 0.005404 -0.007210 0.005516 -6.043134812864892E-03 1.093367630931372E-02
388.012 0.001120 0.005277 -0.005305 0.005608 0.004350 0.005504 0.003459 0.005679 3.623700488379455E-03 1.103812951102465E-02
389.012 -0.003521 0.005243 -0.007898 0.005761 -0.001154 0.005311 0.004084 0.005533 -8.489425068874290E-03 1.093178335281010E-02
390.012 -0.007909 0.005270 -0.005023 0.005763 0.006588 0.005558 0.005101 0.005580 -1.242991941285965E-03 1.109112896416395E-02
391.012 -0.009111 0.005209 0.006927 0.005658 -0.006788 0.005474 0.002879 0.005781 -6.092640653279524E-03 1.106977571157527E-02
392.012 0.009720 0.005353 0.001005 0.005753 -0.001165 0.005580 0.009477 0.005797 1.903741387673197E-02 1.124723764074697E-02
393.012 0.000440 0.005449 -0.000885 0.005828 0.013252 0.005576 0.006692 0.005733 1.949940110873971E-02 1.129699844867460E-02
394.012 -0.001221 0.005394 0.008950 0.005648 0.004350 0.005605 0.001723 0.005851 1.380196435700309E-02 1.125377264557499E-02
395.012 0.011584 0.005435 -0.003916 0.005788 0.010242 0.005616 0.004714 0.005837 2.262261639421226E-02 1.134215492834485E-02
396.012 -0.008081 0.005453 0.001951 0.005811 -0.003660 0.005588 0.002635 0.005895 -7.154505395571498E-03 1.137902252044717E-02
397.012 -0.000880 0.005418 0.008742 0.005894 0.002567 0.005587 0.009248 0.006038 1.967721438140657E-02 1.147849187245091E-02
398.012 0.002097 0.005471 0.005809 0.005929 0.005537 0.005724 0.006786 0.006081 2.022885937500174E-02 1.161177422834814E-02
399.012 0.002754 0.005489 0.003615 0.005828 0.003879 0.005692 0.014431 0.006009 2.467858802503198E-02 1.151540435231859E-02
400.012 -0.002056 0.005410 0.007153 0.005927 0.006706 0.005637 -0.008290 0.006260 3.513452605339751E-03 1.163450738032972E-02
401.012 0.004737 0.005376 -0.004545 0.005816 0.002864 0.005835 -0.005249 0.006049 -2.193377728964663E-03 1.154852818933727E-02
402.012 -0.004450 0.005540 0.006913 0.005925 0.001514 0.005865 -0.000259 0.006140 3.717594780209055E-03 1.174299397876559E-02
403.012 0.004012 0.005413 -0.005841 0.005969 0.012282 0.005858 0.001987 0.006216 1.244059123989416E-02 1.174230918034197E-02
404.012 0.009067 0.005540 -0.002214 0.006007 -0.002363 0.005766 -0.002511 0.006287 1.979419569378749E-03 1.181334467232677E-02
405.012 0.010943 0.005364 0.010482 0.006089 -0.000840 0.005916 -0.001601 0.006147 1.898409241542076E-02 1.177428981175136E-02
406.012 0.001482 0.005337 -0.000634 0.006077 -0.004219 0.005839 0.012372 0.006411 9.000951311815442E-03 1.185767022970625E-02
407.012 -0.000088 0.005333 -0.005552 0.005899 0.011288 0.006011 -0.004381 0.006384 1.266613081233992E-03 1.183778509647064E-02
408.012 0.009844 0.005430 0.006824 0.006250 0.003071 0.005943 -0.004495 0.006481 1.524319017483577E-02 1.207848466950838E-02
409.012 -0.001352 0.005521 0.003868 0.006186 0.006545 0.006023 -0.004328 0.006599 4.732354916118453E-03 1.218903057608884E-02
410.012 0.000506 0.005595 -0.001161 0.006083 0.004051 0.006011 0.008724 0.006612 1.211900026446244E-02 1.217219735474560E-02
411.012 -0.009736 0.005497 -0.005659 0.006248 0.006422 0.005962 0.008413 0.006509 -5.602526875527758E-04 1.213131392509754E-02
412.012 -0.000414 0.005500 -0.003737 0.006271 0.002784 0.006026 -0.005230 0.006825 -6.597168895093652E-03 1.234783603597313E-02
413.012 -0.004405 0.005518 0.005937 0.006172 0.002785 0.006108 0.008068 0.006764 1.238474619427699E-02 1.231212732873647E-02
414.012 0.003986 0.005611 -0.002435 0.006191 0.005824 0.006057 -0.001819 0.006798 5.555528774454643E-03 1.235781244918176E-02
415.012 -0.009462 0.005664 -0.000358 0.006312 0.007495 0.006253 -0.000448 0.006734 -2.773400949212856E-03 1.250497977643246E-02
416.012 -0.003779 0.005592 0.018492 0.006196 0.012274 0.006206 0.002122 0.006812 2.910925592430669E-02 1.243358678644741E-02
417.012 -0.007444 0.005746 -0.002542 0.006359 -0.003715 0.006234 -0.001911 0.006905 -1.561240897346039E-02 1.264900361300427E-02
418.012 0.009053 0.005655 0.004370 0.006372 -0.009471 0.006286 -0.001030 0.006997 2.921341877967443E-03 1.269063140347286E-02
419.012 0.011045 0.005678 0.001959 0.006462 -0.015013 0.006302 -0.010537 0.007007 -1.254553551403159E-02 1.275987390849899E-02
420.012 0.003362 0.005739 0.018346 0.006432 -0.002381 0.006408 -0.003773 0.007087 1.555448590093444E-02 1.286846252897799E-02
421.012 -0.013219 0.005781 -0.004264 0.006501 0.007193 0.006348 -0.002381 0.007060 -1.267044899260128E-02 1.287683430146311E-02
422.012 -0.004829 0.005899 -0.008589 0.006538 -0.000233 0.006443 0.002142 0.007275 -1.150837741963606E-02 1.311445303894216E-02
423.012 -0.000102 0.005964 -0.002498 0.006411 0.001862 0.006466 -0.000612 0.007240 -1.349496116701765E-03 1.307230670255274E-02
424.012 0.006040 0.005728 0.001119 0.006445 0.001771 0.006341 -0.003470 0.007381 5.458557730933400E-03 1.300156198683945E-02
425.012 -0.000457 0.005915 0.010205 0.006509 0.007263 0.006570 -0.002011 0.007527 1.500017482111460E-02 1.331072590107136E-02
426.012 0.001923 0.005836 0.014285 0.006794 0.002578 0.006473 -0.004897 0.007477 1.388929870001387E-02 1.334214561190782E-02
427.012 -0.007145 0.005913 -0.006347 0.006711 0.000273 0.006634 -0.000573 0.007613 -1.379179733003699E-02 1.348978272274028E-02
428.012 -0.002049 0.005930 0.004916 0.006682 0.000292 0.006656 -0.005329 0.007573 -2.169918410170446E-03 1.347122512352976E-02
429.012 -0.009657 0.005832 0.010369 0.006692 0.004669 0.006618 0.011727 0.007626 1.710811625074982E-02 1.344435903936988E-02
430.012 0.000271 0.006044 -0.000768 0.006752 -0.007795 0.006832 -0.002092 0.007868 -1.038425627454753E-02 1.380962519122571E-02
431.012 0.001862 0.005977 0.005150 0.006852 0.000782 0.006731 0.007071 0.007865 1.486455233140926E-02 1.377833207657153E-02
432.012 0.003515 0.006010 0.001974 0.006737 -0.006623 0.006970 0.006450 0.007805 5.315651664566268E-03 1.382057200566159E-02
433.012 0.006419 0.005915 0.008363 0.006820 0.009597 0.006769 -0.000375 0.007962 2.400367004436710E-02 1.380956074951787E-02
434.012 0.003788 0.006095 0.001513 0.006939 -0.005337 0.006890 -0.010895 0.007893 -1.093008975191267E-02 1.396728259372168E-02
435.012 -0.001490 0.006231 -0.009826 0.006922 0.003203 0.007047 -0.000519 0.008089 -8.632144284135279E-03 1.420661262527132E-02
436.012 -0.016321 0.006141 0.000994 0.006929 0.005375 0.006995 0.019316 0.008175 9.364579127507433E-03 1.419491781719768E-02
437.012 0.005869 0.005981 -0.002787 0.007033 0.002857 0.007045 -0.004940 0.008090 9.996880036737821E-04 1.415331648189953E-02
438.012 -0.008806 0.006217 -0.012203 0.006981 0.000691 0.007084 0.014682 0.008378 -5.635986564618278E-03 1.441378833246845E-02
439.012 0.000249 0.006248 -0.008116 0.007030 0.011487 0.007253 0.001610 0.008336 5.229781313023096E-03 1.451106576621836E-02
440.012 0.004515 0.006295 -0.003541 0.007144 0.006244 0.007150 -0.000837 0.008483 6.381559768405154E-03 1.462015335016941E-02
441.012 -0.002584 0.006271 -0.000185 0.007207 0.011767 0.007292 -0.002224 0.008587 6.773916173046679E-03 1.477098804289629E-02
442.012 0.004067 0.006447 0.009179 0.007255 0.003020 0.007300 0.017050 0.008497 3.331634801702776E-02 1.482196537685608E-02
443.012 0.002417 0.006382 0.002773 0.007203 0.005305 0.007409 0.018279 0.008706 2.877414973021253E-02 1.494347449139334E-02
444.012 -0.002181 0.006437 -0.007005 0.007243 -0.017138 0.007402 0.008960 0.008736 -1.736405896127646E-02 1.499989977294967E-02
445.012 0.001404 0.006455 -0.006205 0.007344 0.001446 0.007390 0.017476 0.008744 1.412141615794660E-02 1.505592014205241E-02
446.012 0.005299 0.006567 0.000817 0.007459 0.001733 0.007548 -0.001940 0.009015 5.908146027168826E-03 1.539523917439776E-02
447.012 0.007499 0.006421 -0.007271 0.007453 0.002708 0.007698 -0.002182 0.008956 7.533006042512724E-04 1.537058224321036E-02
448.012 0.003311 0.006605 0.014113 0.007491 -0.004740 0.007502 0.007737 0.009200 2.042046899107053E-02 1.551328429559046E-02
449.012 0.001243 0.006580 0.018589 0.007560 0.002338 0.007679 -0.009509 0.009212 1.266169643546089E-02 1.563016358706054E-02
450.012 0.006355 0.006691 0.004591 0.007519 -0.013146 0.007789 0.003313 0.009255 1.112788919133578E-03 1.573609558580779E-02
451.012 -0.002847 0.006575 -0.001560 0.007551 0.000537 0.007725 0.024529 0.009382 2.065858091220196E-02 1.574623525737268E-02
452.012 0.002431 0.006593 0.010586 0.007641 -0.004339 0.007816 0.008143 0.009341 1.682038786377138E-02 1.581800190533532E-02
453.012 -0.011259 0.006628 -0.009677 0.007696 -0.005192 0.007909 -0.002967 0.009523 -2.909551119840348E-02 1.601211917744137E-02
454.012 0.009388 0.006692 -0.000761 0.007876 0.004509 0.008036 0.013242 0.009525 2.637810261227536E-02 1.619014019400471E-02
455.012 -0.005326 0.006816 -0.012127 0.007881 -0.005636 0.008136 0.005201 0.009659 -1.788760959928126E-02 1.637267255040008E-02
456.012 -0.006143 0.006702 -0.000827 0.007833 -0.016904 0.008118 0.016065 0.009732 -7.809745509922195E-03 1.633678064395626E-02
457.012 -0.000017 0.006737 0.000189 0.007937 -0.003426 0.008126 0.023198 0.009865 1.994444431673248E-02 1.648420326249763E-02
458.012 -0.005668 0.006953 -0.009841 0.007894 0.007266 0.008178 0.020085 0.009928 1.184308111547061E-02 1.661651369340679E-02
459.012 -0.007979 0.006874 -0.006288 0.007907 0.009750 0.008340 0.009669 0.010039 5.152287626787988E-03 1.673644293963661E-02
460.012 -0.011591 0.007056 0.007983 0.008093 0.013473 0.008292 0.004822 0.009983 1.468681155714524E-02 1.684354363306789E-02
461.012 -0.013826 0.006987 0.003801 0.008117 0.007170 0.008395 -0.005749 0.010116 -8.604446625341211E-03 1.695633357360713E-02
462.012 -0.003420 0.006943 0.007936 0.008118 0.018787 0.008442 0.010468 0.010268 3.377170889936831E-02 1.705311440927249E-02
463.012 -0.009313 0.007102 0.001292 0.008099 0.005106 0.008510 0.011045 0.010334 8.129966774367503E-03 1.718273420528338E-02
464.012 -0.001217 0.007116 -0.003360 0.008303 -0.016105 0.008512 -0.001475 0.010554 -2.215758042017590E-02 1.741912789978649E-02
465.012 -0.011498 0.006945 0.009690 0.008132 0.017464 0.008622 0.004254 0.010686 1.990949204479531E-02 1.740407201399023E-02
466.012 -0.004188 0.007185 -0.000049 0.008380 -0.004657 0.008620 0.007855 0.010679 -1.038805046951197E-03 1.761214042070170E-02
467.012 -0.005557 0.007238 0.001285 0.008507 -0.005887 0.008741 0.013679 0.010817 3.520584835454699E-03 1.783759169038133E-02
468.012 0.025388 0.007286 0.006155 0.008422 -0.011398 0.008790 0.017242 0.010757 3.738752011830826E-02 1.780440761902842E-02
469.012 -0.003827 0.007288 0.014167 0.008574 0.006061 0.008925 -0.001027 0.011035 1.537347684963120E-02 1.811265107527834E-02
470.012 -0.001807 0.007351 0.003638 0.008586 -0.005106 0.008956 -0.009248 0.011015 -1.252323185871163E-02 1.814651942481176E-02
471.012 0.002054 0.007380 0.011113 0.008721 0.011742 0.009093 0.000181 0.011113 2.508998138090668E-02 1.834946677904503E-02
472.012 0.013306 0.007514 0.019897 0.008593 0.009855 0.009173 0.015798 0.011207 5.885642764467569E-02 1.844052288002710E-02
473.012 -0.001205 0.007422 -0.004492 0.008600 -0.007169 0.009139 0.004077 0.011267 -8.788239256785957E-03 1.842603317450559E-02
474.012 -0.003280 0.007546 0.001128 0.008778 -0.002632 0.009084 0.006816 0.011518 2.031390325841542E-03 1.868685078225566E-02
475.012 -0.001901 0.007480 0.005546 0.008806 0.001036 0.009284 -0.008039 0.011607 -3.357557092295238E-03 1.882575111938642E-02
476.012 0.002508 0.007642 0.004578 0.008976 -0.010108 0.009313 0.003638 0.011659 6.160290962613502E-04 1.901701514412945E-02
477.012 -0.000170 0.007703 -0.012665 0.008907 -0.004430 0.009368 0.014856 0.011798 -2.408294274339973E-03 1.912084368407935E-02
478.012 0.013771 0.007795 0.008026 0.008895 -0.003321 0.009451 0.001591 0.011945 2.006705468796000E-02 1.928469702240252E-02
479.012 0.005319 0.007739 0.007957 0.008988 -0.014729 0.009510 -0.010887 0.011915 -1.234084121118517E-02 1.931522480037209E-02
480.012 -0.008698 0.007794 0.022415 0.009157 0.004464 0.009718 0.015091 0.012011 3.327228370083635E-02 1.957790345595320E-02
481.012 -0.001812 0.007953 0.009811 0.009183 -0.008838 0.009764 -0.001440 0.012103 -2.278509130222872E-03 1.973292143437773E-02
482.012 -0.007084 0.007888 0.003782 0.009207 -0.006899 0.009715 0.005599 0.012358 -4.602502987427037E-03 1.985152920632208E-02
483.012 0.005015 0.007823 0.018539 0.009372 0.014684 0.009727 0.005544 0.012489 4.378261770925196E-02 1.999058804977464E-02
484.012 0.007148 0.007917 0.019012 0.009300 0.025338 0.009851 -0.009012 0.012290 4.248607833177687E-02 1.993105200127280E-02
485.012 0.004650 0.008079 0.005918 0.009389 0.003583 0.009842 0.024684 0.012559 3.883550933442148E-02 2.019975378091078E-02
486.012 0.011987 0.008154 0.009748 0.009599 -0.003493 0.010114 -0.011087 0.012683 7.154278153008953E-03 2.053710099957053E-02
487.012 -0.007417 0.008138 0.001607 0.009693 -0.000121 0.010049 0.016512 0.012834 1.058118960999810E-02 2.063691698415396E-02
488.012 -0.009581 0.008010 0.018810 0.009581 -0.001087 0.010100 -0.004554 0.013006 3.587691890088784E-03 2.066723965763020E-02
489.012 -0.002651 0.008193 -0.003440 0.009723 0.009565 0.010202 0.008639 0.012966 1.211473591760903E-02 2.082942718478122E-02
490.012 -0.007051 0.008245 0.021232 0.009840 -0.004795 0.010326 0.009207 0.013107 1.859356786678390E-02 2.105260586571586E-02
491.012 0.002047 0.008335 0.010734 0.009774 -0.003824 0.010305 -0.013618 0.013283 -4.661938321139480E-03 2.115799381795033E-02
492.012 -0.004521 0.008300 0.017820 0.010056 0.016428 0.010474 0.014416 0.013367 4.414403191901606E-02 2.140979969329323E-02
493.012 -0.009590 0.008460 -0.000613 0.010023 0.004314 0.010503 0.026147 0.013416 2.025747315052584E-02 2.150219825745943E-02
494.012 -0.002508 0.008595 0.010170 0.009938 -0.009947 0.010706 -0.008384 0.013406 -1.066966157376026E-02 2.161007761961901E-02
495.012 -0.007571 0.008462 0.013669 0.010067 -0.000352 0.010678 0.022419 0.013602 2.816431114171447E-02 2.172536346266947E-02
496.012 -0.003698 0.008616 0.026372 0.010132 0.003413 0.010686 -0.000247 0.013645 2.583927561608501E-02 2.184625615449687E-02
497.012 -0.005925 0.008672 0.020425 0.010284 -0.000757 0.010795 -0.000081 0.013900 1.366096167149955E-02 2.215227349321739E-02
498.012 0.005422 0.008753 0.023855 0.010311 0.002201 0.010753 -0.010928 0.014004 2.055078385208731E-02 2.224055732987237E-02
499.012 -0.001227 0.008740 0.016547 0.010312 -0.008116 0.011108 -0.008527 0.014114 -1.323304841901241E-03 2.247913056092843E-02
500.012 0.001834 0.008792 -0.009405 0.010418 -0.000674 0.010940 0.018732 0.014174 1.048761791180830E-02 2.250329756742798E-02
501.012 0.003558 0.008864 -0.001173 0.010242 0.017440 0.011053 -0.020283 0.014182 -4.575629520129354E-04 2.251122622316051E-02
502.012 0.007116 0.008827 0.000730 0.010532 -0.005660 0.011100 0.025954 0.014417 2.813948518238174E-02 2.280166197256095E-02
503.012 -0.008305 0.008934 0.021628 0.010540 0.027169 0.011221 0.007773 0.014374 4.826515087481198E-02 2.287868878250454E-02
504.012 0.002879 0.009071 0.009934 0.010713 -0.005725 0.011283 0.001210 0.014510 8.298686046907200E-03 2.312780396257028E-02
505.012 0.009264 0.007398 -0.004674 0.008779 0.008661 0.009176 -0.002458 0.012009 1.079304292502581E-02 1.897905713331610E-02
506.012 0.000000 0.000000 0.000000 0.000000 0.000000 0.000000 0.000000 0.000000 0.000000000000000E+00 0.000000000000000E+00
507.012 0.000000 0.000000 0.000000 0.000000 0.000000 0.000000 0.000000 0.000000 0.000000000000000E+00 0.000000000000000E+00
508.012 0.000000 0.000000 0.000000 0.000000 0.000000 0.000000 0.000000 0.000000 0.000000000000000E+00 0.000000000000000E+00
509.012 0.000000 0.000000 0.000000 0.000000 0.000000 0.000000 0.000000 0.000000 0.000000000000000E+00 0.000000000000000E+00
510.012 0.000000 0.000000 0.000000 0.000000 0.000000 0.000000 0.000000 0.000000 0.000000000000000E+00 0.000000000000000E+00
511.012 0.000000 0.000000 0.000000 0.000000 0.000000 0.000000 0.000000 0.000000 0.000000000000000E+00 0.000000000000000E+00
512.012 0.000000 0.000000 0.000000 0.000000 0.000000 0.000000 0.000000 0.000000 0.000000000000000E+00 0.000000000000000E+00
513.012 0.000000 0.000000 0.000000 0.000000 0.000000 0.000000 0.000000 0.000000 0.000000000000000E+00 0.000000000000000E+00
514.012 0.000000 0.000000 0.000000 0.000000 0.000000 0.000000 0.000000 0.000000 0.000000000000000E+00 0.000000000000000E+00
515.012 0.000000 0.000000 0.000000 0.000000 0.000000 0.000000 0.000000 0.000000 0.000000000000000E+00 0.000000000000000E+00
516.012 0.000000 0.000000 0.000000 0.000000 0.000000 0.000000 0.000000 0.000000 0.000000000000000E+00 0.000000000000000E+00
517.012 0.000000 0.000000 0.000000 0.000000 0.000000 0.000000 0.000000 0.000000 0.000000000000000E+00 0.000000000000000E+00
518.012 0.000000 0.000000 0.000000 0.000000 0.000000 0.000000 0.000000 0.000000 0.000000000000000E+00 0.000000000000000E+00
519.012 0.000000 0.000000 0.000000 0.000000 0.000000 0.000000 0.000000 0.000000 0.000000000000000E+00 0.000000000000000E+00
520.012 0.000000 0.000000 0.000000 0.000000 0.000000 0.000000 0.000000 0.000000 0.000000000000000E+00 0.000000000000000E+00
521.012 0.000000 0.000000 0.000000 0.000000 0.000000 0.000000 0.000000 0.000000 0.000000000000000E+00 0.000000000000000E+00
522.012 0.000000 0.000000 0.000000 0.000000 0.000000 0.000000 0.000000 0.000000 0.000000000000000E+00 0.000000000000000E+00
523.012 0.000000 0.000000 0.000000 0.000000 0.000000 0.000000 0.000000 0.000000 0.000000000000000E+00 0.000000000000000E+00
524.012 0.000000 0.000000 0.000000 0.000000 0.000000 0.000000 0.000000 0.000000 0.000000000000000E+00 0.000000000000000E+00
525.012 0.000000 0.000000 0.000000 0.000000 0.000000 0.000000 0.000000 0.000000 0.000000000000000E+00 0.000000000000000E+00
526.012 0.000000 0.000000 0.000000 0.000000 0.000000 0.000000 0.000000 0.000000 0.000000000000000E+00 0.000000000000000E+00
527.012 0.000000 0.000000 0.000000 0.000000 0.000000 0.000000 0.000000 0.000000 0.000000000000000E+00 0.000000000000000E+00
528.012 0.000000 0.000000 0.000000 0.000000 0.000000 0.000000 0.000000 0.000000 0.000000000000000E+00 0.000000000000000E+00
529.012 0.000000 0.000000 0.000000 0.000000 0.000000 0.000000 0.000000 0.000000 0.000000000000000E+00 0.000000000000000E+00
530.012 0.000000 0.000000 0.000000 0.000000 0.000000 0.000000 0.000000 0.000000 0.000000000000000E+00 0.000000000000000E+00
531.012 0.000000 0.000000 0.000000 0.000000 0.000000 0.000000 0.000000 0.000000 0.000000000000000E+00 0.000000000000000E+00
532.012 0.000000 0.000000 0.000000 0.000000 0.000000 0.000000 0.000000 0.000000 0.000000000000000E+00 0.000000000000000E+00
533.012 0.000000 0.000000 0.000000 0.000000 0.000000 0.000000 0.000000 0.000000 0.000000000000000E+00 0.000000000000000E+00
534.012 0.000000 0.000000 0.000000 0.000000 0.000000 0.000000 0.000000 0.000000 0.000000000000000E+00 0.000000000000000E+00
535.012 0.000000 0.000000 0.000000 0.000000 0.000000 0.000000 0.000000 0.000000 0.000000000000000E+00 0.000000000000000E+00
536.012 0.000000 0.000000 0.000000 0.000000 0.000000 0.000000 0.000000 0.000000 0.000000000000000E+00 0.000000000000000E+00
537.012 0.000000 0.000000 0.000000 0.000000 0.000000 0.000000 0.000000 0.000000 0.000000000000000E+00 0.000000000000000E+00
538.012 0.000000 0.000000 0.000000 0.000000 0.000000 0.000000 0.000000 0.000000 0.000000000000000E+00 0.000000000000000E+00
539.012 0.000000 0.000000 0.000000 0.000000 0.000000 0.000000 0.000000 0.000000 0.000000000000000E+00 0.000000000000000E+00
540.012 0.000000 0.000000 0.000000 0.000000 0.000000 0.000000 0.000000 0.000000 0.000000000000000E+00 0.000000000000000E+00
541.012 0.000000 0.000000 0.000000 0.000000 0.000000 0.000000 0.000000 0.000000 0.000000000000000E+00 0.000000000000000E+00
542.012 0.000000 0.000000 0.000000 0.000000 0.000000 0.000000 0.000000 0.000000 0.000000000000000E+00 0.000000000000000E+00
