 -5.120000E-01    4.200000E+01
 -4.480000E-01    4.400000E+01 
 -3.840000E-01    3.700000E+01 
 -3.200000E-01    4.000000E+01 
 -2.560000E-01    4.500000E+01 
 -1.920000E-01    4.200000E+01 
 -1.280000E-01    3.900000E+01 
 -6.400000E-02    5.400000E+01 
 0.000000E+00    5.200000E+01 
 6.400000E-02    3.400000E+01 
 1.280000E-01    4.900000E+01 
 1.920000E-01    4.200000E+01 
 2.560000E-01    3.400000E+01 
 3.200000E-01    4.000000E+01 
 3.840000E-01    5.200000E+01 
 4.480000E-01    4.100000E+01 
 5.120000E-01    3.200000E+01 
 5.760000E-01    2.900000E+01 
 6.400000E-01    3.800000E+01 
 7.040000E-01    4.300000E+01 
 7.680000E-01    2.900000E+01 
 8.320000E-01    4.000000E+01 
 8.960000E-01    2.800000E+01 
 9.600000E-01    3.400000E+01 
 1.024000E+00    4.200000E+01 
 1.088000E+00    3.300000E+01 
 1.152000E+00    3.500000E+01 
 1.216000E+00    3.800000E+01 
 1.280000E+00    3.800000E+01 
 1.344000E+00    3.900000E+01 
 1.408000E+00    4.700000E+01 
 1.472000E+00    3.900000E+01 
 1.536000E+00    4.200000E+01 
 1.600000E+00    3.200000E+01 
 1.664000E+00    3.600000E+01 
 1.728000E+00    5.700000E+01 
 1.792000E+00    4.000000E+01 
 1.856000E+00    4.600000E+01 
 1.920000E+00    3.600000E+01 
 1.984000E+00    3.500000E+01 
 2.048000E+00    5.600000E+01 
 2.112000E+00    4.500000E+01 
 2.176000E+00    3.400000E+01 
 2.240000E+00    4.700000E+01 
 2.304000E+00    4.000000E+01 
 2.368000E+00    3.800000E+01 
 2.432000E+00    2.200000E+01 
 2.496000E+00    4.300000E+01 
 2.560000E+00    4.000000E+01 
 2.624000E+00    3.900000E+01 
 2.688000E+00    2.600000E+01 
 2.752000E+00    3.200000E+01 
 2.816000E+00    4.300000E+01 
 2.880000E+00    4.200000E+01 
 2.944000E+00    4.100000E+01 
 3.008000E+00    2.100000E+01 
 3.072000E+00    3.600000E+01 
 3.136000E+00    4.300000E+01 
 3.200000E+00    3.500000E+01 
 3.264000E+00    2.300000E+01 
 3.328000E+00    3.700000E+01 
 3.392000E+00    4.100000E+01 
 3.456000E+00    3.700000E+01 
 3.520000E+00    3.400000E+01 
 3.584000E+00    3.200000E+01 
 3.648000E+00    2.900000E+01 
 3.712000E+00    3.700000E+01 
 3.776000E+00    3.200000E+01 
 3.840000E+00    2.800000E+01 
 3.904000E+00    3.000000E+01 
 3.968000E+00    4.300000E+01 
 4.032000E+00    3.200000E+01 
 4.096000E+00    2.600000E+01 
 4.160000E+00    3.400000E+01 
 4.224000E+00    2.400000E+01 
 4.288000E+00    2.400000E+01 
 4.352000E+00    2.800000E+01 
 4.416000E+00    4.200000E+01 
 4.480000E+00    3.700000E+01 
 4.544000E+00    3.200000E+01 
 4.608000E+00    3.000000E+01 
 4.672000E+00    3.500000E+01 
 4.736000E+00    2.200000E+01 
 4.800000E+00    2.800000E+01 
 4.864000E+00    3.100000E+01 
 4.928000E+00    2.900000E+01 
 4.992000E+00    2.800000E+01 
 5.056000E+00    4.000000E+01 
 5.120000E+00    3.500000E+01 
 5.184000E+00    3.600000E+01 
 5.248000E+00    4.400000E+01 
 5.312000E+00    3.600000E+01 
 5.376000E+00    2.900000E+01 
 5.440000E+00    4.500000E+01 
 5.504000E+00    4.800000E+01 
 5.568000E+00    4.400000E+01 
 5.632000E+00    4.700000E+01 
 5.696000E+00    4.700000E+01 
 5.760000E+00    6.400000E+01 
 5.824000E+00    5.700000E+01 
 5.888000E+00    5.300000E+01 
 5.952000E+00    5.900000E+01 
 6.016000E+00    4.300000E+01 
 6.080000E+00    4.900000E+01 
 6.144000E+00    4.000000E+01 
 6.208000E+00    4.000000E+01 
 6.272000E+00    4.300000E+01 
 6.336000E+00    4.500000E+01 
 6.400000E+00    6.000000E+01 
 6.464000E+00    6.100000E+01 
 6.528000E+00    4.900000E+01 
 6.592000E+00    4.400000E+01 
 6.656000E+00    4.300000E+01 
 6.720000E+00    5.300000E+01 
 6.784000E+00    4.700000E+01 
 6.848000E+00    3.900000E+01 
 6.912000E+00    3.400000E+01 
 6.976000E+00    3.900000E+01 
 7.040000E+00    3.900000E+01 
 7.104000E+00    3.500000E+01 
 7.168000E+00    3.500000E+01 
 7.232000E+00    3.000000E+01 
 7.296000E+00    3.400000E+01 
 7.360000E+00    2.900000E+01 
 7.424000E+00    3.400000E+01 
 7.488000E+00    3.400000E+01 
 7.552000E+00    3.900000E+01 
 7.616000E+00    2.800000E+01 
 7.680000E+00    4.000000E+01 
 7.744000E+00    3.400000E+01 
 7.808000E+00    2.500000E+01 
 7.872000E+00    2.800000E+01 
 7.936000E+00    3.000000E+01 
 8.000000E+00    4.400000E+01 
 8.064000E+00    3.700000E+01 
 8.128000E+00    2.800000E+01 
 8.192000E+00    2.900000E+01 
 8.256000E+00    3.100000E+01 
 8.320000E+00    3.500000E+01 
 8.384000E+00    3.000000E+01 
 8.448000E+00    1.900000E+01 
 8.512000E+00    3.300000E+01 
 8.576000E+00    3.000000E+01 
 8.640000E+00    2.400000E+01 
 8.704000E+00    3.200000E+01 
 8.768000E+00    3.600000E+01 
 8.832000E+00    2.900000E+01 
 8.896000E+00    3.200000E+01 
 8.960000E+00    3.500000E+01 
 9.024000E+00    3.200000E+01 
 9.088000E+00    2.900000E+01 
 9.152000E+00    3.000000E+01 
 9.216000E+00    2.200000E+01 
 9.280000E+00    2.600000E+01 
 9.344000E+00    2.900000E+01 
 9.408000E+00    2.600000E+01 
 9.472000E+00    3.200000E+01 
 9.536000E+00    2.700000E+01 
 9.600000E+00    3.100000E+01 
 9.664000E+00    3.700000E+01 
 9.728000E+00    2.700000E+01 
 9.792000E+00    3.300000E+01 
 9.856000E+00    3.100000E+01 
 9.920000E+00    3.400000E+01 
 9.984000E+00    3.300000E+01 
 1.004800E+01    3.000000E+01 
 1.011200E+01    3.600000E+01 
 1.017600E+01    3.600000E+01 
 1.024000E+01    3.100000E+01 
 1.030400E+01    4.500000E+01 
 1.036800E+01    2.400000E+01 
 1.043200E+01    2.800000E+01 
 1.049600E+01    4.500000E+01 
 1.056000E+01    3.700000E+01 
 1.062400E+01    3.700000E+01 
 1.068800E+01    3.200000E+01 
 1.075200E+01    3.600000E+01 
 1.081600E+01    4.200000E+01 
 1.088000E+01    2.800000E+01 
 1.094400E+01    1.900000E+01 
 1.100800E+01    4.100000E+01 
 1.107200E+01    3.600000E+01 
 1.113600E+01    3.200000E+01 
 1.120000E+01    3.500000E+01 
 1.126400E+01    3.300000E+01 
 1.132800E+01    3.000000E+01 
 1.139200E+01    3.200000E+01 
 1.145600E+01    2.700000E+01 
 1.152000E+01    2.200000E+01 
 1.158400E+01    3.000000E+01 
 1.164800E+01    2.100000E+01 
 1.171200E+01    2.500000E+01 
 1.177600E+01    4.200000E+01 
 1.184000E+01    4.500000E+01 
 1.190400E+01    4.800000E+01 
 1.196800E+01    4.100000E+01 
 1.203200E+01    4.400000E+01 
 1.209600E+01    5.000000E+01 
 1.216000E+01    5.000000E+01 
 1.222400E+01    4.500000E+01 
 1.228800E+01    4.200000E+01 
 1.235200E+01    4.000000E+01 
 1.241600E+01    4.200000E+01 
 1.248000E+01    5.300000E+01 
 1.254400E+01    3.800000E+01 
 1.260800E+01    3.700000E+01 
 1.267200E+01    4.300000E+01 
 1.273600E+01    3.300000E+01 
 1.280000E+01    2.900000E+01 
 1.286400E+01    4.700000E+01 
 1.292800E+01    3.600000E+01 
 1.299200E+01    2.700000E+01 
 1.305600E+01    3.600000E+01 
 1.312000E+01    4.000000E+01 
 1.318400E+01    4.900000E+01 
 1.324800E+01    5.000000E+01 
 1.331200E+01    6.600000E+01 
 1.337600E+01    6.700000E+01 
 1.344000E+01    7.400000E+01 
 1.350400E+01    8.600000E+01 
 1.356800E+01    5.000000E+01 
 1.363200E+01    4.500000E+01 
 1.369600E+01    5.300000E+01 
 1.376000E+01    4.500000E+01 
 1.382400E+01    4.300000E+01 
 1.388800E+01    5.200000E+01 
 1.395200E+01    4.700000E+01 
 1.401600E+01    5.000000E+01 
 1.408000E+01    4.900000E+01 
 1.414400E+01    5.400000E+01 
 1.420800E+01    4.000000E+01 
 1.427200E+01    4.000000E+01 
 1.433600E+01    5.500000E+01 
 1.440000E+01    2.900000E+01 
 1.446400E+01    3.400000E+01 
 1.452800E+01    4.100000E+01 
 1.459200E+01    3.700000E+01 
 1.465600E+01    3.600000E+01 
 1.472000E+01    4.100000E+01 
 1.478400E+01    4.000000E+01 
 1.484800E+01    3.100000E+01 
 1.491200E+01    3.600000E+01 
 1.497600E+01    3.000000E+01 
 1.504000E+01    4.300000E+01 
 1.510400E+01    3.500000E+01 
 1.516800E+01    2.500000E+01 
 1.523200E+01    3.100000E+01 
 1.529600E+01    3.000000E+01 
 1.536000E+01    3.400000E+01 
 1.542400E+01    2.800000E+01 
 1.548800E+01    2.200000E+01 
 1.555200E+01    2.800000E+01 
 1.561600E+01    3.000000E+01 
 1.568000E+01    3.100000E+01 
 1.574400E+01    2.600000E+01 
 1.580800E+01    3.700000E+01 
 1.587200E+01    3.000000E+01 
 1.593600E+01    3.800000E+01 
 1.600000E+01    2.000000E+01 
 1.606400E+01    3.200000E+01 
 1.612800E+01    2.900000E+01 
 1.619200E+01    3.400000E+01 
 1.625600E+01    1.800000E+01 
 1.632000E+01    2.800000E+01 
 1.638400E+01    2.400000E+01 
 1.644800E+01    2.900000E+01 
 1.651200E+01    2.100000E+01 
 1.657600E+01    3.300000E+01 
 1.664000E+01    3.100000E+01 
 1.670400E+01    3.200000E+01 
 1.676800E+01    3.200000E+01 
 1.683200E+01    2.900000E+01 
 1.689600E+01    2.200000E+01 
 1.696000E+01    2.400000E+01 
 1.702400E+01    2.500000E+01 
 1.708800E+01    3.400000E+01 
 1.715200E+01    2.500000E+01 
 1.721600E+01    3.500000E+01 
 1.728000E+01    3.500000E+01 
 1.734400E+01    3.600000E+01 
 1.740800E+01    2.400000E+01 
 1.747200E+01    2.900000E+01 
 1.753600E+01    3.500000E+01 
 1.760000E+01    1.900000E+01 
 1.766400E+01    3.300000E+01 
 1.772800E+01    2.800000E+01 
 1.779200E+01    2.100000E+01 
 1.785600E+01    2.300000E+01 
 1.792000E+01    2.800000E+01 
 1.798400E+01    2.300000E+01 
 1.804800E+01    3.100000E+01 
 1.811200E+01    3.000000E+01 
 1.817600E+01    2.400000E+01 
 1.824000E+01    2.600000E+01 
 1.830400E+01    3.200000E+01 
 1.836800E+01    2.700000E+01 
 1.843200E+01    3.100000E+01 
 1.849600E+01    2.600000E+01 
 1.856000E+01    1.800000E+01 
 1.862400E+01    3.600000E+01 
 1.868800E+01    2.800000E+01 
 1.875200E+01    1.700000E+01 
 1.881600E+01    3.200000E+01 
 1.888000E+01    2.800000E+01 
 1.894400E+01    3.100000E+01 
 1.900800E+01    2.900000E+01 
 1.907200E+01    3.300000E+01 
 1.913600E+01    3.400000E+01 
 1.920000E+01    3.400000E+01 
 1.926400E+01    2.400000E+01 
 1.932800E+01    4.100000E+01 
 1.939200E+01    4.100000E+01 
 1.945600E+01    3.900000E+01 
 1.952000E+01    3.800000E+01 
 1.958400E+01    4.700000E+01 
 1.964800E+01    2.500000E+01 
 1.971200E+01    3.900000E+01 
 1.977600E+01    4.000000E+01 
 1.984000E+01    3.600000E+01 
 1.990400E+01    3.300000E+01 
 1.996800E+01    2.300000E+01 
 2.003200E+01    3.100000E+01 
 2.009600E+01    3.100000E+01 
 2.016000E+01    3.100000E+01 
 2.022400E+01    4.100000E+01 
 2.028800E+01    6.400000E+01 
 2.035200E+01    4.800000E+01 
 2.041600E+01    4.500000E+01 
 2.048000E+01    5.400000E+01 
 2.054400E+01    5.600000E+01 
 2.060800E+01    4.400000E+01 
 2.067200E+01    4.900000E+01 
 2.073600E+01    4.700000E+01 
 2.080000E+01    6.500000E+01 
 2.086400E+01    5.200000E+01 
 2.092800E+01    6.500000E+01 
 2.099200E+01    8.000000E+01 
 2.105600E+01    7.300000E+01 
 2.112000E+01    7.000000E+01 
 2.118400E+01    7.400000E+01 
 2.124800E+01    7.000000E+01 
 2.131200E+01    7.200000E+01 
 2.137600E+01    7.500000E+01 
 2.144000E+01    7.300000E+01 
 2.150400E+01    6.900000E+01 
 2.156800E+01    8.000000E+01 
 2.163200E+01    7.100000E+01 
 2.169600E+01    8.600000E+01 
 2.176000E+01    8.500000E+01 
 2.182400E+01    6.900000E+01 
 2.188800E+01    8.200000E+01 
 2.195200E+01    7.300000E+01 
 2.201600E+01    7.400000E+01 
 2.208000E+01    6.200000E+01 
 2.214400E+01    7.400000E+01 
 2.220800E+01    5.400000E+01 
 2.227200E+01    8.400000E+01 
 2.233600E+01    8.300000E+01 
 2.240000E+01    8.300000E+01 
 2.246400E+01    7.200000E+01 
 2.252800E+01    6.900000E+01 
 2.259200E+01    6.400000E+01 
 2.265600E+01    7.700000E+01 
 2.272000E+01    8.700000E+01 
 2.278400E+01    7.400000E+01 
 2.284800E+01    6.800000E+01 
 2.291200E+01    4.800000E+01 
 2.297600E+01    6.600000E+01 
 2.304000E+01    6.100000E+01 
 2.310400E+01    6.900000E+01 
 2.316800E+01    5.900000E+01 
 2.323200E+01    4.900000E+01 
 2.329600E+01    7.000000E+01 
 2.336000E+01    6.500000E+01 
 2.342400E+01    7.000000E+01 
 2.348800E+01    7.700000E+01 
 2.355200E+01    7.100000E+01 
 2.361600E+01    7.800000E+01 
 2.368000E+01    8.700000E+01 
 2.374400E+01    6.100000E+01 
 2.380800E+01    8.600000E+01 
 2.387200E+01    9.200000E+01 
 2.393600E+01    9.500000E+01 
 2.400000E+01    8.700000E+01 
 2.406400E+01    7.300000E+01 
 2.412800E+01    9.900000E+01 
 2.419200E+01    7.000000E+01 
 2.425600E+01    7.400000E+01 
 2.432000E+01    6.900000E+01 
 2.438400E+01    5.100000E+01 
 2.444800E+01    6.400000E+01 
 2.451200E+01    4.500000E+01 
 2.457600E+01    5.000000E+01 
 2.464000E+01    3.800000E+01 
 2.470400E+01    6.600000E+01 
 2.476800E+01    5.700000E+01 
 2.483200E+01    7.500000E+01 
 2.489600E+01    6.200000E+01 
 2.496000E+01    4.900000E+01 
 2.502400E+01    4.200000E+01 
 2.508800E+01    5.500000E+01 
 2.515200E+01    4.700000E+01 
 2.521600E+01    5.000000E+01 
 2.528000E+01    4.600000E+01 
 2.534400E+01    4.600000E+01 
 2.540800E+01    5.200000E+01 
 2.547200E+01    5.900000E+01 
 2.553600E+01    5.200000E+01 
 2.560000E+01    5.500000E+01 
 2.566400E+01    6.800000E+01 
 2.572800E+01    5.100000E+01 
 2.579200E+01    5.900000E+01 
 2.585600E+01    4.800000E+01 
 2.592000E+01    5.100000E+01 
 2.598400E+01    5.300000E+01 
 2.604800E+01    5.800000E+01 
 2.611200E+01    6.000000E+01 
 2.617600E+01    7.000000E+01 
 2.624000E+01    4.400000E+01 
 2.630400E+01    5.400000E+01 
 2.636800E+01    7.500000E+01 
 2.643200E+01    9.500000E+01 
 2.649600E+01    7.600000E+01 
 2.656000E+01    7.700000E+01 
 2.662400E+01    9.300000E+01 
 2.668800E+01    9.900000E+01 
 2.675200E+01    8.700000E+01 
 2.681600E+01    9.600000E+01 
 2.688000E+01    8.500000E+01 
 2.694400E+01    4.700000E+01 
 2.700800E+01    5.300000E+01 
 2.707200E+01    6.300000E+01 
 2.713600E+01    6.200000E+01 
 2.720000E+01    7.100000E+01 
 2.726400E+01    5.900000E+01 
 2.732800E+01    6.500000E+01 
 2.739200E+01    7.400000E+01 
 2.745600E+01    7.600000E+01 
 2.752000E+01    6.200000E+01 
 2.758400E+01    6.900000E+01 
 2.764800E+01    7.000000E+01 
 2.771200E+01    5.500000E+01 
 2.777600E+01    6.900000E+01 
 2.784000E+01    5.600000E+01 
 2.790400E+01    5.600000E+01 
 2.796800E+01    6.000000E+01 
 2.803200E+01    7.000000E+01 
 2.809600E+01    5.600000E+01 
 2.816000E+01    7.400000E+01 
 2.822400E+01    5.800000E+01 
 2.828800E+01    5.100000E+01 
 2.835200E+01    6.800000E+01 
 2.841600E+01    6.500000E+01 
 2.848000E+01    5.800000E+01 
 2.854400E+01    4.100000E+01 
 2.860800E+01    5.700000E+01 
 2.867200E+01    7.300000E+01 
 2.873600E+01    7.900000E+01 
 2.880000E+01    7.800000E+01 
 2.886400E+01    7.300000E+01 
 2.892800E+01    8.500000E+01 
 2.899200E+01    6.000000E+01 
 2.905600E+01    6.900000E+01 
 2.912000E+01    5.700000E+01 
 2.918400E+01    5.500000E+01 
 2.924800E+01    6.600000E+01 
 2.931200E+01    6.500000E+01 
 2.937600E+01    5.100000E+01 
 2.944000E+01    5.900000E+01 
 2.950400E+01    7.800000E+01 
 2.956800E+01    5.700000E+01 
 2.963200E+01    6.200000E+01 
 2.969600E+01    5.700000E+01 
 2.976000E+01    7.300000E+01 
 2.982400E+01    5.800000E+01 
 2.988800E+01    7.000000E+01 
 2.995200E+01    6.800000E+01 
 3.001600E+01    6.500000E+01 
 3.008000E+01    7.100000E+01 
 3.014400E+01    5.700000E+01 
 3.020800E+01    6.700000E+01 
 3.027200E+01    6.200000E+01 
 3.033600E+01    6.300000E+01 
 3.040000E+01    7.100000E+01 
 3.046400E+01    4.900000E+01 
 3.052800E+01    6.200000E+01 
 3.059200E+01    6.600000E+01 
 3.065600E+01    7.200000E+01 
 3.072000E+01    5.300000E+01 
 3.078400E+01    6.300000E+01 
 3.084800E+01    7.100000E+01 
 3.091200E+01    6.900000E+01 
 3.097600E+01    6.300000E+01 
 3.104000E+01    6.100000E+01 
 3.110400E+01    6.400000E+01 
 3.116800E+01    7.600000E+01 
 3.123200E+01    7.400000E+01 
 3.129600E+01    6.500000E+01 
 3.136000E+01    5.900000E+01 
 3.142400E+01    6.100000E+01 
 3.148800E+01    4.400000E+01 
 3.155200E+01    5.400000E+01 
 3.161600E+01    5.900000E+01 
 3.168000E+01    7.300000E+01 
 3.174400E+01    5.300000E+01 
 3.180800E+01    5.300000E+01 
 3.187200E+01    6.200000E+01 
 3.193600E+01    4.100000E+01 
 3.200000E+01    6.100000E+01 
 3.206400E+01    5.800000E+01 
 3.212800E+01    8.000000E+01 
 3.219200E+01    7.500000E+01 
 3.225600E+01    6.400000E+01 
 3.232000E+01    5.200000E+01 
 3.238400E+01    6.200000E+01 
 3.244800E+01    6.200000E+01 
 3.251200E+01    5.900000E+01 
 3.257600E+01    7.000000E+01 
 3.264000E+01    6.100000E+01 
 3.270400E+01    5.900000E+01 
 3.276800E+01    5.300000E+01 
 3.283200E+01    4.700000E+01 
 3.289600E+01    4.600000E+01 
 3.296000E+01    4.600000E+01 
 3.302400E+01    4.000000E+01 
 3.308800E+01    4.600000E+01 
 3.315200E+01    4.800000E+01 
 3.321600E+01    4.200000E+01 
 3.328000E+01    3.500000E+01 
 3.334400E+01    3.300000E+01 
 3.340800E+01    3.900000E+01 
 3.347200E+01    3.900000E+01 
 3.353600E+01    3.900000E+01 
 3.360000E+01    2.900000E+01 
 3.366400E+01    3.900000E+01 
 3.372800E+01    3.500000E+01 
 3.379200E+01    4.700000E+01 
 3.385600E+01    3.500000E+01 
 3.392000E+01    3.700000E+01 
 3.398400E+01    5.700000E+01 
 3.404800E+01    3.500000E+01 
 3.411200E+01    2.800000E+01 
 3.417600E+01    5.500000E+01 
 3.424000E+01    5.300000E+01 
 3.430400E+01    3.500000E+01 
 3.436800E+01    6.300000E+01 
 3.443200E+01    4.700000E+01 
 3.449600E+01    4.700000E+01 
 3.456000E+01    5.500000E+01 
 3.462400E+01    7.100000E+01 
 3.468800E+01    5.300000E+01 
 3.475200E+01    5.300000E+01 
 3.481600E+01    5.900000E+01 
 3.488000E+01    5.100000E+01 
 3.494400E+01    5.100000E+01 
 3.500800E+01    7.300000E+01 
 3.507200E+01    4.700000E+01 
 3.513600E+01    4.700000E+01 
 3.520000E+01    4.300000E+01 
 3.526400E+01    4.100000E+01 
 3.532800E+01    5.100000E+01 
 3.539200E+01    4.300000E+01 
 3.545600E+01    5.300000E+01 
 3.552000E+01    5.100000E+01 
 3.558400E+01    4.900000E+01 
 3.564800E+01    5.900000E+01 
 3.571200E+01    6.100000E+01 
 3.577600E+01    4.700000E+01 
 3.584000E+01    5.500000E+01 
 3.590400E+01    6.100000E+01 
 3.596800E+01    4.500000E+01 
 3.603200E+01    5.100000E+01 
 3.609600E+01    4.700000E+01 
 3.616000E+01    5.500000E+01 
 3.622400E+01    4.900000E+01 
 3.628800E+01    8.100000E+01 
 3.635200E+01    5.900000E+01 
 3.641600E+01    6.100000E+01 
 3.648000E+01    6.700000E+01 
 3.654400E+01    6.100000E+01 
 3.660800E+01    5.700000E+01 
 3.667200E+01    6.100000E+01 
 3.673600E+01    4.500000E+01 
 3.680000E+01    7.300000E+01 
 3.686400E+01    7.500000E+01 
 3.692800E+01    5.500000E+01 
 3.699200E+01    6.700000E+01 
 3.705600E+01    6.900000E+01 
 3.712000E+01    5.900000E+01 
 3.718400E+01    5.300000E+01 
 3.724800E+01    5.500000E+01 
 3.731200E+01    4.500000E+01 
 3.737600E+01    4.700000E+01 
 3.744000E+01    5.700000E+01 
 3.750400E+01    3.900000E+01 
 3.756800E+01    5.100000E+01 
 3.763200E+01    5.100000E+01 
 3.769600E+01    5.500000E+01 
 3.776000E+01    4.900000E+01 
 3.782400E+01    6.300000E+01 
 3.788800E+01    5.500000E+01 
 3.795200E+01    4.900000E+01 
 3.801600E+01    5.700000E+01 
 3.808000E+01    4.500000E+01 
 3.814400E+01    5.300000E+01 
 3.820800E+01    5.900000E+01 
 3.827200E+01    4.300000E+01 
 3.833600E+01    4.700000E+01 
 3.840000E+01    4.900000E+01 
 3.846400E+01    4.500000E+01 
 3.852800E+01    5.500000E+01 
 3.859200E+01    4.900000E+01 
 3.865600E+01    4.500000E+01 
 3.872000E+01    5.500000E+01 
 3.878400E+01    6.300000E+01 
 3.884800E+01    6.300000E+01 
 3.891200E+01    7.700000E+01 
 3.897600E+01    6.300000E+01 
 3.904000E+01    5.500000E+01 
 3.910400E+01    6.900000E+01 
 3.916800E+01    6.100000E+01 
 3.923200E+01    5.500000E+01 
 3.929600E+01    5.700000E+01 
 3.936000E+01    4.900000E+01 
 3.942400E+01    4.700000E+01 
 3.948800E+01    4.500000E+01 
 3.955200E+01    4.900000E+01 
 3.961600E+01    4.300000E+01 
 3.968000E+01    5.900000E+01 
 3.974400E+01    5.100000E+01 
 3.980800E+01    4.700000E+01 
 3.987200E+01    4.900000E+01 
 3.993600E+01    4.700000E+01 
 4.000000E+01    6.900000E+01 
 4.006400E+01    6.500000E+01 
 4.012800E+01    6.100000E+01 
 4.019200E+01    6.300000E+01 
 4.025600E+01    5.300000E+01 
 4.032000E+01    5.700000E+01 
 4.038400E+01    5.300000E+01 
 4.044800E+01    5.100000E+01 
 4.051200E+01    5.300000E+01 
 4.057600E+01    4.700000E+01 
 4.064000E+01    5.500000E+01 
 4.070400E+01    5.100000E+01 
 4.076800E+01    5.500000E+01 
 4.083200E+01    5.100000E+01 
 4.089600E+01    5.900000E+01 
 4.096000E+01    3.900000E+01 
 4.102400E+01    5.700000E+01 
 4.108800E+01    4.700000E+01 
 4.115200E+01    6.100000E+01 
 4.121600E+01    4.900000E+01 
 4.128000E+01    4.700000E+01 
 4.134400E+01    5.900000E+01 
 4.140800E+01    6.100000E+01 
 4.147200E+01    6.500000E+01 
 4.153600E+01    6.900000E+01 
 4.160000E+01    6.100000E+01 
 4.166400E+01    5.700000E+01 
 4.172800E+01    5.700000E+01 
 4.179200E+01    5.300000E+01 
 4.185600E+01    5.100000E+01 
 4.192000E+01    6.100000E+01 
 4.198400E+01    6.100000E+01 
 4.204800E+01    5.100000E+01 
 4.211200E+01    6.300000E+01 
 4.217600E+01    5.700000E+01 
 4.224000E+01    6.300000E+01 
 4.230400E+01    6.100000E+01 
 4.236800E+01    6.500000E+01 
 4.243200E+01    4.900000E+01 
 4.249600E+01    5.300000E+01 
 4.256000E+01    4.700000E+01 
 4.262400E+01    6.100000E+01 
 4.268800E+01    5.300000E+01 
 4.275200E+01    5.100000E+01 
 4.281600E+01    6.900000E+01 
 4.288000E+01    6.300000E+01 
 4.294400E+01    5.700000E+01 
 4.300800E+01    6.300000E+01 
 4.307200E+01    5.900000E+01 
 4.313600E+01    6.500000E+01 
 4.320000E+01    5.500000E+01 
 4.326400E+01    5.700000E+01 
 4.332800E+01    5.700000E+01 
 4.339200E+01    6.300000E+01 
 4.345600E+01    5.500000E+01 
 4.352000E+01    6.500000E+01 
 4.358400E+01    4.700000E+01 
 4.364800E+01    6.100000E+01 
 4.371200E+01    5.700000E+01 
 4.377600E+01    4.900000E+01 
 4.384000E+01    4.100000E+01 
 4.390400E+01    5.100000E+01 
 4.396800E+01    6.300000E+01 
 4.403200E+01    6.500000E+01 
 4.409600E+01    6.900000E+01 
 4.416000E+01    6.700000E+01 
 4.422400E+01    6.500000E+01 
 4.428800E+01    4.900000E+01 
 4.435200E+01    6.100000E+01 
 4.441600E+01    5.300000E+01 
 4.448000E+01    6.300000E+01 
 4.454400E+01    4.500000E+01 
 4.460800E+01    4.900000E+01 
 4.467200E+01    6.300000E+01 
 4.473600E+01    6.100000E+01 
 4.480000E+01    6.900000E+01 
 4.486400E+01    6.100000E+01 
 4.492800E+01    4.900000E+01 
 4.499200E+01    5.300000E+01 
 4.505600E+01    6.100000E+01 
 4.512000E+01    6.500000E+01 
 4.518400E+01    6.100000E+01 
 4.524800E+01    6.700000E+01 
 4.531200E+01    5.700000E+01 
 4.537600E+01    6.500000E+01 
 4.544000E+01    4.500000E+01 
 4.550400E+01    5.700000E+01 
 4.556800E+01    5.500000E+01 
 4.563200E+01    6.300000E+01 
 4.569600E+01    3.900000E+01 
 4.576000E+01    4.500000E+01 
 4.582400E+01    4.700000E+01 
 4.588800E+01    4.900000E+01 
 4.595200E+01    5.300000E+01 
 4.601600E+01    5.300000E+01 
 4.608000E+01    5.900000E+01 
 4.614400E+01    5.500000E+01 
 4.620800E+01    3.900000E+01 
 4.627200E+01    5.300000E+01 
 4.633600E+01    4.500000E+01 
 4.640000E+01    6.300000E+01 
 4.646400E+01    5.300000E+01 
 4.652800E+01    7.100000E+01 
 4.659200E+01    5.100000E+01 
 4.665600E+01    3.500000E+01 
 4.672000E+01    4.700000E+01 
 4.678400E+01    3.900000E+01 
 4.684800E+01    4.700000E+01 
 4.691200E+01    5.100000E+01 
 4.697600E+01    5.700000E+01 
 4.704000E+01    5.700000E+01 
 4.710400E+01    4.100000E+01 
 4.716800E+01    5.700000E+01 
 4.723200E+01    5.100000E+01 
 4.729600E+01    3.500000E+01 
 4.736000E+01    6.700000E+01 
 4.742400E+01    4.900000E+01 
 4.748800E+01    4.900000E+01 
 4.755200E+01    5.100000E+01 
 4.761600E+01    6.300000E+01 
 4.768000E+01    4.100000E+01 
 4.774400E+01    5.700000E+01 
 4.780800E+01    5.300000E+01 
 4.787200E+01    6.100000E+01 
 4.793600E+01    5.500000E+01 
 4.800000E+01    4.500000E+01 
 4.806400E+01    3.300000E+01 
 4.812800E+01    5.300000E+01 
 4.819200E+01    4.900000E+01 
 4.825600E+01    4.500000E+01 
 4.832000E+01    5.300000E+01 
 4.838400E+01    5.100000E+01 
 4.844800E+01    4.900000E+01 
 4.851200E+01    4.500000E+01 
 4.857600E+01    3.100000E+01 
 4.864000E+01    5.300000E+01 
 4.870400E+01    4.100000E+01 
 4.876800E+01    4.900000E+01 
 4.883200E+01    4.500000E+01 
 4.889600E+01    4.700000E+01 
 4.896000E+01    3.900000E+01 
 4.902400E+01    3.500000E+01 
 4.908800E+01    5.100000E+01 
 4.915200E+01    4.700000E+01 
 4.921600E+01    6.100000E+01 
 4.928000E+01    5.100000E+01 
 4.934400E+01    4.700000E+01 
 4.940800E+01    4.900000E+01 
 4.947200E+01    5.500000E+01 
 4.953600E+01    6.500000E+01 
 4.960000E+01    5.500000E+01 
 4.966400E+01    4.700000E+01 
 4.972800E+01    4.500000E+01 
 4.979200E+01    4.900000E+01 
 4.985600E+01    5.100000E+01 
 4.992000E+01    4.500000E+01 
 4.998400E+01    6.300000E+01 
 5.004800E+01    4.900000E+01 
 5.011200E+01    4.500000E+01 
 5.017600E+01    5.300000E+01 
 5.024000E+01    5.300000E+01 
 5.030400E+01    4.300000E+01 
 5.036800E+01    4.500000E+01 
 5.043200E+01    4.300000E+01 
 5.049600E+01    5.700000E+01 
 5.056000E+01    4.500000E+01 
 5.062400E+01    4.100000E+01 
 5.068800E+01    4.100000E+01 
 5.075200E+01    4.500000E+01 
 5.081600E+01    5.700000E+01 
 5.088000E+01    5.300000E+01 
 5.094400E+01    4.500000E+01 
 5.100800E+01    6.100000E+01 
 5.107200E+01    5.100000E+01 
 5.113600E+01    3.900000E+01 
 5.120000E+01    5.700000E+01 
 5.126400E+01    5.900000E+01 
 5.132800E+01    3.900000E+01 
 5.139200E+01    3.900000E+01 
 5.145600E+01    4.700000E+01 
 5.152000E+01    5.300000E+01 
 5.158400E+01    5.100000E+01 
 5.164800E+01    4.700000E+01 
 5.171200E+01    4.500000E+01 
 5.177600E+01    4.100000E+01 
 5.184000E+01    6.300000E+01 
 5.190400E+01    4.900000E+01 
 5.196800E+01    5.300000E+01 
 5.203200E+01    5.900000E+01 
 5.209600E+01    4.700000E+01 
 5.216000E+01    4.500000E+01 
 5.222400E+01    4.900000E+01 
 5.228800E+01    4.100000E+01 
 5.235200E+01    5.300000E+01 
 5.241600E+01    4.700000E+01 
 5.248000E+01    3.300000E+01 
 5.254400E+01    4.100000E+01 
 5.260800E+01    4.900000E+01 
 5.267200E+01    6.100000E+01 
 5.273600E+01    4.700000E+01 
 5.280000E+01    6.100000E+01 
 5.286400E+01    3.700000E+01 
 5.292800E+01    5.700000E+01 
 5.299200E+01    4.700000E+01 
 5.305600E+01    3.900000E+01 
 5.312000E+01    3.500000E+01 
 5.318400E+01    4.700000E+01 
 5.324800E+01    4.700000E+01 
 5.331200E+01    4.900000E+01 
 5.337600E+01    5.300000E+01 
 5.344000E+01    6.100000E+01 
 5.350400E+01    4.900000E+01 
 5.356800E+01    4.900000E+01 
 5.363200E+01    4.500000E+01 
 5.369600E+01    4.700000E+01 
 5.376000E+01    4.900000E+01 
 5.382400E+01    5.100000E+01 
 5.388800E+01    4.500000E+01 
 5.395200E+01    4.300000E+01 
 5.401600E+01    4.300000E+01 
 5.408000E+01    5.100000E+01 
 5.414400E+01    4.100000E+01 
 5.420800E+01    4.500000E+01 
 5.427200E+01    4.300000E+01 
 5.433600E+01    4.100000E+01 
 5.440000E+01    4.300000E+01 
 5.446400E+01    4.100000E+01 
 5.452800E+01    4.900000E+01 
 5.459200E+01    3.900000E+01 
 5.465600E+01    4.700000E+01 
 5.472000E+01    4.900000E+01 
 5.478400E+01    4.500000E+01 
 5.484800E+01    5.500000E+01 
 5.491200E+01    3.900000E+01 
 5.497600E+01    5.100000E+01 
 5.504000E+01    5.300000E+01 
 5.510400E+01    4.700000E+01 
 5.516800E+01    4.900000E+01 
 5.523200E+01    4.100000E+01 
 5.529600E+01    5.300000E+01 
 5.536000E+01    4.500000E+01 
 5.542400E+01    4.300000E+01 
 5.548800E+01    3.900000E+01 
 5.555200E+01    4.900000E+01 
 5.561600E+01    5.100000E+01 
 5.568000E+01    5.100000E+01 
 5.574400E+01    4.900000E+01 
 5.580800E+01    4.100000E+01 
 5.587200E+01    4.100000E+01 
 5.593600E+01    4.900000E+01 
 5.600000E+01    3.900000E+01 
 5.606400E+01    4.700000E+01 
 5.612800E+01    4.500000E+01 
 5.619200E+01    3.900000E+01 
 5.625600E+01    4.700000E+01 
 5.632000E+01    4.100000E+01 
 5.638400E+01    3.500000E+01 
 5.644800E+01    2.800000E+01 
 5.651200E+01    3.700000E+01 
 5.657600E+01    3.500000E+01 
 5.664000E+01    3.900000E+01 
 5.670400E+01    3.900000E+01 
 5.676800E+01    4.500000E+01 
 5.683200E+01    4.500000E+01 
 5.689600E+01    5.100000E+01 
 5.696000E+01    5.300000E+01 
 5.702400E+01    4.100000E+01 
 5.708800E+01    3.300000E+01 
 5.715200E+01    2.900000E+01 
 5.721600E+01    3.900000E+01 
 5.728000E+01    3.500000E+01 
 5.734400E+01    3.000000E+01 
 5.740800E+01    4.900000E+01 
 5.747200E+01    2.800000E+01 
 5.753600E+01    3.500000E+01 
 5.760000E+01    2.800000E+01 
 5.766400E+01    3.700000E+01 
 5.772800E+01    3.700000E+01 
 5.779200E+01    2.500000E+01 
 5.785600E+01    2.500000E+01 
 5.792000E+01    2.300000E+01 
 5.798400E+01    1.900000E+01 
 5.804800E+01    2.100000E+01 
 5.811200E+01    2.900000E+01 
 5.817600E+01    3.900000E+01 
 5.824000E+01    4.100000E+01 
 5.830400E+01    3.500000E+01 
 5.836800E+01    4.500000E+01 
 5.843200E+01    2.400000E+01 
 5.849600E+01    3.900000E+01 
 5.856000E+01    3.300000E+01 
 5.862400E+01    3.000000E+01 
 5.868800E+01    2.900000E+01 
 5.875200E+01    2.600000E+01 
 5.881600E+01    3.100000E+01 
 5.888000E+01    3.100000E+01 
 5.894400E+01    3.700000E+01 
 5.900800E+01    3.700000E+01 
 5.907200E+01    3.500000E+01 
 5.913600E+01    2.300000E+01 
 5.920000E+01    2.700000E+01 
 5.926400E+01    3.000000E+01 
 5.932800E+01    3.900000E+01 
 5.939200E+01    3.300000E+01 
 5.945600E+01    3.900000E+01 
 5.952000E+01    3.500000E+01 
 5.958400E+01    3.900000E+01 
 5.964800E+01    3.000000E+01 
 5.971200E+01    3.700000E+01 
 5.977600E+01    3.900000E+01 
 5.984000E+01    2.800000E+01 
 5.990400E+01    3.500000E+01 
 5.996800E+01    4.100000E+01 
 6.003200E+01    4.700000E+01 
 6.009600E+01    4.100000E+01 
 6.016000E+01    2.600000E+01 
 6.022400E+01    4.500000E+01 
 6.028800E+01    4.500000E+01 
 6.035200E+01    4.700000E+01 
 6.041600E+01    4.700000E+01 
 6.048000E+01    5.300000E+01 
 6.054400E+01    4.100000E+01 
 6.060800E+01    4.700000E+01 
 6.067200E+01    4.900000E+01 
 6.073600E+01    4.300000E+01 
 6.080000E+01    4.700000E+01 
 6.086400E+01    4.100000E+01 
 6.092800E+01    4.500000E+01 
 6.099200E+01    4.100000E+01 
 6.105600E+01    4.300000E+01 
 6.112000E+01    5.300000E+01 
 6.118400E+01    4.500000E+01 
 6.124800E+01    3.900000E+01 
 6.131200E+01    2.900000E+01 
 6.137600E+01    4.900000E+01 
 6.144000E+01    5.500000E+01 
 6.150400E+01    4.700000E+01 
 6.156800E+01    6.700000E+01 
 6.163200E+01    4.100000E+01 
 6.169600E+01    3.900000E+01 
 6.176000E+01    4.900000E+01 
 6.182400E+01    4.700000E+01 
 6.188800E+01    4.100000E+01 
 6.195200E+01    4.700000E+01 
 6.201600E+01    5.100000E+01 
 6.208000E+01    4.700000E+01 
 6.214400E+01    4.300000E+01 
 6.220800E+01    5.700000E+01 
 6.227200E+01    4.500000E+01 
 6.233600E+01    4.900000E+01 
 6.240000E+01    5.100000E+01 
 6.246400E+01    4.700000E+01 
 6.252800E+01    4.100000E+01 
 6.259200E+01    4.300000E+01 
 6.265600E+01    5.700000E+01 
 6.272000E+01    3.900000E+01 
 6.278400E+01    5.700000E+01 
 6.284800E+01    4.300000E+01 
 6.291200E+01    5.300000E+01 
 6.297600E+01    4.700000E+01 
 6.304000E+01    4.100000E+01 
 6.310400E+01    5.300000E+01 
 6.316800E+01    4.500000E+01 
 6.323200E+01    5.500000E+01 
 6.329600E+01    3.500000E+01 
 6.336000E+01    5.300000E+01 
 6.342400E+01    4.100000E+01 
 6.348800E+01    4.300000E+01 
 6.355200E+01    4.100000E+01 
 6.361600E+01    3.900000E+01 
 6.368000E+01    4.700000E+01 
 6.374400E+01    4.300000E+01 
 6.380800E+01    4.100000E+01 
 6.387200E+01    3.700000E+01 
 6.393600E+01    3.100000E+01 
 6.400000E+01    3.900000E+01 
 6.406400E+01    4.100000E+01 
 6.412800E+01    4.500000E+01 
 6.419200E+01    3.500000E+01 
 6.425600E+01    3.500000E+01 
 6.432000E+01    4.300000E+01 
 6.438400E+01    3.300000E+01 
 6.444800E+01    4.100000E+01 
 6.451200E+01    3.700000E+01 
 6.457600E+01    4.100000E+01 
 6.464000E+01    4.300000E+01 
 6.470400E+01    3.000000E+01 
 6.476800E+01    3.100000E+01 
 6.483200E+01    3.700000E+01 
 6.489600E+01    2.900000E+01 
 6.496000E+01    3.900000E+01 
 6.502400E+01    3.300000E+01 
 6.508800E+01    2.700000E+01 
 6.515200E+01    1.600000E+01 
 6.521600E+01    2.200000E+01 
 6.528000E+01    3.000000E+01 
 6.534400E+01    3.000000E+01 
 6.540800E+01    2.900000E+01 
 6.547200E+01    2.000000E+01 
 6.553600E+01    2.300000E+01 
 6.560000E+01    3.500000E+01 
 6.566400E+01    2.800000E+01 
 6.572800E+01    2.200000E+01 
 6.579200E+01    3.900000E+01 
 6.585600E+01    4.300000E+01 
 6.592000E+01    3.100000E+01 
 6.598400E+01    2.800000E+01 
 6.604800E+01    2.800000E+01 
 6.611200E+01    3.500000E+01 
 6.617600E+01    2.600000E+01 
 6.624000E+01    2.900000E+01 
 6.630400E+01    3.700000E+01 
 6.636800E+01    2.900000E+01 
 6.643200E+01    3.000000E+01 
 6.649600E+01    2.000000E+01 
 6.656000E+01    3.500000E+01 
 6.662400E+01    2.900000E+01 
 6.668800E+01    2.600000E+01 
 6.675200E+01    2.400000E+01 
 6.681600E+01    3.900000E+01 
 6.688000E+01    2.600000E+01 
 6.694400E+01    3.300000E+01 
 6.700800E+01    3.500000E+01 
 6.707200E+01    3.300000E+01 
 6.713600E+01    2.400000E+01 
 6.720000E+01    3.500000E+01 
 6.726400E+01    1.300000E+01 
 6.732800E+01    2.100000E+01 
 6.739200E+01    1.900000E+01 
 6.745600E+01    2.600000E+01 
 6.752000E+01    2.900000E+01 
 6.758400E+01    2.700000E+01 
 6.764800E+01    3.000000E+01 
 6.771200E+01    2.200000E+01 
 6.777600E+01    2.700000E+01 
 6.784000E+01    2.600000E+01 
 6.790400E+01    2.800000E+01 
 6.796800E+01    2.700000E+01 
 6.803200E+01    2.500000E+01 
 6.809600E+01    3.500000E+01 
 6.816000E+01    3.900000E+01 
 6.822400E+01    3.500000E+01 
 6.828800E+01    2.700000E+01 
 6.835200E+01    4.100000E+01 
 6.841600E+01    2.400000E+01 
 6.848000E+01    2.800000E+01 
 6.854400E+01    2.500000E+01 
 6.860800E+01    2.900000E+01 
 6.867200E+01    4.500000E+01 
 6.873600E+01    4.900000E+01 
 6.880000E+01    4.900000E+01 
 6.886400E+01    3.700000E+01 
 6.892800E+01    4.300000E+01 
 6.899200E+01    4.900000E+01 
 6.905600E+01    3.500000E+01 
 6.912000E+01    2.900000E+01 
 6.918400E+01    3.700000E+01 
 6.924800E+01    3.700000E+01 
 6.931200E+01    3.500000E+01 
 6.937600E+01    4.300000E+01 
 6.944000E+01    4.500000E+01 
 6.950400E+01    3.500000E+01 
 6.956800E+01    3.500000E+01 
 6.963200E+01    3.100000E+01 
 6.969600E+01    5.500000E+01 
 6.976000E+01    4.700000E+01 
 6.982400E+01    4.900000E+01 
 6.988800E+01    3.900000E+01 
 6.995200E+01    4.700000E+01 
 7.001600E+01    4.100000E+01 
 7.008000E+01    5.100000E+01 
 7.014400E+01    4.900000E+01 
 7.020800E+01    3.900000E+01 
 7.027200E+01    4.300000E+01 
 7.033600E+01    4.100000E+01 
 7.040000E+01    5.300000E+01 
 7.046400E+01    4.100000E+01 
 7.052800E+01    4.900000E+01 
 7.059200E+01    4.500000E+01 
 7.065600E+01    4.100000E+01 
 7.072000E+01    3.000000E+01 
 7.078400E+01    4.300000E+01 
 7.084800E+01    4.500000E+01 
 7.091200E+01    4.900000E+01 
 7.097600E+01    4.700000E+01 
 7.104000E+01    3.700000E+01 
 7.110400E+01    3.000000E+01 
 7.116800E+01    2.900000E+01 
 7.123200E+01    3.900000E+01 
 7.129600E+01    3.500000E+01 
 7.136000E+01    4.500000E+01 
 7.142400E+01    3.300000E+01 
 7.148800E+01    4.500000E+01 
 7.155200E+01    3.300000E+01 
 7.161600E+01    3.700000E+01 
 7.168000E+01    4.300000E+01 
 7.174400E+01    3.900000E+01 
 7.180800E+01    3.900000E+01 
 7.187200E+01    4.100000E+01 
 7.193600E+01    4.100000E+01 
 7.200000E+01    4.300000E+01 
 7.206400E+01    5.300000E+01 
 7.212800E+01    4.100000E+01 
 7.219200E+01    4.100000E+01 
 7.225600E+01    3.700000E+01 
 7.232000E+01    5.500000E+01 
 7.238400E+01    3.900000E+01 
 7.244800E+01    5.500000E+01 
 7.251200E+01    3.900000E+01 
 7.257600E+01    4.500000E+01 
 7.264000E+01    4.300000E+01 
 7.270400E+01    3.900000E+01 
 7.276800E+01    3.700000E+01 
 7.283200E+01    3.700000E+01 
 7.289600E+01    3.000000E+01 
 7.296000E+01    3.300000E+01 
 7.302400E+01    2.900000E+01 
 7.308800E+01    3.100000E+01 
 7.315200E+01    3.900000E+01 
 7.321600E+01    2.200000E+01 
 7.328000E+01    4.500000E+01 
 7.334400E+01    3.100000E+01 
 7.340800E+01    3.000000E+01 
 7.347200E+01    3.500000E+01 
 7.353600E+01    3.000000E+01 
 7.360000E+01    2.600000E+01 
 7.366400E+01    2.900000E+01 
 7.372800E+01    3.500000E+01 
 7.379200E+01    3.100000E+01 
 7.385600E+01    2.200000E+01 
 7.392000E+01    3.900000E+01 
 7.398400E+01    2.900000E+01 
 7.404800E+01    2.400000E+01 
 7.411200E+01    3.500000E+01 
 7.417600E+01    3.700000E+01 
 7.424000E+01    2.500000E+01 
 7.430400E+01    3.300000E+01 
 7.436800E+01    2.900000E+01 
 7.443200E+01    3.100000E+01 
 7.449600E+01    4.100000E+01 
 7.456000E+01    3.700000E+01 
 7.462400E+01    4.100000E+01 
 7.468800E+01    3.300000E+01 
 7.475200E+01    3.300000E+01 
 7.481600E+01    3.000000E+01 
 7.488000E+01    3.700000E+01 
 7.494400E+01    2.700000E+01 
 7.500800E+01    2.700000E+01 
 7.507200E+01    3.900000E+01 
 7.513600E+01    3.700000E+01 
 7.520000E+01    3.000000E+01 
 7.526400E+01    3.500000E+01 
 7.532800E+01    3.100000E+01 
 7.539200E+01    3.100000E+01 
 7.545600E+01    2.800000E+01 
 7.552000E+01    2.600000E+01 
 7.558400E+01    3.500000E+01 
 7.564800E+01    3.000000E+01 
 7.571200E+01    2.500000E+01 
 7.577600E+01    4.500000E+01 
 7.584000E+01    2.200000E+01 
 7.590400E+01    3.300000E+01 
 7.596800E+01    3.900000E+01 
 7.603200E+01    2.600000E+01 
 7.609600E+01    2.800000E+01 
 7.616000E+01    3.100000E+01 
 7.622400E+01    2.400000E+01 
 7.628800E+01    3.700000E+01 
 7.635200E+01    2.800000E+01 
 7.641600E+01    3.100000E+01 
 7.648000E+01    3.000000E+01 
 7.654400E+01    3.300000E+01 
 7.660800E+01    3.300000E+01 
 7.667200E+01    2.400000E+01 
 7.673600E+01    3.900000E+01 
 7.680000E+01    3.300000E+01 
 7.686400E+01    3.700000E+01 
 7.692800E+01    3.000000E+01 
 7.699200E+01    2.800000E+01 
 7.705600E+01    3.000000E+01 
 7.712000E+01    4.300000E+01 
 7.718400E+01    3.500000E+01 
 7.724800E+01    4.100000E+01 
 7.731200E+01    3.100000E+01 
 7.737600E+01    3.300000E+01 
 7.744000E+01    2.500000E+01 
 7.750400E+01    4.500000E+01 
 7.756800E+01    2.800000E+01 
 7.763200E+01    3.900000E+01 
 7.769600E+01    2.600000E+01 
 7.776000E+01    4.900000E+01 
 7.782400E+01    3.900000E+01 
 7.788800E+01    3.700000E+01 
 7.795200E+01    4.100000E+01 
 7.801600E+01    3.900000E+01 
 7.808000E+01    3.500000E+01 
 7.814400E+01    3.700000E+01 
 7.820800E+01    4.300000E+01 
 7.827200E+01    3.300000E+01 
 7.833600E+01    3.300000E+01 
 7.840000E+01    3.900000E+01 
 7.846400E+01    3.500000E+01 
 7.852800E+01    3.300000E+01 
 7.859200E+01    3.300000E+01 
 7.865600E+01    3.000000E+01 
 7.872000E+01    3.100000E+01 
 7.878400E+01    4.700000E+01 
 7.884800E+01    3.700000E+01 
 7.891200E+01    2.800000E+01 
 7.897600E+01    2.800000E+01 
 7.904000E+01    3.100000E+01 
 7.910400E+01    4.500000E+01 
 7.916800E+01    4.900000E+01 
 7.923200E+01    4.100000E+01 
 7.929600E+01    3.900000E+01 
 7.936000E+01    2.800000E+01 
 7.942400E+01    3.900000E+01 
 7.948800E+01    3.900000E+01 
 7.955200E+01    3.900000E+01 
 7.961600E+01    4.300000E+01 
 7.968000E+01    4.100000E+01 
 7.974400E+01    3.700000E+01 
 7.980800E+01    4.300000E+01 
 7.987200E+01    3.500000E+01 
 7.993600E+01    3.900000E+01 
 8.000000E+01    4.500000E+01 
 8.006400E+01    4.100000E+01 
 8.012800E+01    3.100000E+01 
 8.019200E+01    3.700000E+01 
 8.025600E+01    4.100000E+01 
 8.032000E+01    3.500000E+01 
 8.038400E+01    4.100000E+01 
 8.044800E+01    3.900000E+01 
 8.051200E+01    3.900000E+01 
 8.057600E+01    3.900000E+01 
 8.064000E+01    3.300000E+01 
 8.070400E+01    3.300000E+01 
 8.076800E+01    2.900000E+01 
 8.083200E+01    3.700000E+01 
 8.089600E+01    3.300000E+01 
 8.096000E+01    3.900000E+01 
 8.102400E+01    3.500000E+01 
 8.108800E+01    4.300000E+01 
 8.115200E+01    4.100000E+01 
 8.121600E+01    1.700000E+01 
 8.128000E+01    4.300000E+01 
 8.134400E+01    2.600000E+01 
 8.140800E+01    2.600000E+01 
 8.147200E+01    3.000000E+01 
 8.153600E+01    3.300000E+01 
 8.160000E+01    2.700000E+01 
 8.166400E+01    2.900000E+01 
 8.172800E+01    3.500000E+01 
 8.179200E+01    2.400000E+01 
 8.185600E+01    2.200000E+01 
 8.192000E+01    2.200000E+01 
 8.198400E+01    3.500000E+01 
 8.204800E+01    1.700000E+01 
 8.211200E+01    3.000000E+01 
 8.217600E+01    2.800000E+01 
 8.224000E+01    2.900000E+01 
 8.230400E+01    3.000000E+01 
 8.236800E+01    2.400000E+01 
 8.243200E+01    2.900000E+01 
 8.249600E+01    2.600000E+01 
 8.256000E+01    2.400000E+01 
 8.262400E+01    2.400000E+01 
 8.268800E+01    3.500000E+01 
 8.275200E+01    2.600000E+01 
 8.281600E+01    2.400000E+01 
 8.288000E+01    3.000000E+01 
 8.294400E+01    2.900000E+01 
 8.300800E+01    2.100000E+01 
 8.307200E+01    2.600000E+01 
 8.313600E+01    2.900000E+01 
 8.320000E+01    4.100000E+01 
 8.326400E+01    2.900000E+01 
 8.332800E+01    2.500000E+01 
 8.339200E+01    4.300000E+01 
 8.345600E+01    2.800000E+01 
 8.352000E+01    2.700000E+01 
 8.358400E+01    2.700000E+01 
 8.364800E+01    2.900000E+01 
 8.371200E+01    3.700000E+01 
 8.377600E+01    2.300000E+01 
 8.384000E+01    1.600000E+01 
 8.390400E+01    3.300000E+01 
 8.396800E+01    3.700000E+01 
 8.403200E+01    2.600000E+01 
 8.409600E+01    2.600000E+01 
 8.416000E+01    2.900000E+01 
 8.422400E+01    2.800000E+01 
 8.428800E+01    2.100000E+01 
 8.435200E+01    1.700000E+01 
 8.441600E+01    2.800000E+01 
 8.448000E+01    3.900000E+01 
 8.454400E+01    2.900000E+01 
 8.460800E+01    4.100000E+01 
 8.467200E+01    2.600000E+01 
 8.473600E+01    2.800000E+01 
 8.480000E+01    3.900000E+01 
 8.486400E+01    3.500000E+01 
 8.492800E+01    4.700000E+01 
 8.499200E+01    3.500000E+01 
 8.505600E+01    2.900000E+01 
 8.512000E+01    3.300000E+01 
 8.518400E+01    4.900000E+01 
 8.524800E+01    5.300000E+01 
 8.531200E+01    5.100000E+01 
 8.537600E+01    3.500000E+01 
 8.544000E+01    3.700000E+01 
 8.550400E+01    2.900000E+01 
 8.556800E+01    4.900000E+01 
 8.563200E+01    3.100000E+01 
 8.569600E+01    4.700000E+01 
 8.576000E+01    4.300000E+01 
 8.582400E+01    3.300000E+01 
 8.588800E+01    3.700000E+01 
 8.595200E+01    3.700000E+01 
 8.601600E+01    3.500000E+01 
 8.608000E+01    3.000000E+01 
 8.614400E+01    3.700000E+01 
 8.620800E+01    3.500000E+01 
 8.627200E+01    3.300000E+01 
 8.633600E+01    3.700000E+01 
 8.640000E+01    3.500000E+01 
 8.646400E+01    3.900000E+01 
 8.652800E+01    2.700000E+01 
 8.659200E+01    4.500000E+01 
 8.665600E+01    3.900000E+01 
 8.672000E+01    3.100000E+01 
 8.678400E+01    3.700000E+01 
 8.684800E+01    3.700000E+01 
 8.691200E+01    3.500000E+01 
 8.697600E+01    3.700000E+01 
 8.704000E+01    3.100000E+01 
 8.710400E+01    2.400000E+01 
 8.716800E+01    2.700000E+01 
 8.723200E+01    2.700000E+01 
 8.729600E+01    3.500000E+01 
 8.736000E+01    3.700000E+01 
 8.742400E+01    3.500000E+01 
 8.748800E+01    4.700000E+01 
 8.755200E+01    3.000000E+01 
 8.761600E+01    3.900000E+01 
 8.768000E+01    3.900000E+01 
 8.774400E+01    4.900000E+01 
 8.780800E+01    4.300000E+01 
 8.787200E+01    4.100000E+01 
 8.793600E+01    3.700000E+01 
 8.800000E+01    5.500000E+01 
 8.806400E+01    4.700000E+01 
 8.812800E+01    4.100000E+01 
 8.819200E+01    4.700000E+01 
 8.825600E+01    2.900000E+01 
 8.832000E+01    4.300000E+01 
 8.838400E+01    4.300000E+01 
 8.844800E+01    5.300000E+01 
 8.851200E+01    3.900000E+01 
 8.857600E+01    3.500000E+01 
 8.864000E+01    3.300000E+01 
 8.870400E+01    3.100000E+01 
 8.876800E+01    3.700000E+01 
 8.883200E+01    2.900000E+01 
 8.889600E+01    3.700000E+01 
 8.896000E+01    4.500000E+01 
 8.902400E+01    3.900000E+01 
 8.908800E+01    2.500000E+01 
 8.915200E+01    3.100000E+01 
 8.921600E+01    3.300000E+01 
 8.928000E+01    3.500000E+01 
 8.934400E+01    4.700000E+01 
 8.940800E+01    3.900000E+01 
 8.947200E+01    3.100000E+01 
 8.953600E+01    2.800000E+01 
 8.960000E+01    2.700000E+01 
 8.966400E+01    3.100000E+01 
 8.972800E+01    3.100000E+01 
 8.979200E+01    3.100000E+01 
 8.985600E+01    2.700000E+01 
 8.992000E+01    2.500000E+01 
 8.998400E+01    3.300000E+01 
 9.004800E+01    2.700000E+01 
 9.011200E+01    2.300000E+01 
 9.017600E+01    3.700000E+01 
 9.024000E+01    1.900000E+01 
 9.030400E+01    2.900000E+01 
 9.036800E+01    2.300000E+01 
 9.043200E+01    3.100000E+01 
 9.049600E+01    2.000000E+01 
 9.056000E+01    3.100000E+01 
 9.062400E+01    2.900000E+01 
 9.068800E+01    3.900000E+01 
 9.075200E+01    2.700000E+01 
 9.081600E+01    3.500000E+01 
 9.088000E+01    3.700000E+01 
 9.094400E+01    3.700000E+01 
 9.100800E+01    4.100000E+01 
 9.107200E+01    4.100000E+01 
 9.113600E+01    3.700000E+01 
 9.120000E+01    3.900000E+01 
 9.126400E+01    3.500000E+01 
 9.132800E+01    3.500000E+01 
 9.139200E+01    3.300000E+01 
 9.145600E+01    3.900000E+01 
 9.152000E+01    3.900000E+01 
 9.158400E+01    3.700000E+01 
 9.164800E+01    3.300000E+01 
 9.171200E+01    3.700000E+01 
 9.177600E+01    3.700000E+01 
 9.184000E+01    3.500000E+01 
 9.190400E+01    2.800000E+01 
 9.196800E+01    1.900000E+01 
 9.203200E+01    4.500000E+01 
 9.209600E+01    3.700000E+01 
 9.216000E+01    3.700000E+01 
 9.222400E+01    2.600000E+01 
 9.228800E+01    3.100000E+01 
 9.235200E+01    3.000000E+01 
 9.241600E+01    3.300000E+01 
 9.248000E+01    3.700000E+01 
 9.254400E+01    2.100000E+01 
 9.260800E+01    3.000000E+01 
 9.267200E+01    3.700000E+01 
 9.273600E+01    2.500000E+01 
 9.280000E+01    2.900000E+01 
 9.286400E+01    2.600000E+01 
 9.292800E+01    3.500000E+01 
 9.299200E+01    3.500000E+01 
 9.305600E+01    3.500000E+01 
 9.312000E+01    2.300000E+01 
 9.318400E+01    3.500000E+01 
 9.324800E+01    2.300000E+01 
 9.331200E+01    2.500000E+01 
 9.337600E+01    3.700000E+01 
 9.344000E+01    3.500000E+01 
 9.350400E+01    3.500000E+01 
 9.356800E+01    1.800000E+01 
 9.363200E+01    2.700000E+01 
 9.369600E+01    2.900000E+01 
 9.376000E+01    3.000000E+01 
 9.382400E+01    2.100000E+01 
 9.388800E+01    1.500000E+01 
 9.395200E+01    3.100000E+01 
 9.401600E+01    3.700000E+01 
 9.408000E+01    2.200000E+01 
 9.414400E+01    3.700000E+01 
 9.420800E+01    2.800000E+01 
 9.427200E+01    2.600000E+01 
 9.433600E+01    2.200000E+01 
 9.440000E+01    2.500000E+01 
 9.446400E+01    3.100000E+01 
 9.452800E+01    3.700000E+01 
 9.459200E+01    1.800000E+01 
 9.465600E+01    3.500000E+01 
 9.472000E+01    3.500000E+01 
 9.478400E+01    3.300000E+01 
 9.484800E+01    2.200000E+01 
 9.491200E+01    3.000000E+01 
 9.497600E+01    2.700000E+01 
 9.504000E+01    3.000000E+01 
 9.510400E+01    2.400000E+01 
 9.516800E+01    2.400000E+01 
 9.523200E+01    2.700000E+01 
 9.529600E+01    2.500000E+01 
 9.536000E+01    2.600000E+01 
 9.542400E+01    4.100000E+01 
 9.548800E+01    3.900000E+01 
 9.555200E+01    3.500000E+01 
 9.561600E+01    2.100000E+01 
 9.568000E+01    2.800000E+01 
 9.574400E+01    3.900000E+01 
 9.580800E+01    3.900000E+01 
 9.587200E+01    3.900000E+01 
 9.593600E+01    4.100000E+01 
 9.600000E+01    2.700000E+01 
 9.606400E+01    3.000000E+01 
 9.612800E+01    3.700000E+01 
 9.619200E+01    3.000000E+01 
 9.625600E+01    3.500000E+01 
 9.632000E+01    2.800000E+01 
 9.638400E+01    3.100000E+01 
 9.644800E+01    2.800000E+01 
 9.651200E+01    3.100000E+01 
 9.657600E+01    3.000000E+01 
 9.664000E+01    2.300000E+01 
 9.670400E+01    3.000000E+01 
 9.676800E+01    3.000000E+01 
 9.683200E+01    3.900000E+01 
 9.689600E+01    3.000000E+01 
 9.696000E+01    3.300000E+01 
 9.702400E+01    2.800000E+01 
 9.708800E+01    3.500000E+01 
 9.715200E+01    2.600000E+01 
 9.721600E+01    2.600000E+01 
 9.728000E+01    2.700000E+01 
 9.734400E+01    2.700000E+01 
 9.740800E+01    2.400000E+01 
 9.747200E+01    2.600000E+01 
 9.753600E+01    3.000000E+01 
 9.760000E+01    2.900000E+01 
 9.766400E+01    2.600000E+01 
 9.772800E+01    3.500000E+01 
 9.779200E+01    1.800000E+01 
 9.785600E+01    2.400000E+01 
 9.792000E+01    3.500000E+01 
 9.798400E+01    3.500000E+01 
 9.804800E+01    2.500000E+01 
 9.811200E+01    2.400000E+01 
 9.817600E+01    3.900000E+01 
 9.824000E+01    2.400000E+01 
 9.830400E+01    3.100000E+01 
 9.836800E+01    2.600000E+01 
 9.843200E+01    2.900000E+01 
 9.849600E+01    2.500000E+01 
 9.856000E+01    2.900000E+01 
 9.862400E+01    2.900000E+01 
 9.868800E+01    3.500000E+01 
 9.875200E+01    2.600000E+01 
