2.567000000000000171e+01 2.667000000000000171e+01
6.428000000000000114e+01 6.528000000000000114e+01
7.184000000000000341e+01 7.284000000000000341e+01
9.451999999999999602e+01 9.551999999999999602e+01
1.020799999999999983e+02 1.030799999999999983e+02
1.053199999999999932e+02 1.063199999999999932e+02
1.099099999999999966e+02 1.109099999999999966e+02
1.139599999999999937e+02 1.149599999999999937e+02
1.172000000000000028e+02 1.182000000000000028e+02
1.217900000000000063e+02 1.227900000000000063e+02
1.247600000000000051e+02 1.257600000000000051e+02
1.282699999999999818e+02 1.292699999999999818e+02
1.293499999999999943e+02 1.303499999999999943e+02
1.325899999999999750e+02 1.335899999999999750e+02
1.369099999999999682e+02 1.379099999999999682e+02
1.439299999999999784e+02 1.449299999999999784e+02
1.474399999999999693e+02 1.484399999999999693e+02
1.517599999999999909e+02 1.527599999999999909e+02
1.595899999999999750e+02 1.605899999999999750e+02
1.625599999999999739e+02 1.635599999999999739e+02
1.660699999999999932e+02 1.670699999999999932e+02
1.674199999999999875e+02 1.684199999999999875e+02
1.701199999999999761e+02 1.711199999999999761e+02
1.730899999999999750e+02 1.740899999999999750e+02
1.765999999999999943e+02 1.775999999999999943e+02
1.774099999999999966e+02 1.784099999999999966e+02
1.852399999999999807e+02 1.862399999999999807e+02
1.882099999999999795e+02 1.892099999999999795e+02
1.898299999999999841e+02 1.908299999999999841e+02
1.925300000000000011e+02 1.935300000000000011e+02
1.973899999999999864e+02 1.983899999999999864e+02
2.003599999999999852e+02 2.013599999999999852e+02
2.122400000000000091e+02 2.132400000000000091e+02
2.154799999999999898e+02 2.164799999999999898e+02
2.187199999999999989e+02 2.197199999999999989e+02
2.273599999999999852e+02 2.283599999999999852e+02
2.305999999999999659e+02 2.315999999999999659e+02
2.327599999999999909e+02 2.337599999999999909e+02
2.411299999999999670e+02 2.421299999999999670e+02
2.427499999999999716e+02 2.437499999999999716e+02
2.503099999999999739e+02 2.513099999999999739e+02
2.575999999999999659e+02 2.585999999999999659e+02
2.608399999999999750e+02 2.618399999999999750e+02
2.727200000000000273e+02 2.737200000000000273e+02
2.802799999999999727e+02 2.812799999999999727e+02
2.878399999999999750e+02 2.888399999999999750e+02
