6.428000000000000114e+01 6.528000000000000114e+01
1.139599999999999937e+02 1.149599999999999937e+02
1.217900000000000063e+02 1.227900000000000063e+02
1.282699999999999818e+02 1.292699999999999818e+02
1.293499999999999943e+02 1.303499999999999943e+02
1.439299999999999784e+02 1.449299999999999784e+02
1.622899999999999920e+02 1.632899999999999920e+02
1.744399999999999977e+02 1.754399999999999977e+02
1.776799999999999784e+02 1.786799999999999784e+02
1.852399999999999807e+02 1.862399999999999807e+02
1.973899999999999864e+02 1.983899999999999864e+02
2.122400000000000091e+02 2.132400000000000091e+02
