2.648000000000000043e+01 2.748000000000000043e+01
4.915999999999999659e+01 5.015999999999999659e+01
6.428000000000000114e+01 6.528000000000000114e+01
7.588999999999998636e+01 7.688999999999998636e+01
1.099099999999999966e+02 1.109099999999999966e+02
1.139599999999999937e+02 1.149599999999999937e+02
1.215199999999999960e+02 1.225199999999999960e+02
1.250300000000000011e+02 1.260300000000000011e+02
1.323199999999999932e+02 1.333199999999999932e+02
1.366399999999999864e+02 1.376399999999999864e+02
1.439299999999999784e+02 1.449299999999999784e+02
1.474399999999999693e+02 1.484399999999999693e+02
1.517599999999999909e+02 1.527599999999999909e+02
1.593199999999999932e+02 1.603199999999999932e+02
1.660699999999999932e+02 1.670699999999999932e+02
1.666099999999999852e+02 1.676099999999999852e+02
1.730899999999999750e+02 1.740899999999999750e+02
1.882099999999999795e+02 1.892099999999999795e+02
1.973899999999999864e+02 1.983899999999999864e+02
2.122400000000000091e+02 2.132400000000000091e+02
2.273599999999999852e+02 2.283599999999999852e+02
2.424799999999999898e+02 2.434799999999999898e+02
2.575999999999999659e+02 2.585999999999999659e+02
2.727200000000000273e+02 2.737200000000000273e+02
