6.454999999999999716e+01 6.554999999999999716e+01
8.722999999999998977e+01 8.822999999999998977e+01
1.139599999999999937e+02 1.149599999999999937e+02
1.217900000000000063e+02 1.227900000000000063e+02
1.477099999999999795e+02 1.487099999999999795e+02
1.520299999999999727e+02 1.530299999999999727e+02
1.593199999999999932e+02 1.603199999999999932e+02
1.703899999999999864e+02 1.713899999999999864e+02
1.779499999999999886e+02 1.789499999999999886e+02
2.081899999999999977e+02 2.091899999999999977e+02
2.125099999999999909e+02 2.135099999999999909e+02
2.384299999999999784e+02 2.394299999999999784e+02
2.427499999999999716e+02 2.437499999999999716e+02
2.459899999999999807e+02 2.469899999999999807e+02
2.578700000000000045e+02 2.588700000000000045e+02
2.611100000000000136e+02 2.621100000000000136e+02
2.805499999999999545e+02 2.815499999999999545e+02
