2.675000000000000000e+01 2.775000000000000000e+01
4.942999999999999972e+01 5.042999999999999972e+01
6.400999999999999091e+01 6.500999999999999091e+01
7.615999999999998238e+01 7.715999999999998238e+01
8.236999999999999034e+01 8.336999999999999034e+01
9.451999999999999602e+01 9.551999999999999602e+01
1.020799999999999983e+02 1.030799999999999983e+02
1.099099999999999966e+02 1.109099999999999966e+02
1.139599999999999937e+02 1.149599999999999937e+02
1.172000000000000028e+02 1.182000000000000028e+02
1.217900000000000063e+02 1.227900000000000063e+02
1.247600000000000051e+02 1.257600000000000051e+02
1.293499999999999943e+02 1.303499999999999943e+02
1.323199999999999932e+02 1.333199999999999932e+02
1.369099999999999682e+02 1.379099999999999682e+02
1.401499999999999773e+02 1.411499999999999773e+02
1.439299999999999784e+02 1.449299999999999784e+02
1.474399999999999693e+02 1.484399999999999693e+02
1.514899999999999807e+02 1.524899999999999807e+02
1.595899999999999750e+02 1.605899999999999750e+02
1.622899999999999920e+02 1.632899999999999920e+02
1.660699999999999932e+02 1.670699999999999932e+02
1.666099999999999852e+02 1.676099999999999852e+02
1.701199999999999761e+02 1.711199999999999761e+02
1.741699999999999875e+02 1.751699999999999875e+02
1.776799999999999784e+02 1.786799999999999784e+02
1.852399999999999807e+02 1.862399999999999807e+02
1.882099999999999795e+02 1.892099999999999795e+02
1.898299999999999841e+02 1.908299999999999841e+02
1.973899999999999864e+02 1.983899999999999864e+02
2.003599999999999852e+02 2.013599999999999852e+02
2.119699999999999989e+02 2.129699999999999989e+02
2.187199999999999989e+02 2.197199999999999989e+02
2.273599999999999852e+02 2.283599999999999852e+02
2.305999999999999659e+02 2.315999999999999659e+02
2.381599999999999682e+02 2.391599999999999682e+02
2.413999999999999773e+02 2.423999999999999773e+02
2.427499999999999716e+02 2.437499999999999716e+02
2.457199999999999704e+02 2.467199999999999704e+02
2.503099999999999739e+02 2.513099999999999739e+02
2.575999999999999659e+02 2.585999999999999659e+02
2.611100000000000136e+02 2.621100000000000136e+02
2.727200000000000273e+02 2.737200000000000273e+02
2.878399999999999750e+02 2.888399999999999750e+02
3.061999999999999886e+02 3.071999999999999886e+02
