6.090500000000000114e+01 6.190500000000000114e+01
9.883999999999998920e+01 9.983999999999998920e+01
1.122049999999999983e+02 1.132049999999999983e+02
1.216550000000000011e+02 1.226550000000000011e+02
1.351549999999999727e+02 1.361549999999999727e+02
1.425799999999999841e+02 1.435799999999999841e+02
1.500049999999999955e+02 1.510049999999999955e+02
1.571599999999999966e+02 1.581599999999999966e+02
1.668799999999999955e+02 1.678799999999999955e+02
2.577350000000000136e+02 2.587350000000000136e+02
