0.00990995764732	2
0.0100320279598	1
0.0101540982723	1
0.0102761685848	0
0.0103982388973	0
0.0105203092098	1
0.0106423795223	0
0.0107644498348	0
0.0108865201473	0
0.0110085904598	2
0.0111306607723	1
0.0112527310848	2
0.0113748013973	1
0.0114968717098	0
0.0116189420223	0
0.0117410123348	2
0.0118630826473	1
0.0119851529598	0
0.0121072232723	0
0.0122292935848	0
0.0123513638973	1
0.0124734342098	2
0.0125955045223	0
0.0127175748348	0
0.0128396451473	0
0.0129617154598	2
0.0130837857723	1
0.0132058560848	1
0.0133279263973	1
0.0134499967098	2
0.0135720670223	1
0.0136941373348	0
0.0138162076473	2
0.0139382779598	0
0.0140603482723	1
0.0141824185848	1
0.0143044888973	1
0.0144265592098	1
0.0145486295223	2
0.0146706998348	1
0.0147927701473	0
0.0149148404598	1
0.0150369107723	1
0.0151589810848	1
0.0152810513973	1
0.0154031217098	1
0.0155251920223	2
0.0156472623348	0
0.0157693326473	1
0.0158914029598	2
0.0160134732723	2
0.0161355435848	1
0.0162576138973	1
0.0163796842098	1
0.0165017545223	0
0.0166238248348	0
0.0167458951473	0
0.0168679654598	1
0.0169900357723	1
0.0171121060848	5
0.0172341763973	3
0.0173562467098	2
0.0174783170223	4
0.0176003873348	2
0.0177224576473	1
0.0178445279598	0
0.0179665982723	4
0.0180886685848	2
0.0182107388973	3
0.0183328092098	3
0.0184548795223	1
0.0185769498348	1
0.0186990201473	2
0.0188210904598	1
0.0189431607723	3
0.0190652310848	1
0.0191873013973	1
0.0193093717098	2
0.0194314420223	2
0.0195535123348	2
0.0196755826473	1
0.0197976529598	4
0.0199197232723	4
0.0200417935848	2
0.0201638638973	4
0.0202859342098	2
0.0204080045223	1
0.0205300748348	6
0.0206521451473	1
0.0207742154598	3
0.0208962857723	3
0.0210183560848	4
0.0211404263973	3
0.0212624967098	8
0.0213845670223	2
0.0215066373348	8
0.0216287076473	3
0.0217507779598	6
0.0218728482723	6
0.0219949185848	5
0.0221169888973	11
0.0222390592098	6
0.0223611295223	3
0.0224831998348	5
0.0226052701473	4
0.0227273404598	7
0.0228494107723	3
0.0229714810848	6
0.0230935513973	7
0.0232156217098	7
0.0233376920223	10
0.0234597623348	11
0.0235818326473	4
0.0237039029598	7
0.0238259732723	7
0.0239480435848	5
0.0240701138973	6
0.0241921842098	6
0.0243142545223	10
0.0244363248348	6
0.0245583951473	14
0.0246804654598	12
0.0248025357723	13
0.0249246060848	8
0.0250466763973	17
0.0251687467098	10
0.0252908170223	11
0.0254128873348	12
0.0255349576473	12
0.0256570279598	7
0.0257790982723	12
0.0259011685848	13
0.0260232388973	14
0.0261453092098	17
0.0262673795223	7
0.0263894498348	16
0.0265115201473	17
0.0266335904598	15
0.0267556607723	14
0.0268777310848	9
0.0269998013973	15
0.0271218717098	16
0.0272439420223	12
0.0273660123348	13
0.0274880826473	20
0.0276101529598	14
0.0277322232723	21
0.0278542935848	9
0.0279763638973	12
0.0280984342098	18
0.0282205045223	20
0.0283425748348	17
0.0284646451473	11
0.0285867154598	19
0.0287087857723	17
0.0288308560848	15
0.0289529263973	19
0.0290749967098	18
0.0291970670223	17
0.0293191373348	12
0.0294412076473	10
0.0295632779598	15
0.0296853482723	13
0.0298074185848	16
0.0299294888973	9
0.0300515592098	20
0.0301736295223	10
0.0302956998348	17
0.0304177701473	14
0.0305398404598	18
0.0306619107723	17
0.0307839810848	10
0.0309060513973	13
0.0310281217098	10
0.0311501920223	14
0.0312722623348	19
0.0313943326473	12
0.0315164029598	13
0.0316384732723	11
0.0317605435848	13
0.0318826138973	11
0.0320046842098	12
0.0321267545223	12
0.0322488248348	12
0.0323708951473	5
0.0324929654598	13
0.0326150357723	9
0.0327371060848	5
0.0328591763973	9
0.0329812467098	14
0.0331033170223	11
0.0332253873348	8
0.0333474576473	13
0.0334695279598	18
0.0335915982723	7
0.0337136685848	12
0.0338357388973	7
0.0339578092098	11
0.0340798795223	6
0.0342019498348	10
0.0343240201473	10
0.0344460904598	6
0.0345681607723	9
0.0346902310848	3
0.0348123013973	7
0.0349343717098	8
0.0350564420223	13
0.0351785123348	15
0.0353005826473	6
0.0354226529598	10
0.0355447232723	11
0.0356667935848	12
0.0357888638973	10
0.0359109342098	13
0.0360330045223	11
0.0361550748348	16
0.0362771451473	13
0.0363992154598	6
0.0365212857723	14
0.0366433560848	12
0.0367654263973	11
0.0368874967098	10
0.0370095670223	7
0.0371316373348	7
0.0372537076473	8
0.0373757779598	10
0.0374978482723	6
0.0376199185848	13
0.0377419888973	11
0.0378640592098	12
0.0379861295223	5
0.0381081998348	6
0.0382302701473	7
0.0383523404598	8
0.0384744107723	9
0.0385964810848	12
0.0387185513973	10
0.0388406217098	15
0.0389626920223	6
0.0390847623348	10
0.0392068326473	13
0.0393289029598	8
0.0394509732723	6
0.0395730435848	10
0.0396951138973	5
0.0398171842098	5
0.0399392545223	7
0.0400613248348	10
0.0401833951473	7
0.0403054654598	9
0.0404275357723	6
0.0405496060848	5
0.0406716763973	11
0.0407937467098	9
0.0409158170223	6
0.0410378873348	5
0.0411599576473	7
0.0412820279598	8
0.0414040982723	3
0.0415261685848	8
0.0416482388973	8
0.0417703092098	6
0.0418923795223	4
0.0420144498348	3
0.0421365201473	6
0.0422585904598	3
0.0423806607723	7
0.0425027310848	7
0.0426248013973	3
0.0427468717098	6
0.0428689420223	4
0.0429910123348	10
0.0431130826473	8
0.0432351529598	4
0.0433572232723	6
0.0434792935848	5
0.0436013638973	3
0.0437234342098	7
0.0438455045223	5
0.0439675748348	5
0.0440896451473	4
0.0442117154598	3
0.0443337857723	4
0.0444558560848	4
0.0445779263973	4
0.0446999967098	4
0.0448220670223	5
0.0449441373348	3
0.0450662076473	5
0.0451882779598	8
0.0453103482723	3
0.0454324185848	4
0.0455544888973	8
0.0456765592098	6
0.0457986295223	3
0.0459206998348	5
0.0460427701473	3
0.0461648404598	7
0.0462869107723	3
0.0464089810848	2
0.0465310513973	3
0.0466531217098	3
0.0467751920223	6
0.0468972623348	7
0.0470193326473	3
0.0471414029598	4
0.0472634732723	8
0.0473855435848	10
0.0475076138973	4
0.0476296842098	3
0.0477517545223	4
0.0478738248348	6
0.0479958951473	6
0.0481179654598	4
0.0482400357723	5
0.0483621060848	4
0.0484841763973	4
0.0486062467098	5
0.0487283170223	6
0.0488503873348	2
0.0489724576473	3
0.0490945279598	1
0.0492165982723	3
0.0493386685848	6
0.0494607388973	2
0.0495828092098	4
0.0497048795223	5
0.0498269498348	2
0.0499490201473	1
0.0500710904598	2
0.0501931607723	3
0.0503152310848	5
0.0504373013973	2
0.0505593717098	2
0.0506814420223	5
0.0508035123348	4
0.0509255826473	2
0.0510476529598	4
0.0511697232723	3
0.0512917935848	2
0.0514138638973	3
0.0515359342098	1
0.0516580045223	4
0.0517800748348	3
0.0519021451473	1
0.0520242154598	3
0.0521462857723	3
0.0522683560848	3
0.0523904263973	3
0.0525124967098	3
0.0526345670223	1
0.0527566373348	1
0.0528787076473	5
0.0530007779598	1
0.0531228482723	2
0.0532449185848	2
0.0533669888973	2
0.0534890592098	2
0.0536111295223	1
0.0537331998348	4
0.0538552701473	2
0.0539773404598	0
0.0540994107723	3
0.0542214810848	1
0.0543435513973	2
0.0544656217098	2
0.0545876920223	2
0.0547097623348	4
0.0548318326473	4
0.0549539029598	1
0.0550759732723	6
0.0551980435848	2
0.0553201138973	7
0.0554421842098	4
0.0555642545223	3
0.0556863248348	2
0.0558083951473	2
0.0559304654598	5
0.0560525357723	1
0.0561746060848	4
0.0562966763973	2
0.0564187467098	0
0.0565408170223	3
0.0566628873348	2
0.0567849576473	0
0.0569070279598	2
0.0570290982723	3
0.0571511685848	3
0.0572732388973	2
0.0573953092098	2
0.0575173795223	2
0.0576394498348	2
0.0577615201473	1
0.0578835904598	0
0.0580056607723	1
0.0581277310848	3
0.0582498013973	1
0.0583718717098	2
0.0584939420223	3
0.0586160123348	4
0.0587380826473	4
0.0588601529598	2
0.0589822232723	2
0.0591042935848	2
0.0592263638973	6
0.0593484342098	3
0.0594705045223	4
0.0595925748348	2
0.0597146451473	2
0.0598367154598	1
0.0599587857723	5
0.0600808560848	4
0.0602029263973	2
0.0603249967098	1
0.0604470670223	2
0.0605691373348	4
0.0606912076473	5
0.0608132779598	4
0.0609353482723	3
0.0610574185848	1
0.0611794888973	2
0.0613015592098	1
0.0614236295223	3
0.0615456998348	2
0.0616677701473	3
0.0617898404598	2
0.0619119107723	5
0.0620339810848	2
0.0621560513973	4
0.0622781217098	0
0.0624001920223	4
0.0625222623348	4
0.0626443326473	3
0.0627664029598	1
0.0628884732723	3
0.0630105435848	2
0.0631326138973	7
0.0632546842098	6
0.0633767545223	2
0.0634988248348	4
0.0636208951473	6
0.0637429654598	3
0.0638650357723	2
0.0639871060848	4
0.0641091763973	4
0.0642312467098	5
0.0643533170223	6
0.0644753873348	5
0.0645974576473	4
0.0647195279598	4
0.0648415982723	0
0.0649636685848	2
0.0650857388973	4
0.0652078092098	2
0.0653298795223	4
0.0654519498348	0
0.0655740201473	2
0.0656960904598	3
0.0658181607723	6
0.0659402310848	3
0.0660623013973	4
0.0661843717098	4
0.0663064420223	1
0.0664285123348	3
0.0665505826473	1
0.0666726529598	5
0.0667947232723	4
0.0669167935848	3
0.0670388638973	6
0.0671609342098	5
0.0672830045223	4
0.0674050748348	8
0.0675271451473	5
0.0676492154598	3
0.0677712857723	5
0.0678933560848	3
0.0680154263973	2
0.0681374967098	5
0.0682595670223	0
0.0683816373348	6
0.0685037076473	4
0.0686257779598	3
0.0687478482723	2
0.0688699185848	2
0.0689919888973	3
0.0691140592098	2
0.0692361295223	7
0.0693581998348	0
0.0694802701473	3
0.0696023404598	3
0.0697244107723	2
0.0698464810848	3
0.0699685513973	3
0.0700906217098	2
0.0702126920223	3
0.0703347623348	4
0.0704568326473	2
0.0705789029598	4
0.0707009732723	4
0.0708230435848	6
0.0709451138973	2
0.0710671842098	4
0.0711892545223	5
0.0713113248348	8
0.0714333951473	4
0.0715554654598	3
0.0716775357723	2
0.0717996060848	1
0.0719216763973	2
0.0720437467098	7
0.0721658170223	10
0.0722878873348	2
0.0724099576473	3
0.0725320279598	5
0.0726540982723	4
0.0727761685848	2
0.0728982388973	0
0.0730203092098	5
0.0731423795223	0
0.0732644498348	3
0.0733865201473	1
0.0735085904598	2
0.0736306607723	4
0.0737527310848	2
0.0738748013973	3
0.0739968717098	2
0.0741189420223	1
0.0742410123348	3
0.0743630826473	1
0.0744851529598	2
0.0746072232723	2
0.0747292935848	4
0.0748513638973	2
0.0749734342098	3
0.0750955045223	2
0.0752175748348	1
0.0753396451473	1
0.0754617154598	4
0.0755837857723	4
0.0757058560848	3
0.0758279263973	3
0.0759499967098	5
0.0760720670223	3
0.0761941373348	3
0.0763162076473	2
0.0764382779598	2
0.0765603482723	3
0.0766824185848	3
0.0768044888973	0
0.0769265592098	4
0.0770486295223	3
0.0771706998348	5
0.0772927701473	2
0.0774148404598	2
0.0775369107723	5
0.0776589810848	1
0.0777810513973	1
0.0779031217098	2
0.0780251920223	2
0.0781472623348	0
0.0782693326473	3
0.0783914029598	0
0.0785134732723	2
0.0786355435848	1
0.0787576138973	0
0.0788796842098	1
0.0790017545223	1
0.0791238248348	2
0.0792458951473	2
0.0793679654598	1
0.0794900357723	1
0.0796121060848	4
0.0797341763973	4
0.0798562467098	4
0.0799783170223	1
0.0801003873348	1
0.0802224576473	0
0.0803445279598	2
0.0804665982723	0
0.0805886685848	2
0.0807107388973	1
0.0808328092098	1
0.0809548795223	4
0.0810769498348	4
0.0811990201473	0
0.0813210904598	1
0.0814431607723	1
0.0815652310848	3
0.0816873013973	0
0.0818093717098	2
0.0819314420223	0
0.0820535123348	1
0.0821755826473	0
0.0822976529598	2
0.0824197232723	1
0.0825417935848	3
0.0826638638973	1
0.0827859342098	2
0.0829080045223	1
0.0830300748348	2
0.0831521451473	1
0.0832742154598	0
0.0833962857723	1
0.0835183560848	1
0.0836404263973	0
0.0837624967098	0
0.0838845670223	2
0.0840066373348	1
0.0841287076473	2
0.0842507779598	2
0.0843728482723	4
0.0844949185848	1
0.0846169888973	1
0.0847390592098	0
0.0848611295223	2
0.0849831998348	1
0.0851052701473	2
0.0852273404598	1
0.0853494107723	2
0.0854714810848	2
0.0855935513973	1
0.0857156217098	0
0.0858376920223	1
0.0859597623348	3
0.0860818326473	1
0.0862039029598	3
0.0863259732723	2
0.0864480435848	2
0.0865701138973	4
0.0866921842098	0
0.0868142545223	1
0.0869363248348	2
0.0870583951473	1
0.0871804654598	3
0.0873025357723	0
0.0874246060848	2
0.0875466763973	1
0.0876687467098	1
0.0877908170223	2
0.0879128873348	3
0.0880349576473	1
0.0881570279598	1
0.0882790982723	1
0.0884011685848	1
0.0885232388973	2
0.0886453092098	2
0.0887673795223	2
0.0888894498348	2
0.0890115201473	3
0.0891335904598	4
0.0892556607723	2
0.0893777310848	1
0.0894998013973	0
0.0896218717098	2
0.0897439420223	1
0.0898660123348	2
0.0899880826473	1
0.0901101529598	3
0.0902322232723	0
0.0903542935848	2
0.0904763638973	5
0.0905984342098	2
0.0907205045223	3
0.0908425748348	3
0.0909646451473	4
0.0910867154598	4
0.0912087857723	3
0.0913308560848	3
0.0914529263973	0
0.0915749967098	5
0.0916970670223	5
0.0918191373348	2
0.0919412076473	4
0.0920632779598	1
0.0921853482723	3
0.0923074185848	2
0.0924294888973	4
0.0925515592098	1
0.0926736295223	2
0.0927956998348	2
0.0929177701473	3
0.0930398404598	0
0.0931619107723	3
0.0932839810848	3
0.0934060513973	4
0.0935281217098	0
0.0936501920223	3
0.0937722623348	3
0.0938943326473	2
0.0940164029598	4
0.0941384732723	1
0.0942605435848	8
0.0943826138973	4
0.0945046842098	4
0.0946267545223	4
0.0947488248348	2
0.0948708951473	6
0.0949929654598	3
0.0951150357723	4
0.0952371060848	4
0.0953591763973	2
0.0954812467098	5
0.0956033170223	5
0.0957253873348	1
0.0958474576473	3
0.0959695279598	3
0.0960915982723	2
0.0962136685848	0
0.0963357388973	4
0.0964578092098	3
0.0965798795223	3
0.0967019498348	1
0.0968240201473	6
0.0969460904598	6
0.0970681607723	4
0.0971902310848	2
0.0973123013973	3
0.0974343717098	7
0.0975564420223	3
0.0976785123348	1
0.0978005826473	3
0.0979226529598	13
0.0980447232723	3
0.0981667935848	4
0.0982888638973	5
0.0984109342098	4
0.0985330045223	8
0.0986550748348	2
0.0987771451473	7
0.0988992154598	7
0.0990212857723	5
0.0991433560848	2
0.0992654263973	7
0.0993874967098	2
0.0995095670223	5
0.0996316373348	6
0.0997537076473	3
0.0998757779598	6
0.0999978482723	5
0.100119918585	3
0.100241988897	3
0.10036405921	6
0.100486129522	7
0.100608199835	3
0.100730270147	6
0.10085234046	6
0.100974410772	8
0.101096481085	7
0.101218551397	8
0.10134062171	9
0.101462692022	5
0.101584762335	8
0.101706832647	3
0.10182890296	5
0.101950973272	6
0.102073043585	2
0.102195113897	7
0.10231718421	10
0.102439254522	8
0.102561324835	7
0.102683395147	8
0.10280546546	5
0.102927535772	7
0.103049606085	8
0.103171676397	7
0.10329374671	8
0.103415817022	5
0.103537887335	5
0.103659957647	7
0.10378202796	10
0.103904098272	6
0.104026168585	3
0.104148238897	5
0.10427030921	4
0.104392379522	9
0.104514449835	5
0.104636520147	6
0.10475859046	10
0.104880660772	8
0.105002731085	10
0.105124801397	5
0.10524687171	11
0.105368942022	2
0.105491012335	5
0.105613082647	6
0.10573515296	7
0.105857223272	5
0.105979293585	6
0.106101363897	6
0.10622343421	9
0.106345504522	7
0.106467574835	7
0.106589645147	4
0.10671171546	4
0.106833785772	7
0.106955856085	7
0.107077926397	2
0.10719999671	7
0.107322067022	1
0.107444137335	5
0.107566207647	7
0.10768827796	5
0.107810348272	6
0.107932418585	5
0.108054488897	6
0.10817655921	3
0.108298629522	5
0.108420699835	6
0.108542770147	3
0.10866484046	10
0.108786910772	4
0.108908981085	1
0.109031051397	2
0.10915312171	4
0.109275192022	6
0.109397262335	3
0.109519332647	3
0.10964140296	2
0.109763473272	5
0.109885543585	5
0.110007613897	7
0.11012968421	4
0.110251754522	2
0.110373824835	6
0.110495895147	8
0.11061796546	3
0.110740035772	5
0.110862106085	4
0.110984176397	4
0.11110624671	5
0.111228317022	9
0.111350387335	5
0.111472457647	4
0.11159452796	6
0.111716598272	5
0.111838668585	4
0.111960738897	4
0.11208280921	4
0.112204879522	6
0.112326949835	4
0.112449020147	5
0.11257109046	5
0.112693160772	3
0.112815231085	3
0.112937301397	7
0.11305937171	4
0.113181442022	4
0.113303512335	3
0.113425582647	8
0.11354765296	1
0.113669723272	4
0.113791793585	2
0.113913863897	8
0.11403593421	4
0.114158004522	2
0.114280074835	3
0.114402145147	7
0.11452421546	5
0.114646285772	5
0.114768356085	3
0.114890426397	7
0.11501249671	3
0.115134567022	5
0.115256637335	4
0.115378707647	5
0.11550077796	5
0.115622848272	5
0.115744918585	4
0.115866988897	5
0.11598905921	6
0.116111129522	4
0.116233199835	3
0.116355270147	2
0.11647734046	5
0.116599410772	5
0.116721481085	7
0.116843551397	9
0.11696562171	2
0.117087692022	7
0.117209762335	4
0.117331832647	3
0.11745390296	6
0.117575973272	4
0.117698043585	0
0.117820113897	6
0.11794218421	3
0.118064254522	4
0.118186324835	4
0.118308395147	4
0.11843046546	5
0.118552535772	4
0.118674606085	6
0.118796676397	4
0.11891874671	4
0.119040817022	4
0.119162887335	4
0.119284957647	3
0.11940702796	3
0.119529098272	5
0.119651168585	6
0.119773238897	10
0.11989530921	4
0.120017379522	1
0.120139449835	3
0.120261520147	3
0.12038359046	8
0.120505660772	7
0.120627731085	6
0.120749801397	6
0.12087187171	5
0.120993942022	2
0.121116012335	3
0.121238082647	2
0.12136015296	7
0.121482223272	6
0.121604293585	7
0.121726363897	5
0.12184843421	7
0.121970504522	4
0.122092574835	4
0.122214645147	4
0.12233671546	5
0.122458785772	3
0.122580856085	6
0.122702926397	5
0.12282499671	9
0.122947067022	6
0.123069137335	6
0.123191207647	9
0.12331327796	7
0.123435348272	3
0.123557418585	6
0.123679488897	6
0.12380155921	7
0.123923629522	5
0.124045699835	4
0.124167770147	3
0.12428984046	11
0.124411910772	1
0.124533981085	5
0.124656051397	8
0.12477812171	7
0.124900192022	10
0.125022262335	3
0.125144332647	4
0.12526640296	4
0.125388473272	6
0.125510543585	7
0.125632613897	5
0.12575468421	2
0.125876754522	8
0.125998824835	9
0.126120895147	4
0.12624296546	6
0.126365035772	7
0.126487106085	4
0.126609176397	3
0.12673124671	3
0.126853317022	4
0.126975387335	2
0.127097457647	5
0.12721952796	2
0.127341598272	6
0.127463668585	2
0.127585738897	3
0.12770780921	5
0.127829879522	2
0.127951949835	9
0.128074020147	5
0.12819609046	3
0.128318160772	1
0.128440231085	4
0.128562301397	0
0.12868437171	2
0.128806442022	2
0.128928512335	3
0.129050582647	3
0.12917265296	3
0.129294723272	3
0.129416793585	4
0.129538863897	4
0.12966093421	4
0.129783004522	7
0.129905074835	3
0.130027145147	4
0.13014921546	4
0.130271285772	4
0.130393356085	1
0.130515426397	3
0.13063749671	5
0.130759567022	3
0.130881637335	3
0.131003707647	4
0.13112577796	1
0.131247848272	3
0.131369918585	4
0.131491988897	0
0.13161405921	2
0.131736129522	1
0.131858199835	2
0.131980270147	1
0.13210234046	1
0.132224410772	3
0.132346481085	1
0.132468551397	4
0.13259062171	1
0.132712692022	4
0.132834762335	2
0.132956832647	3
0.13307890296	3
0.133200973272	4
0.133323043585	2
0.133445113897	2
0.13356718421	3
0.133689254522	3
0.133811324835	0
0.133933395147	2
0.13405546546	1
0.134177535772	1
0.134299606085	2
0.134421676397	2
0.13454374671	3
0.134665817022	3
0.134787887335	3
0.134909957647	5
0.13503202796	2
0.135154098272	3
0.135276168585	3
0.135398238897	2
0.13552030921	2
0.135642379522	4
0.135764449835	5
0.135886520147	4
0.13600859046	1
0.136130660772	3
0.136252731085	2
0.136374801397	4
0.13649687171	2
0.136618942022	2
0.136741012335	3
0.136863082647	3
0.13698515296	1
0.137107223272	2
0.137229293585	1
0.137351363897	3
0.13747343421	1
0.137595504522	1
0.137717574835	3
0.137839645147	2
0.13796171546	2
0.138083785772	1
0.138205856085	1
0.138327926397	0
0.13844999671	2
0.138572067022	2
0.138694137335	0
0.138816207647	1
0.13893827796	2
0.139060348272	2
0.139182418585	1
0.139304488897	2
0.13942655921	0
0.139548629522	0
0.139670699835	3
0.139792770147	1
0.13991484046	3
0.140036910772	2
0.140158981085	0
0.140281051397	2
0.14040312171	4
0.140525192022	1
0.140647262335	2
0.140769332647	1
0.14089140296	0
0.141013473272	3
0.141135543585	2
0.141257613897	1
0.14137968421	0
0.141501754522	2
0.141623824835	2
0.141745895147	2
0.14186796546	0
0.141990035772	5
0.142112106085	3
0.142234176397	2
0.14235624671	1
0.142478317022	2
0.142600387335	2
0.142722457647	0
0.14284452796	1
0.142966598272	3
0.143088668585	4
0.143210738897	4
0.14333280921	4
0.143454879522	2
0.143576949835	4
0.143699020147	2
0.14382109046	4
0.143943160772	2
0.144065231085	1
0.144187301397	5
0.14430937171	4
0.144431442022	3
0.144553512335	3
0.144675582647	2
0.14479765296	3
0.144919723272	5
0.145041793585	4
0.145163863897	3
0.14528593421	4
0.145408004522	2
0.145530074835	3
0.145652145147	2
0.14577421546	3
0.145896285772	2
0.146018356085	2
0.146140426397	1
0.14626249671	6
0.146384567022	1
0.146506637335	2
0.146628707647	4
0.14675077796	3
0.146872848272	1
0.146994918585	1
0.147116988897	4
0.14723905921	2
0.147361129522	3
0.147483199835	5
0.147605270147	0
0.14772734046	0
0.147849410772	5
0.147971481085	3
0.148093551397	4
0.14821562171	4
0.148337692022	7
0.148459762335	4
0.148581832647	4
0.14870390296	4
0.148825973272	7
0.148948043585	3
0.149070113897	4
0.14919218421	2
0.149314254522	2
0.149436324835	3
0.149558395147	6
0.14968046546	9
0.149802535772	2
0.149924606085	7
0.150046676397	4
0.15016874671	3
0.150290817022	9
0.150412887335	4
0.150534957647	4
0.15065702796	6
0.150779098272	6
0.150901168585	5
0.151023238897	7
0.15114530921	8
0.151267379522	4
0.151389449835	5
0.151511520147	4
0.15163359046	5
0.151755660772	6
0.151877731085	3
0.151999801397	2
0.15212187171	9
0.152243942022	3
0.152366012335	6
0.152488082647	5
0.15261015296	6
0.152732223272	3
0.152854293585	4
0.152976363897	3
0.15309843421	8
0.153220504522	4
0.153342574835	4
0.153464645147	0
0.15358671546	3
0.153708785772	5
0.153830856085	1
0.153952926397	2
0.15407499671	2
0.154197067022	3
0.154319137335	2
0.154441207647	3
0.15456327796	6
0.154685348272	2
0.154807418585	4
0.154929488897	7
0.15505155921	2
0.155173629522	3
0.155295699835	4
0.155417770147	8
0.15553984046	1
0.155661910772	4
0.155783981085	2
0.155906051397	5
0.15602812171	1
0.156150192022	2
0.156272262335	5
0.156394332647	3
0.15651640296	1
0.156638473272	4
0.156760543585	1
0.156882613897	3
0.15700468421	2
0.157126754522	5
0.157248824835	3
0.157370895147	4
0.15749296546	3
0.157615035772	3
0.157737106085	3
0.157859176397	2
0.15798124671	1
0.158103317022	2
0.158225387335	4
0.158347457647	4
0.15846952796	3
0.158591598272	4
0.158713668585	2
0.158835738897	2
0.15895780921	2
0.159079879522	6
0.159201949835	6
0.159324020147	2
0.15944609046	1
0.159568160772	6
0.159690231085	5
0.159812301397	4
0.15993437171	9
0.160056442022	3
0.160178512335	1
0.160300582647	5
0.16042265296	3
0.160544723272	3
0.160666793585	3
0.160788863897	1
0.16091093421	2
0.161033004522	6
0.161155074835	2
0.161277145147	3
0.16139921546	3
0.161521285772	4
0.161643356085	1
0.161765426397	4
0.16188749671	3
0.162009567022	5
0.162131637335	3
0.162253707647	2
0.16237577796	4
0.162497848272	2
0.162619918585	3
0.162741988897	1
0.16286405921	3
0.162986129522	2
0.163108199835	1
0.163230270147	1
0.16335234046	5
0.163474410772	4
0.163596481085	4
0.163718551397	1
0.16384062171	5
0.163962692022	3
0.164084762335	2
0.164206832647	3
0.16432890296	2
0.164450973272	4
0.164573043585	3
0.164695113897	5
0.16481718421	2
0.164939254522	3
0.165061324835	0
0.165183395147	3
0.16530546546	1
0.165427535772	5
0.165549606085	2
0.165671676397	4
0.16579374671	2
0.165915817022	5
0.166037887335	2
0.166159957647	4
0.16628202796	4
0.166404098272	1
0.166526168585	2
0.166648238897	1
0.16677030921	3
0.166892379522	8
0.167014449835	3
0.167136520147	5
0.16725859046	3
0.167380660772	5
0.167502731085	7
0.167624801397	5
0.16774687171	4
0.167868942022	3
0.167991012335	8
0.168113082647	5
0.16823515296	8
0.168357223272	7
0.168479293585	3
0.168601363897	3
0.16872343421	1
0.168845504522	2
0.168967574835	6
0.169089645147	5
0.16921171546	5
0.169333785772	6
0.169455856085	2
0.169577926397	5
0.16969999671	1
0.169822067022	6
0.169944137335	5
0.170066207647	5
0.17018827796	4
0.170310348272	6
0.170432418585	1
0.170554488897	4
0.17067655921	6
0.170798629522	9
0.170920699835	4
0.171042770147	8
0.17116484046	6
0.171286910772	5
0.171408981085	3
0.171531051397	5
0.17165312171	9
0.171775192022	6
0.171897262335	4
0.172019332647	5
0.17214140296	6
0.172263473272	3
0.172385543585	4
0.172507613897	8
0.17262968421	3
0.172751754522	5
0.172873824835	4
0.172995895147	9
0.17311796546	5
0.173240035772	7
0.173362106085	6
0.173484176397	4
0.17360624671	2
0.173728317022	3
0.173850387335	11
0.173972457647	8
0.17409452796	5
0.174216598272	5
0.174338668585	12
0.174460738897	4
0.17458280921	2
0.174704879522	5
0.174826949835	8
0.174949020147	4
0.17507109046	11
0.175193160772	2
0.175315231085	3
0.175437301397	5
0.17555937171	3
0.175681442022	4
0.175803512335	4
0.175925582647	4
0.17604765296	3
0.176169723272	12
0.176291793585	3
0.176413863897	6
0.17653593421	3
0.176658004522	3
0.176780074835	3
0.176902145147	6
0.17702421546	6
0.177146285772	3
0.177268356085	7
0.177390426397	2
0.17751249671	6
0.177634567022	2
0.177756637335	8
0.177878707647	4
0.17800077796	4
0.178122848272	3
0.178244918585	3
0.178366988897	4
0.17848905921	4
0.178611129522	5
0.178733199835	4
0.178855270147	5
0.17897734046	2
0.179099410772	2
0.179221481085	6
0.179343551397	4
0.17946562171	4
0.179587692022	5
0.179709762335	4
0.179831832647	3
0.17995390296	1
0.180075973272	4
0.180198043585	2
0.180320113897	5
0.18044218421	5
0.180564254522	8
0.180686324835	2
0.180808395147	5
0.18093046546	3
0.181052535772	4
0.181174606085	5
0.181296676397	5
0.18141874671	4
0.181540817022	1
0.181662887335	3
0.181784957647	2
0.18190702796	4
0.182029098272	6
0.182151168585	5
0.182273238897	4
0.18239530921	5
0.182517379522	4
0.182639449835	5
0.182761520147	7
0.18288359046	2
0.183005660772	5
0.183127731085	3
0.183249801397	4
0.18337187171	5
0.183493942022	5
0.183616012335	6
0.183738082647	2
0.18386015296	4
0.183982223272	5
0.184104293585	7
0.184226363897	6
0.18434843421	3
0.184470504522	5
0.184592574835	6
0.184714645147	4
0.18483671546	1
0.184958785772	3
0.185080856085	1
0.185202926397	4
0.18532499671	3
0.185447067022	4
0.185569137335	6
0.185691207647	4
0.18581327796	2
0.185935348272	2
0.186057418585	1
0.186179488897	2
0.18630155921	4
0.186423629522	2
0.186545699835	2
0.186667770147	4
0.18678984046	0
0.186911910772	3
0.187033981085	3
0.187156051397	6
0.18727812171	5
0.187400192022	4
0.187522262335	4
0.187644332647	2
0.18776640296	4
0.187888473272	1
0.188010543585	0
0.188132613897	5
0.18825468421	3
0.188376754522	0
0.188498824835	2
0.188620895147	2
0.18874296546	1
0.188865035772	1
0.188987106085	2
0.189109176397	5
0.18923124671	2
0.189353317022	5
0.189475387335	3
0.189597457647	4
0.18971952796	1
0.189841598272	5
0.189963668585	1
0.190085738897	2
0.19020780921	1
0.190329879522	4
0.190451949835	3
0.190574020147	1
0.19069609046	2
0.190818160772	4
0.190940231085	2
0.191062301397	3
0.19118437171	2
0.191306442022	3
0.191428512335	1
0.191550582647	3
0.19167265296	7
0.191794723272	3
0.191916793585	3
0.192038863897	3
0.19216093421	2
0.192283004522	1
0.192405074835	2
0.192527145147	0
0.19264921546	6
0.192771285772	3
0.192893356085	1
0.193015426397	6
0.19313749671	2
0.193259567022	2
0.193381637335	1
0.193503707647	3
0.19362577796	3
0.193747848272	4
0.193869918585	4
0.193991988897	5
0.19411405921	3
0.194236129522	5
0.194358199835	3
0.194480270147	2
0.19460234046	5
0.194724410772	1
0.194846481085	4
0.194968551397	3
0.19509062171	1
0.195212692022	4
0.195334762335	2
0.195456832647	3
0.19557890296	1
0.195700973272	0
0.195823043585	2
0.195945113897	2
0.19606718421	1
0.196189254522	2
0.196311324835	3
0.196433395147	2
0.19655546546	0
0.196677535772	0
0.196799606085	2
0.196921676397	4
0.19704374671	5
0.197165817022	1
0.197287887335	3
0.197409957647	2
0.19753202796	0
0.197654098272	3
0.197776168585	2
0.197898238897	3
0.19802030921	3
0.198142379522	2
0.198264449835	1
0.198386520147	2
0.19850859046	5
0.198630660772	1
0.198752731085	2
0.198874801397	4
0.19899687171	4
0.199118942022	2
0.199241012335	6
0.199363082647	1
0.19948515296	2
0.199607223272	2
0.199729293585	4
0.199851363897	0
0.19997343421	0
0.200095504522	4
0.200217574835	3
0.200339645147	0
0.20046171546	0
0.200583785772	2
0.200705856085	0
0.200827926397	2
0.20094999671	0
0.201072067022	3
0.201194137335	4
0.201316207647	1
0.20143827796	2
0.201560348272	2
0.201682418585	3
0.201804488897	3
0.20192655921	5
0.202048629522	3
0.202170699835	0
0.202292770147	4
0.20241484046	1
0.202536910772	0
0.202658981085	4
0.202781051397	1
0.20290312171	2
0.203025192022	2
0.203147262335	3
0.203269332647	3
0.20339140296	2
0.203513473272	2
0.203635543585	2
0.203757613897	2
0.20387968421	2
0.204001754522	1
0.204123824835	2
0.204245895147	1
0.20436796546	2
0.204490035772	3
0.204612106085	2
0.204734176397	2
0.20485624671	1
0.204978317022	4
0.205100387335	1
0.205222457647	1
0.20534452796	1
0.205466598272	2
0.205588668585	2
0.205710738897	3
0.20583280921	1
0.205954879522	2
0.206076949835	3
0.206199020147	3
0.20632109046	1
0.206443160772	3
0.206565231085	2
0.206687301397	1
0.20680937171	3
0.206931442022	1
0.207053512335	0
0.207175582647	3
0.20729765296	2
0.207419723272	4
0.207541793585	3
0.207663863897	3
0.20778593421	3
0.207908004522	2
0.208030074835	0
0.208152145147	9
0.20827421546	2
0.208396285772	3
0.208518356085	2
0.208640426397	2
0.20876249671	7
0.208884567022	2
0.209006637335	5
0.209128707647	1
0.20925077796	6
0.209372848272	3
0.209494918585	3
0.209616988897	6
0.20973905921	4
0.209861129522	2
0.209983199835	1
0.210105270147	4
0.21022734046	4
0.210349410772	5
0.210471481085	2
0.210593551397	5
0.21071562171	2
0.210837692022	3
0.210959762335	3
0.211081832647	3
0.21120390296	3
0.211325973272	3
0.211448043585	6
0.211570113897	2
0.21169218421	2
0.211814254522	2
0.211936324835	1
0.212058395147	4
0.21218046546	5
0.212302535772	0
0.212424606085	6
0.212546676397	1
0.21266874671	5
0.212790817022	2
0.212912887335	7
0.213034957647	3
0.21315702796	4
0.213279098272	3
0.213401168585	6
0.213523238897	4
0.21364530921	7
0.213767379522	6
0.213889449835	4
0.214011520147	5
0.21413359046	4
0.214255660772	10
0.214377731085	5
0.214499801397	3
0.21462187171	7
0.214743942022	5
0.214866012335	4
0.214988082647	5
0.21511015296	6
0.215232223272	4
0.215354293585	3
0.215476363897	2
0.21559843421	1
0.215720504522	3
0.215842574835	2
0.215964645147	5
0.21608671546	3
0.216208785772	6
0.216330856085	7
0.216452926397	6
0.21657499671	3
0.216697067022	8
0.216819137335	4
0.216941207647	2
0.21706327796	6
0.217185348272	2
0.217307418585	3
0.217429488897	5
0.21755155921	3
0.217673629522	6
0.217795699835	8
0.217917770147	3
0.21803984046	4
0.218161910772	3
0.218283981085	5
0.218406051397	5
0.21852812171	4
0.218650192022	11
0.218772262335	5
0.218894332647	7
0.21901640296	4
0.219138473272	7
0.219260543585	6
0.219382613897	4
0.21950468421	5
0.219626754522	5
0.219748824835	4
0.219870895147	6
0.21999296546	1
0.220115035772	4
0.220237106085	1
0.220359176397	6
0.22048124671	5
0.220603317022	7
0.220725387335	4
0.220847457647	4
0.22096952796	3
0.221091598272	4
0.221213668585	5
0.221335738897	4
0.22145780921	5
0.221579879522	6
0.221701949835	4
0.221824020147	4
0.22194609046	6
0.222068160772	5
0.222190231085	2
0.222312301397	7
0.22243437171	7
0.222556442022	5
0.222678512335	6
0.222800582647	8
0.22292265296	3
0.223044723272	1
0.223166793585	6
0.223288863897	4
0.22341093421	10
0.223533004522	4
0.223655074835	6
0.223777145147	4
0.22389921546	8
0.224021285772	4
0.224143356085	3
0.224265426397	4
0.22438749671	8
0.224509567022	8
0.224631637335	3
0.224753707647	8
0.22487577796	3
0.224997848272	4
0.225119918585	4
0.225241988897	9
0.22536405921	8
0.225486129522	3
0.225608199835	2
0.225730270147	3
0.22585234046	6
0.225974410772	6
0.226096481085	2
0.226218551397	4
0.22634062171	5
0.226462692022	1
0.226584762335	6
0.226706832647	1
0.22682890296	3
0.226950973272	4
0.227073043585	3
0.227195113897	4
0.22731718421	2
0.227439254522	3
0.227561324835	7
0.227683395147	4
0.22780546546	5
0.227927535772	3
0.228049606085	6
0.228171676397	5
0.22829374671	7
0.228415817022	1
0.228537887335	5
0.228659957647	5
0.22878202796	3
0.228904098272	3
0.229026168585	2
0.229148238897	4
0.22927030921	9
0.229392379522	7
0.229514449835	1
0.229636520147	2
0.22975859046	4
0.229880660772	5
0.230002731085	8
0.230124801397	3
0.23024687171	3
0.230368942022	5
0.230491012335	2
0.230613082647	1
0.23073515296	2
0.230857223272	4
0.230979293585	3
0.231101363897	6
0.23122343421	3
0.231345504522	4
0.231467574835	4
0.231589645147	3
0.23171171546	6
0.231833785772	5
0.231955856085	5
0.232077926397	7
0.23219999671	5
0.232322067022	8
0.232444137335	5
0.232566207647	2
0.23268827796	6
0.232810348272	7
0.232932418585	4
0.233054488897	5
0.23317655921	7
0.233298629522	7
0.233420699835	5
0.233542770147	2
0.23366484046	5
0.233786910772	8
0.233908981085	4
0.234031051397	4
0.23415312171	8
0.234275192022	6
0.234397262335	9
0.234519332647	7
0.23464140296	7
0.234763473272	7
0.234885543585	4
0.235007613897	7
0.23512968421	7
0.235251754522	8
0.235373824835	4
0.235495895147	10
0.23561796546	6
0.235740035772	7
0.235862106085	6
0.235984176397	6
0.23610624671	4
0.236228317022	5
0.236350387335	3
0.236472457647	8
0.23659452796	5
0.236716598272	5
0.236838668585	8
0.236960738897	2
0.23708280921	6
0.237204879522	9
0.237326949835	5
0.237449020147	5
0.23757109046	4
0.237693160772	3
0.237815231085	3
0.237937301397	2
0.23805937171	4
0.238181442022	5
0.238303512335	7
0.238425582647	5
0.23854765296	9
0.238669723272	5
0.238791793585	3
0.238913863897	1
0.23903593421	10
0.239158004522	8
0.239280074835	4
0.239402145147	6
0.23952421546	2
0.239646285772	2
0.239768356085	2
0.239890426397	2
0.24001249671	6
0.240134567022	7
0.240256637335	4
0.240378707647	4
0.24050077796	2
0.240622848272	4
0.240744918585	5
0.240866988897	2
0.24098905921	4
0.241111129522	5
0.241233199835	4
0.241355270147	4
0.24147734046	7
0.241599410772	7
0.241721481085	3
0.241843551397	7
0.24196562171	7
0.242087692022	3
0.242209762335	3
0.242331832647	1
0.24245390296	5
0.242575973272	6
0.242698043585	4
0.242820113897	2
0.24294218421	0
0.243064254522	4
0.243186324835	3
0.243308395147	4
0.24343046546	4
0.243552535772	6
0.243674606085	2
0.243796676397	9
0.24391874671	5
0.244040817022	4
0.244162887335	3
0.244284957647	4
0.24440702796	5
0.244529098272	5
0.244651168585	5
0.244773238897	6
0.24489530921	4
0.245017379522	3
0.245139449835	2
0.245261520147	6
0.24538359046	4
0.245505660772	3
0.245627731085	2
0.245749801397	4
0.24587187171	4
0.245993942022	5
0.246116012335	5
0.246238082647	3
0.24636015296	4
0.246482223272	9
0.246604293585	2
0.246726363897	6
0.24684843421	4
0.246970504522	2
0.247092574835	5
0.247214645147	4
0.24733671546	2
0.247458785772	5
0.247580856085	5
0.247702926397	4
0.24782499671	4
0.247947067022	1
0.248069137335	5
0.248191207647	3
0.24831327796	4
0.248435348272	8
0.248557418585	2
0.248679488897	3
0.24880155921	4
0.248923629522	4
0.249045699835	6
0.249167770147	2
0.24928984046	4
0.249411910772	7
0.249533981085	2
0.249656051397	2
0.24977812171	5
0.249900192022	4
0.250022262335	4
0.250144332647	5
0.25026640296	8
0.250388473272	4
0.250510543585	3
0.250632613897	7
0.25075468421	7
0.250876754522	4
0.250998824835	3
0.251120895147	4
0.25124296546	4
0.251365035772	4
0.251487106085	3
0.251609176397	4
0.25173124671	0
0.251853317022	6
0.251975387335	2
0.252097457647	4
0.25221952796	4
0.252341598272	3
0.252463668585	5
0.252585738897	2
0.25270780921	5
0.252829879522	2
0.252951949835	2
0.253074020147	2
0.25319609046	2
0.253318160772	5
0.253440231085	1
0.253562301397	5
0.25368437171	2
0.253806442022	3
0.253928512335	4
0.254050582647	5
0.25417265296	6
0.254294723272	4
0.254416793585	5
0.254538863897	4
0.25466093421	2
0.254783004522	2
0.254905074835	6
0.255027145147	3
0.25514921546	2
0.255271285772	3
0.255393356085	5
0.255515426397	1
0.25563749671	2
0.255759567022	1
0.255881637335	3
0.256003707647	5
0.25612577796	2
0.256247848272	1
0.256369918585	4
0.256491988897	4
0.25661405921	5
0.256736129522	0
0.256858199835	2
0.256980270147	5
0.25710234046	2
0.257224410772	5
0.257346481085	0
0.257468551397	1
0.25759062171	1
0.257712692022	2
0.257834762335	3
0.257956832647	1
0.25807890296	1
0.258200973272	3
0.258323043585	1
0.258445113897	1
0.25856718421	4
0.258689254522	3
0.258811324835	3
0.258933395147	5
0.25905546546	4
0.259177535772	0
0.259299606085	5
0.259421676397	4
0.25954374671	0
0.259665817022	3
0.259787887335	3
0.259909957647	1
0.26003202796	1
0.260154098272	0
0.260276168585	3
0.260398238897	1
0.26052030921	1
0.260642379522	2
0.260764449835	1
0.260886520147	3
0.26100859046	3
0.261130660772	1
0.261252731085	1
0.261374801397	1
0.26149687171	0
0.261618942022	4
0.261741012335	1
0.261863082647	2
0.26198515296	3
0.262107223272	2
0.262229293585	2
0.262351363897	0
0.26247343421	0
0.262595504522	1
0.262717574835	2
0.262839645147	6
0.26296171546	3
0.263083785772	3
0.263205856085	2
0.263327926397	7
0.26344999671	1
0.263572067022	2
0.263694137335	0
0.263816207647	2
0.26393827796	0
0.264060348272	1
0.264182418585	0
0.264304488897	1
0.26442655921	1
0.264548629522	2
0.264670699835	5
0.264792770147	6
0.26491484046	0
0.265036910772	1
0.265158981085	0
0.265281051397	4
0.26540312171	3
0.265525192022	3
0.265647262335	1
0.265769332647	2
0.26589140296	4
0.266013473272	3
0.266135543585	0
0.266257613897	1
0.26637968421	0
0.266501754522	3
0.266623824835	3
0.266745895147	1
0.26686796546	2
0.266990035772	1
0.267112106085	1
0.267234176397	2
0.26735624671	2
0.267478317022	0
0.267600387335	0
0.267722457647	1
0.26784452796	1
0.267966598272	1
0.268088668585	2
0.268210738897	2
0.26833280921	1
0.268454879522	1
0.268576949835	1
0.268699020147	1
0.26882109046	2
0.268943160772	3
0.269065231085	1
0.269187301397	2
0.26930937171	0
0.269431442022	1
0.269553512335	2
0.269675582647	1
0.26979765296	0
0.269919723272	1
0.270041793585	2
0.270163863897	0
0.27028593421	2
0.270408004522	1
0.270530074835	3
0.270652145147	1
0.27077421546	1
0.270896285772	0
0.271018356085	2
0.271140426397	0
0.27126249671	3
0.271384567022	1
0.271506637335	2
0.271628707647	3
0.27175077796	1
0.271872848272	1
0.271994918585	2
0.272116988897	1
0.27223905921	3
0.272361129522	3
0.272483199835	0
0.272605270147	2
0.27272734046	0
0.272849410772	1
0.272971481085	2
0.273093551397	2
0.27321562171	2
0.273337692022	2
0.273459762335	0
0.273581832647	2
0.27370390296	1
0.273825973272	1
0.273948043585	1
0.274070113897	2
0.27419218421	3
0.274314254522	0
0.274436324835	1
0.274558395147	0
0.27468046546	2
0.274802535772	0
0.274924606085	3
0.275046676397	3
0.27516874671	0
0.275290817022	0
0.275412887335	3
0.275534957647	0
0.27565702796	3
0.275779098272	1
0.275901168585	0
0.276023238897	1
0.27614530921	2
0.276267379522	0
0.276389449835	2
0.276511520147	2
0.27663359046	1
0.276755660772	0
0.276877731085	2
0.276999801397	0
0.27712187171	2
0.277243942022	1
0.277366012335	2
0.277488082647	3
0.27761015296	0
0.277732223272	2
0.277854293585	1
0.277976363897	0
0.27809843421	4
0.278220504522	0
0.278342574835	1
0.278464645147	1
0.27858671546	1
0.278708785772	1
0.278830856085	1
0.278952926397	1
0.27907499671	0
0.279197067022	1
0.279319137335	2
0.279441207647	4
0.27956327796	3
0.279685348272	2
0.279807418585	0
0.279929488897	0
0.28005155921	0
0.280173629522	1
0.280295699835	3
0.280417770147	1
0.28053984046	2
0.280661910772	4
0.280783981085	2
0.280906051397	0
0.28102812171	0
0.281150192022	1
0.281272262335	0
0.281394332647	1
0.28151640296	2
0.281638473272	0
0.281760543585	0
0.281882613897	0
0.28200468421	0
0.282126754522	1
0.282248824835	0
0.282370895147	0
0.28249296546	1
0.282615035772	0
0.282737106085	1
0.282859176397	0
0.28298124671	1
0.283103317022	1
0.283225387335	0
0.283347457647	2
0.28346952796	1
0.283591598272	1
0.283713668585	0
0.283835738897	0
0.28395780921	1
0.284079879522	0
0.284201949835	2
0.284324020147	1
0.28444609046	0
0.284568160772	1
0.284690231085	3
0.284812301397	2
0.28493437171	0
0.285056442022	1
0.285178512335	0
0.285300582647	0
0.28542265296	2
0.285544723272	1
0.285666793585	3
0.285788863897	2
0.28591093421	1
0.286033004522	1
0.286155074835	2
0.286277145147	0
0.28639921546	1
0.286521285772	0
0.286643356085	0
0.286765426397	4
0.28688749671	3
0.287009567022	0
0.287131637335	0
0.287253707647	0
0.28737577796	1
0.287497848272	0
0.287619918585	1
0.287741988897	0
0.28786405921	0
0.287986129522	2
0.288108199835	1
0.288230270147	1
0.28835234046	1
0.288474410772	1
0.288596481085	0
0.288718551397	0
0.28884062171	2
0.288962692022	1
0.289084762335	0
0.289206832647	0
0.28932890296	0
0.289450973272	0
0.289573043585	1
0.289695113897	3
0.28981718421	0
0.289939254522	3
0.290061324835	0
0.290183395147	1
0.29030546546	1
0.290427535772	2
0.290549606085	0
0.290671676397	4
0.29079374671	1
0.290915817022	1
0.291037887335	2
0.291159957647	2
0.29128202796	3
0.291404098272	1
0.291526168585	0
0.291648238897	4
0.29177030921	2
0.291892379522	1
0.292014449835	1
0.292136520147	3
0.29225859046	1
0.292380660772	1
0.292502731085	0
0.292624801397	1
0.29274687171	1
0.292868942022	0
0.292991012335	0
0.293113082647	0
0.29323515296	0
0.293357223272	2
0.293479293585	0
0.293601363897	0
0.29372343421	0
0.293845504522	0
0.293967574835	1
0.294089645147	1
0.29421171546	1
0.294333785772	0
0.294455856085	1
0.294577926397	2
0.29469999671	1
0.294822067022	0
0.294944137335	3
0.295066207647	3
0.29518827796	1
0.295310348272	1
0.295432418585	0
0.295554488897	0
0.29567655921	2
0.295798629522	3
0.295920699835	0
0.296042770147	0
0.29616484046	3
0.296286910772	2
0.296408981085	0
0.296531051397	0
0.29665312171	0
0.296775192022	0
0.296897262335	0
0.297019332647	0
0.29714140296	1
0.297263473272	0
0.297385543585	1
0.297507613897	1
0.29762968421	0
0.297751754522	2
0.297873824835	0
0.297995895147	3
0.29811796546	0
0.298240035772	1
0.298362106085	0
0.298484176397	1
0.29860624671	0
0.298728317022	2
0.298850387335	1
0.298972457647	2
0.29909452796	0
0.299216598272	0
0.299338668585	0
0.299460738897	2
0.29958280921	0
0.299704879522	0
0.299826949835	2