-8.559 0.000000 0.000000 0.464920 0.485386 0.000000 0.000000 -0.413135 0.413135 0.051785 0.637401
-8.557 0.070001 0.343677 0.558358 0.558358 0.000000 0.000000 0.000000 0.000000 0.628359 0.65565
-8.555 0.000000 0.000000 0.166680 0.166680 0.564079 0.564079 0.000000 0.000000 0.730759 0.58819
-8.553 0.000000 0.000000 0.000000 0.000000 0.000000 0.000000 0.000000 0.000000 0 0
-8.551 0.405252 0.405252 0.000000 0.000000 0.000000 0.000000 0.000000 0.000000 0.405252 0.405252
-8.549 0.000000 0.000000 0.171459 0.171459 0.000000 0.000000 0.000000 0.000000 0.171459 0.171459
-8.547 0.000000 0.000000 0.000000 0.000000 0.000000 0.000000 0.000000 0.000000 0 0
-8.545 -0.251051 0.241333 0.000000 0.000000 0.000000 0.000000 -0.020530 0.020530 -0.271581 0.242205
-8.543 0.000000 0.000000 0.573561 0.573561 0.000000 0.000000 0.573560 0.573560 1.14712 0.811137
-8.541 0.000000 0.000000 0.000000 0.000000 -0.574583 0.574583 -0.158104 0.158104 -0.732687 0.595938
-8.539 0.000000 0.000000 0.000000 0.000000 0.000000 0.000000 0.000000 0.000000 0 0
-8.537 0.000000 0.000000 -0.388236 0.388236 0.000000 0.000000 0.000000 0.000000 -0.388236 0.388236
-8.535 0.000000 0.000000 0.000000 0.000000 -0.571879 0.571879 0.201736 0.201736 -0.370143 0.606418
-8.533 0.000000 0.000000 0.150659 0.150659 -0.386975 0.526449 0.000000 0.000000 -0.236316 0.547583
-8.531 0.000000 0.000000 -0.574583 0.574583 -0.145271 0.145271 0.488200 0.488200 -0.231654 0.767847
-8.529 -0.263911 0.263911 0.000000 0.000000 -0.100283 0.100283 0.000000 0.000000 -0.364194 0.282322
-8.527 0.000000 0.000000 0.573560 0.573560 0.000000 0.000000 0.000000 0.000000 0.57356 0.57356
-8.525 0.092375 0.674055 -0.563074 0.563074 0.573560 0.573560 0.000000 0.000000 0.102861 1.04899
-8.523 0.000000 0.000000 0.000000 0.000000 0.000000 0.000000 -0.574583 0.574583 -0.574583 0.574583
-8.521 1.146724 0.810856 -1.024604 0.729839 0.443759 0.443759 0.000000 0.000000 0.565879 1.17774
-8.519 0.558754 0.558754 0.000000 0.000000 0.573560 0.573560 0.000000 0.000000 1.13231 0.800735
-8.517 1.392828 0.821216 0.000000 0.000000 0.000000 0.000000 0.067458 0.067458 1.46029 0.823982
-8.515 0.000000 0.000000 0.000000 0.000000 0.000000 0.000000 0.000000 0.000000 0 0
-8.513 0.000000 0.000000 0.000000 0.000000 -0.279610 0.279610 0.000000 0.000000 -0.27961 0.27961
-8.511 -0.067251 0.067251 0.000000 0.000000 0.570023 0.570023 0.000000 0.000000 0.502772 0.573976
-8.509 0.000000 0.000000 -0.025454 0.646246 0.000000 0.000000 0.000000 0.000000 -0.025454 0.646246
-8.507 -0.217005 0.217005 0.000000 0.000000 -0.007929 0.007929 0.000000 0.000000 -0.224934 0.21715
-8.505 0.000000 0.000000 0.000000 0.000000 0.000000 0.000000 0.000000 0.000000 0 0
-8.503 0.000000 0.000000 0.000000 0.000000 0.000000 0.000000 0.000000 0.000000 0 0
-8.501 -0.277613 0.636661 0.867592 0.644535 0.000000 0.000000 0.000000 0.000000 0.589979 0.905959
-8.499 0.000000 0.000000 0.000000 0.000000 0.099445 0.099445 0.000000 0.000000 0.099445 0.099445
-8.497 0.000000 0.000000 0.573560 0.573560 0.000000 0.000000 -0.134976 0.583117 0.438584 0.817922
-8.495 -0.533166 0.533166 -0.203489 0.203489 0.000000 0.000000 0.000000 0.000000 -0.736655 0.570678
-8.493 0.000000 0.000000 0.000000 0.000000 0.289216 0.289216 0.000000 0.000000 0.289216 0.289216
-8.491 -0.245170 0.245170 0.238902 0.238902 0.000000 0.000000 0.207123 0.207123 0.200855 0.400103
-8.489 0.121874 0.121874 0.105294 0.105294 0.000000 0.000000 -0.574503 0.574503 -0.347335 0.596652
-8.487 0.000000 0.000000 0.000000 0.000000 0.000000 0.000000 0.573560 0.573560 0.57356 0.57356
-8.485 0.380357 0.432032 0.000000 0.000000 0.000000 0.000000 0.000000 0.000000 0.380357 0.432032
-8.483 -0.574582 0.574582 0.000000 0.000000 -0.474445 0.583242 0.000000 0.000000 -1.04903 0.818728
-8.481 0.167932 0.167932 0.000000 0.000000 0.000000 0.000000 0.000000 0.000000 0.167932 0.167932
-8.479 0.099746 0.099746 0.000000 0.000000 0.000000 0.000000 0.000000 0.000000 0.099746 0.099746
-8.477 0.000000 0.000000 0.835291 0.852071 0.000000 0.000000 -0.574175 0.574175 0.261116 1.02747
-8.475 0.000000 0.000000 0.000000 0.000000 0.000000 0.000000 0.000000 0.000000 0 0
-8.473 0.000000 0.000000 1.001484 0.715336 0.000000 0.000000 0.573560 0.573560 1.57504 0.916884
-8.471 0.000000 0.000000 0.000000 0.000000 0.986294 0.706626 0.000000 0.000000 0.986294 0.706626
-8.469 0.211263 0.211263 -0.411931 0.411931 0.495893 0.495893 0.000000 0.000000 0.295225 0.678402
-8.467 0.472654 0.812701 0.000000 0.000000 0.557455 0.557455 0.000000 0.000000 1.03011 0.985515
-8.465 -0.101417 0.101417 0.000000 0.000000 0.000000 0.000000 0.000000 0.000000 -0.101417 0.101417
-8.463 0.412734 0.412734 -0.324034 0.324034 0.000000 0.000000 0.000000 0.000000 0.0887 0.524736
-8.461 0.000000 0.000000 0.000000 0.000000 -0.009980 0.009980 0.149473 0.671365 0.139493 0.671439
-8.459 0.272785 0.272785 0.443684 0.443684 0.000000 0.000000 0.000000 0.000000 0.716469 0.520833
-8.457 0.000000 0.000000 0.572229 0.572229 0.000000 0.000000 -0.563702 0.563702 0.008527 0.803247
-8.455 0.573560 0.573560 0.041808 0.041808 -0.051929 0.051929 0.000000 0.000000 0.563439 0.577422
-8.453 0.000000 0.000000 0.573561 0.573561 0.000000 0.000000 0.000000 0.000000 0.573561 0.573561
-8.451 0.000000 0.000000 0.000000 0.000000 0.000000 0.000000 0.272850 0.647609 0.27285 0.647609
-8.449 0.000000 0.000000 -0.552931 0.458542 0.000000 0.000000 0.000000 0.000000 -0.552931 0.458542
-8.447 0.000000 0.000000 0.000000 0.000000 0.570854 0.570854 -0.158046 0.158046 0.412808 0.592328
-8.445 0.000000 0.000000 -0.239924 0.239924 0.973651 0.699317 -0.513146 0.513146 0.220581 0.899959
-8.443 0.000000 0.000000 0.516836 0.516836 0.000000 0.000000 0.000000 0.000000 0.516836 0.516836
-8.441 -0.411931 0.411931 -0.003807 0.809894 -0.048723 0.048723 0.000000 0.000000 -0.464461 0.909939
-8.439 -0.532467 0.532467 0.902661 0.643619 -0.372549 0.372549 -0.068219 0.068219 -0.070574 0.917177
-8.437 0.000000 0.000000 -0.081111 0.081111 0.000000 0.000000 0.000000 0.000000 -0.081111 0.081111
-8.435 0.000000 0.000000 0.000000 0.000000 -0.072863 0.072863 0.000000 0.000000 -0.072863 0.072863
-8.433 0.000000 0.000000 -0.162747 0.162747 -0.430571 0.430571 0.000000 0.000000 -0.593318 0.460302
-8.431 -0.445406 0.588923 0.573561 0.573561 -0.563702 0.563702 0.000000 0.000000 -0.435547 0.996776
-8.429 0.000000 0.000000 0.000000 0.000000 -0.574582 0.574582 0.000000 0.000000 -0.574582 0.574582
-8.427 -0.238032 0.238032 0.652968 0.557944 -0.268311 0.219819 0.000000 0.000000 0.146625 0.645199
-8.425 -0.308759 0.571305 0.000000 0.000000 0.573561 0.573561 0.000000 0.000000 0.264802 0.809544
-8.423 -0.574583 0.574583 0.112037 0.112037 0.000000 0.000000 0.000000 0.000000 -0.462546 0.585404
-8.421 -0.545621 0.545621 -0.445082 0.445082 -0.574583 0.574583 -0.504715 0.504715 -2.07 1.03956
-8.419 0.000000 0.000000 0.000000 0.000000 0.563144 0.563144 0.095445 0.095445 0.658589 0.571175
-8.417 0.000000 0.000000 0.000000 0.000000 0.000000 0.000000 0.000000 0.000000 0 0
-8.415 0.000000 0.000000 0.000000 0.000000 0.000000 0.000000 0.000000 0.000000 0 0
-8.413 -0.558154 0.558154 0.765616 0.580400 0.234720 0.234720 0.000000 0.000000 0.442182 0.838745
-8.411 -0.249825 0.249825 0.246036 0.216736 0.000000 0.000000 -0.396812 0.396812 -0.400601 0.516572
-8.409 -0.244523 0.821699 0.000000 0.000000 -0.573250 0.573250 0.000000 0.000000 -0.817773 1.0019
-8.407 0.000000 0.000000 0.000000 0.000000 0.000000 0.000000 0.000000 0.000000 0 0
-8.405 0.079253 0.079253 0.565514 0.424428 0.000000 0.000000 0.000000 0.000000 0.644767 0.431764
-8.403 0.000000 0.000000 -0.134878 0.134878 0.000000 0.000000 0.000000 0.000000 -0.134878 0.134878
-8.401 0.401535 0.401535 0.000000 0.000000 0.276998 0.276998 0.000000 0.000000 0.678533 0.48781
-8.399 0.000000 0.000000 0.000000 0.000000 0.000000 0.000000 0.000000 0.000000 0 0
-8.397 0.000000 0.000000 0.000000 0.000000 0.000000 0.000000 -0.561359 0.561359 -0.561359 0.561359
-8.395 0.000000 0.000000 -0.001021 0.811860 0.565377 0.565377 0.000000 0.000000 0.564356 0.989327
-8.393 0.391066 0.391066 0.000000 0.000000 0.352538 0.343697 0.000000 0.000000 0.743604 0.520634
-8.391 0.000000 0.000000 0.000000 0.000000 0.000000 0.000000 0.000000 0.000000 0 0
-8.389 0.000000 0.000000 0.049486 0.049486 0.000000 0.000000 0.000000 0.000000 0.049486 0.049486
-8.387 0.000000 0.000000 -0.144606 0.498550 0.000000 0.000000 0.440013 0.440013 0.295407 0.664954
-8.385 0.000000 0.000000 -0.502742 0.579056 -0.574582 0.574582 0.000000 0.000000 -1.07732 0.815751
-8.383 0.573561 0.573561 0.000000 0.000000 0.000000 0.000000 0.000000 0.000000 0.573561 0.573561
-8.381 0.071841 0.071841 0.000000 0.000000 0.105294 0.105294 0.000000 0.000000 0.177135 0.127467
-8.379 0.297141 0.297141 0.000000 0.000000 0.000000 0.000000 0.000000 0.000000 0.297141 0.297141
-8.377 0.000000 0.000000 0.000000 0.000000 0.000000 0.000000 -0.489222 0.489222 -0.489222 0.489222
-8.375 0.196310 0.196310 0.000000 0.000000 0.000000 0.000000 0.000000 0.000000 0.19631 0.19631
-8.373 -0.548750 0.467777 0.000000 0.000000 0.000000 0.000000 0.000000 0.000000 -0.54875 0.467777
-8.371 -0.665163 0.496385 -0.466513 0.466513 0.000000 0.000000 0.000000 0.000000 -1.13168 0.681199
-8.369 -0.478275 0.478275 0.570306 0.570306 0.000000 0.000000 -0.499698 0.499698 -0.407667 0.89649
-8.367 0.573561 0.573561 0.000000 0.000000 0.000000 0.000000 0.000000 0.000000 0.573561 0.573561
-8.365 0.000000 0.000000 -0.244892 0.527150 0.000000 0.000000 -0.458279 0.458279 -0.703171 0.698503
-8.363 0.320403 0.320403 0.160458 0.160458 -0.563366 0.563366 0.000000 0.000000 -0.082505 0.667672
-8.361 0.099445 0.099445 0.000000 0.000000 0.000000 0.000000 0.000000 0.000000 0.099445 0.099445
-8.359 0.465234 0.465234 0.000000 0.000000 0.000000 0.000000 0.000000 0.000000 0.465234 0.465234
-8.357 0.000000 0.000000 0.000000 0.000000 0.000000 0.000000 0.000000 0.000000 0 0
-8.355 0.738358 0.529169 0.038436 0.038436 0.000000 0.000000 0.000000 0.000000 0.776794 0.530563
-8.353 0.000000 0.000000 -0.058953 0.826715 0.000000 0.000000 0.000000 0.000000 -0.058953 0.826715
-8.351 -0.565101 0.565101 0.287257 0.287257 0.808332 0.619750 0.000000 0.000000 0.530488 0.886536
-8.349 0.000000 0.000000 0.317353 0.498568 0.000000 0.000000 -0.574583 0.574583 -0.25723 0.760734
-8.347 0.000000 0.000000 0.000000 0.000000 1.061258 0.752010 0.000000 0.000000 1.06126 0.75201
-8.345 0.000000 0.000000 -0.554914 0.554914 0.527689 0.527689 0.794058 0.614463 0.766833 0.98181
-8.343 0.000000 0.000000 0.000000 0.000000 -0.073692 0.073692 0.000000 0.000000 -0.073692 0.073692
-8.341 -0.021110 0.021110 1.069532 0.757993 0.000000 0.000000 0.301484 0.301484 1.34991 0.816022
-8.339 0.174466 0.174466 0.000000 0.000000 0.003345 0.808776 0.000000 0.000000 0.177811 0.82738
-8.337 0.118369 0.118369 0.000000 0.000000 0.000000 0.000000 0.000000 0.000000 0.118369 0.118369
-8.335 0.000000 0.000000 0.000000 0.000000 -0.556680 0.556680 0.000000 0.000000 -0.55668 0.55668
-8.333 0.573561 0.573561 1.037726 0.737617 0.000000 0.000000 0.498678 0.498678 2.10996 1.05912
-8.331 -0.573363 0.573363 0.000000 0.000000 0.475169 0.475169 -1.146462 0.810673 -1.24466 1.10078
-8.329 0.000000 0.000000 0.067197 0.067197 -0.017878 0.017878 0.000000 0.000000 0.049319 0.0695346
-8.327 0.061967 0.061967 -0.574582 0.574582 0.000000 0.000000 0.000000 0.000000 -0.512615 0.577914
-8.325 0.000000 0.000000 -0.681414 0.540501 0.000000 0.000000 0.000000 0.000000 -0.681414 0.540501
-8.323 0.444060 0.444060 0.000000 0.000000 -0.127729 0.127729 0.000000 0.000000 0.316331 0.462065
-8.321 -0.412533 0.412533 0.000000 0.000000 0.000000 0.000000 0.000000 0.000000 -0.412533 0.412533
-8.319 0.000000 0.000000 0.182169 0.182169 0.000000 0.000000 0.000000 0.000000 0.182169 0.182169
-8.317 0.000000 0.000000 0.573561 0.573561 0.000000 0.000000 0.125285 0.125285 0.698846 0.587085
-8.315 0.674216 0.479397 0.015375 0.015375 0.000000 0.000000 0.066913 0.066913 0.756504 0.484288
-8.313 -0.446808 0.446808 0.000000 0.000000 -0.643185 0.578663 0.573532 0.573532 -0.516461 0.929208
-8.311 0.001706 0.001706 0.000000 0.000000 -0.138152 0.138152 0.000000 0.000000 -0.136446 0.138163
-8.309 -1.149164 0.812582 0.000000 0.000000 0.000000 0.000000 0.000000 0.000000 -1.14916 0.812582
-8.307 0.000000 0.000000 -0.445082 0.445082 0.000000 0.000000 -0.477629 0.477629 -0.922711 0.652861
-8.305 0.000000 0.000000 -0.189408 0.189408 0.000000 0.000000 0.415242 0.415242 0.225834 0.4564
-8.303 -0.168693 0.162855 0.000000 0.000000 0.044926 0.044926 0.000000 0.000000 -0.123767 0.168938
-8.301 -0.067617 0.067617 0.000000 0.000000 0.000000 0.000000 0.000000 0.000000 -0.067617 0.067617
-8.299 0.000000 0.000000 0.000000 0.000000 -0.007387 0.793966 0.000000 0.000000 -0.007387 0.793966
-8.297 0.000000 0.000000 0.000000 0.000000 0.000000 0.000000 0.000000 0.000000 0 0
-8.295 -0.867607 0.640975 0.000000 0.000000 0.217971 0.303712 -0.784896 0.555045 -1.43453 0.900647
-8.293 0.000000 0.000000 0.127305 0.127305 0.103787 0.103787 0.219060 0.219060 0.450152 0.273798
-8.291 0.000000 0.000000 0.000000 0.000000 -0.574583 0.574583 0.000000 0.000000 -0.574583 0.574583
-8.289 0.000000 0.000000 0.000000 0.000000 -0.574582 0.574582 -0.387746 0.387746 -0.962328 0.693175
-8.287 0.000000 0.000000 0.000000 0.000000 0.000000 0.000000 0.000000 0.000000 0 0
-8.285 0.000000 0.000000 0.358819 0.358819 0.000000 0.000000 0.000000 0.000000 0.358819 0.358819
-8.283 -0.017735 0.017735 -0.528841 0.528841 -0.620555 0.567856 -1.015854 0.723016 -2.18298 1.06075
-8.281 0.000000 0.000000 0.000000 0.000000 0.122535 0.122535 0.000000 0.000000 0.122535 0.122535
-8.279 -0.271551 0.688407 0.000000 0.000000 0.000000 0.000000 0.000000 0.000000 -0.271551 0.688407
-8.277 0.000000 0.000000 0.000000 0.000000 0.000000 0.000000 0.000000 0.000000 0 0
-8.275 0.000000 0.000000 0.000000 0.000000 0.359132 0.359132 0.000000 0.000000 0.359132 0.359132
-8.273 -0.531217 0.531217 0.000000 0.000000 0.573560 0.573560 0.000000 0.000000 0.042343 0.781769
-8.271 0.000000 0.000000 0.573561 0.573561 0.000000 0.000000 0.000000 0.000000 0.573561 0.573561
-8.269 0.229269 0.229269 -0.574534 0.574534 0.000000 0.000000 0.000000 0.000000 -0.345265 0.61859
-8.267 0.000000 0.000000 0.000000 0.000000 0.000000 0.000000 0.000000 0.000000 0 0
-8.265 0.000000 0.000000 0.000000 0.000000 0.000000 0.000000 0.000000 0.000000 0 0
-8.263 0.787978 0.612329 0.448810 0.448810 0.000000 0.000000 0.000000 0.000000 1.23679 0.759195
-8.261 0.000000 0.000000 0.103007 0.103007 -0.015226 0.015226 0.000000 0.000000 0.087781 0.104126
-8.259 -0.563111 0.563111 0.000000 0.000000 0.000000 0.000000 -0.574582 0.574582 -1.13769 0.804511
-8.257 0.000000 0.000000 -0.036129 0.036129 0.000000 0.000000 0.000000 0.000000 -0.036129 0.036129
-8.255 0.000000 0.000000 -0.556731 0.546842 0.000000 0.000000 0.000000 0.000000 -0.556731 0.546842
-8.253 0.000000 0.000000 -0.354216 0.354216 0.466266 0.466266 -0.355498 0.355498 -0.243448 0.68502
-8.251 0.321140 0.321140 -0.300086 0.300086 0.000000 0.000000 0.000000 0.000000 0.021054 0.439525
-8.249 0.000000 0.000000 0.573560 0.573560 -0.078402 0.078402 0.000000 0.000000 0.495158 0.578894
-8.247 0.561451 0.551973 0.573561 0.573561 0.573561 0.573561 0.000000 0.000000 1.70857 0.981131
-8.245 0.276999 0.276999 -0.553080 0.553080 0.000000 0.000000 0.551890 0.551890 0.275809 0.82898
-8.243 0.000000 0.000000 0.440291 0.440291 0.358518 0.358518 0.557714 0.557714 1.35652 0.795887
-8.241 0.000000 0.000000 0.000000 0.000000 0.000000 0.000000 0.000000 0.000000 0 0
-8.239 0.000000 0.000000 -0.048377 0.048377 0.000000 0.000000 0.000000 0.000000 -0.048377 0.048377
-8.237 0.000000 0.000000 -0.068219 0.068219 0.000000 0.000000 0.000000 0.000000 -0.068219 0.068219
-8.235 -0.049625 0.049625 0.099596 0.099596 0.000000 0.000000 -0.466771 0.466771 -0.4168 0.479851
-8.233 0.289441 0.289441 -0.565100 0.565100 0.000000 0.000000 0.000000 0.000000 -0.275659 0.634913
-8.231 0.012584 0.012584 0.000000 0.000000 -0.001879 0.811255 -0.201197 0.201197 -0.190492 0.835927
-8.229 0.000000 0.000000 0.000000 0.000000 0.124834 0.124834 0.000000 0.000000 0.124834 0.124834
-8.227 0.000000 0.000000 -0.135093 0.135093 -0.887338 0.654187 -0.410007 0.410007 -1.43244 0.783783
-8.225 0.103787 0.103787 0.276094 0.276094 0.000000 0.000000 0.012871 0.012871 0.392752 0.295238
-8.223 0.000000 0.000000 0.573561 0.573561 0.004057 0.004057 0.000000 0.000000 0.577618 0.573575
-8.221 -0.087066 0.087066 0.000000 0.000000 0.000000 0.000000 0.000000 0.000000 -0.087066 0.087066
-8.219 0.000000 0.000000 -0.526994 0.513837 0.000000 0.000000 0.000000 0.000000 -0.526994 0.513837
-8.217 0.000000 0.000000 0.000000 0.000000 0.000000 0.000000 0.573561 0.573561 0.573561 0.573561
-8.215 0.000000 0.000000 0.000000 0.000000 0.000000 0.000000 0.000000 0.000000 0 0
-8.213 0.000000 0.000000 -0.554931 0.574918 0.573560 0.573560 0.000000 0.000000 0.018629 0.812097
-8.211 -0.574582 0.574582 0.000000 0.000000 0.000000 0.000000 0.617514 0.437012 0.042932 0.721889
-8.209 0.000000 0.000000 0.000000 0.000000 0.000000 0.000000 0.000000 0.000000 0 0
-8.207 0.000000 0.000000 0.000000 0.000000 0.000000 0.000000 0.000000 0.000000 0 0
-8.205 0.558448 0.522843 -0.574582 0.574582 0.000000 0.000000 0.000000 0.000000 -0.016134 0.776859
-8.203 -0.556071 0.556071 0.541974 0.541974 0.000000 0.000000 -0.017065 0.017065 -0.031162 0.776687
-8.201 0.447799 0.447799 0.079257 0.795942 0.084266 0.331589 0.000000 0.000000 0.611322 0.971596
-8.199 0.000000 0.000000 0.932379 0.676552 -0.501823 0.501823 0.000000 0.000000 0.430556 0.842347
-8.197 0.498527 0.509527 -0.125555 0.125555 0.428077 0.428077 0.000000 0.000000 0.801049 0.677224
-8.195 0.000000 0.000000 0.219964 0.219964 0.000000 0.000000 0.000000 0.000000 0.219964 0.219964
-8.193 0.125285 0.125285 0.999305 0.953470 0.000000 0.000000 0.000000 0.000000 1.12459 0.961666
-8.191 0.000000 0.000000 0.083105 0.297534 0.000000 0.000000 -0.072862 0.072862 0.010243 0.306326
-8.189 0.010163 0.010163 0.478157 0.478157 0.067499 0.067499 0.000000 0.000000 0.555819 0.483005
-8.187 -1.107404 0.783609 0.095520 0.095520 0.000000 0.000000 0.000000 0.000000 -1.01188 0.789409
-8.185 -0.151981 0.380990 0.000000 0.000000 0.000000 0.000000 0.000000 0.000000 -0.151981 0.38099
-8.183 -0.564739 0.564739 0.000000 0.000000 -0.875610 0.944801 0.563467 0.563467 -0.876882 1.23656
-8.181 0.000000 0.000000 0.573560 0.573560 0.573560 0.573560 0.000000 0.000000 1.14712 0.811136
-8.179 -0.082241 0.527196 0.000000 0.000000 0.000000 0.000000 0.000000 0.000000 -0.082241 0.527196
-8.177 0.548396 0.548396 0.573560 0.573560 0.000000 0.000000 0.000000 0.000000 1.12196 0.793542
-8.175 0.000000 0.000000 -0.453938 0.524102 0.000000 0.000000 0.000000 0.000000 -0.453938 0.524102
-8.173 0.000000 0.000000 -0.265691 0.265691 0.000000 0.000000 -0.561253 0.561253 -0.826944 0.620964
-8.171 0.000000 0.000000 -0.112304 0.112304 0.425388 0.459017 0.000000 0.000000 0.313084 0.472556
-8.169 -0.574582 0.574582 0.000000 0.000000 -0.285650 0.285650 0.000000 0.000000 -0.860232 0.64167
-8.167 0.000000 0.000000 -0.017862 0.017862 0.000000 0.000000 0.115614 0.115614 0.097752 0.116986
-8.165 -0.571874 0.571874 0.276094 0.276094 0.000000 0.000000 0.000000 0.000000 -0.29578 0.635034
-8.163 0.000000 0.000000 0.162629 0.162629 0.000000 0.000000 0.000000 0.000000 0.162629 0.162629
-8.161 0.010216 0.802062 -0.091278 0.091278 0.000000 0.000000 0.000000 0.000000 -0.081062 0.807239
-8.159 -0.570216 0.570216 0.537635 0.537635 0.563381 0.563381 0.000000 0.000000 0.5308 0.965192
-8.157 0.000000 0.000000 0.000000 0.000000 0.000000 0.000000 0.000000 0.000000 0 0
-8.155 0.181266 0.181266 0.000000 0.000000 -0.538200 0.538200 0.000000 0.000000 -0.356934 0.567905
-8.153 -0.002917 0.810523 0.000000 0.000000 0.000000 0.000000 0.000000 0.000000 -0.002917 0.810523
-8.151 0.000000 0.000000 -0.113830 0.507139 0.000000 0.000000 0.000000 0.000000 -0.11383 0.507139
-8.149 -0.641339 0.578447 0.000000 0.000000 0.000000 0.000000 0.000000 0.000000 -0.641339 0.578447
-8.147 0.160821 0.160821 0.000000 0.000000 0.000000 0.000000 0.000000 0.000000 0.160821 0.160821
-8.145 0.000000 0.000000 0.750392 0.605967 0.000000 0.000000 0.000000 0.000000 0.750392 0.605967
-8.143 0.400153 0.400153 0.573560 0.573560 0.000000 0.000000 0.000000 0.000000 0.973713 0.699352
-8.141 -0.413135 0.413135 0.439783 0.439783 0.000000 0.000000 0.000000 0.000000 0.026648 0.603398
-8.139 -0.675049 0.583299 0.000000 0.000000 -0.387746 0.387746 0.000000 0.000000 -1.06279 0.700418
-8.137 0.079253 0.079253 0.000000 0.000000 0.000000 0.000000 0.000000 0.000000 0.079253 0.079253
-8.135 -0.148244 0.534569 0.000000 0.000000 0.000000 0.000000 0.000000 0.000000 -0.148244 0.534569
-8.133 0.000000 0.000000 0.391669 0.391669 0.000000 0.000000 0.000000 0.000000 0.391669 0.391669
-8.131 0.000000 0.000000 0.000000 0.000000 0.000000 0.000000 0.000000 0.000000 0 0
-8.129 -0.446666 0.446666 0.374441 0.374441 -0.001881 0.001881 0.000000 0.000000 -0.074106 0.582855
-8.127 0.000000 0.000000 0.530497 0.530497 -0.574583 0.574583 0.061861 0.546967 0.017775 0.95433
-8.125 -0.251993 0.501803 -0.141844 0.141844 0.196270 0.196270 0.000000 0.000000 -0.197567 0.557179
-8.123 0.468149 0.583166 0.000000 0.000000 0.000000 0.000000 0.000000 0.000000 0.468149 0.583166
-8.121 0.611995 0.574846 -0.295055 0.295055 0.573561 0.573561 0.000000 0.000000 0.890501 0.863989
-8.119 -0.729119 0.592499 0.000000 0.000000 0.100281 0.741668 0.000000 0.000000 -0.628838 0.949277
-8.117 0.557713 0.557713 0.000000 0.000000 -0.215439 0.215439 0.000000 0.000000 0.342274 0.597878
-8.115 0.036931 0.036931 0.967337 0.695724 0.000000 0.000000 0.000000 0.000000 1.00427 0.696704
-8.113 0.577749 0.463748 0.000000 0.000000 0.000000 0.000000 -0.417176 0.417176 0.160573 0.623777
-8.111 0.000000 0.000000 0.000000 0.000000 0.000000 0.000000 0.000000 0.000000 0 0
-8.109 -0.387769 0.604188 0.000000 0.000000 -0.103531 0.103531 0.000000 0.000000 -0.4913 0.612994
-8.107 -0.000635 0.000635 0.000000 0.000000 0.000000 0.000000 0.000000 0.000000 -0.000635 0.000635
-8.105 -0.574583 0.574583 0.000000 0.000000 0.000000 0.000000 0.000000 0.000000 -0.574583 0.574583
-8.103 0.000000 0.000000 0.240704 0.279366 -0.016759 0.800820 0.573560 0.573560 0.797505 1.02388
-8.101 -0.002094 0.248417 0.000000 0.000000 0.000000 0.000000 -0.379037 0.379037 -0.381131 0.453189
-8.099 1.147120 0.811136 0.000000 0.000000 -0.436246 0.436246 0.000000 0.000000 0.710874 0.921006
-8.097 -0.494155 0.545888 0.157081 0.157081 0.000000 0.000000 0.000000 0.000000 -0.337074 0.568039
-8.095 0.000000 0.000000 0.000000 0.000000 0.000000 0.000000 -0.317331 0.317331 -0.317331 0.317331
-8.093 0.000000 0.000000 0.000000 0.000000 0.127034 0.127034 0.000000 0.000000 0.127034 0.127034
-8.091 0.557823 0.557823 0.000000 0.000000 0.000000 0.000000 0.000000 0.000000 0.557823 0.557823
-8.089 -0.574582 0.574582 0.000000 0.000000 0.000000 0.000000 -0.182288 0.182288 -0.75687 0.602805
-8.087 0.512455 0.512455 0.150278 0.150278 -0.169266 0.169266 0.000000 0.000000 0.493467 0.560218
-8.085 0.000000 0.000000 0.000000 0.000000 0.099445 0.099445 0.000000 0.000000 0.099445 0.099445
-8.083 0.000000 0.000000 -0.564392 0.564392 0.000000 0.000000 0.000000 0.000000 -0.564392 0.564392
-8.081 0.386725 0.386725 0.368637 0.746113 0.000000 0.000000 0.000000 0.000000 0.755362 0.840381
-8.079 0.000000 0.000000 0.581959 0.791342 0.000000 0.000000 0.573561 0.573561 1.15552 0.97734
-8.077 0.219619 0.673803 -0.374770 0.374770 0.000000 0.000000 -0.121202 0.121202 -0.276353 0.780483
-8.075 0.279749 0.279749 0.000000 0.000000 0.000000 0.000000 0.000000 0.000000 0.279749 0.279749
-8.073 -0.562296 0.562296 0.000000 0.000000 0.000000 0.000000 0.000000 0.000000 -0.562296 0.562296
-8.071 -0.400080 0.600451 -0.048377 0.048377 0.000000 0.000000 0.000000 0.000000 -0.448457 0.602397
-8.069 0.000000 0.000000 0.000000 0.000000 0.000000 0.000000 -0.610625 0.575711 -0.610625 0.575711
-8.067 -0.423237 0.423237 1.060783 0.750095 0.000000 0.000000 0.000000 0.000000 0.637546 0.861262
-8.065 0.573561 0.573561 0.573560 0.573560 0.000000 0.000000 0.000000 0.000000 1.14712 0.811137
-8.063 0.456817 0.931607 0.479459 0.479459 0.000000 0.000000 0.000000 0.000000 0.936276 1.04775
-8.061 -0.426505 0.426505 0.358518 0.358518 0.559554 0.559554 0.000000 0.000000 0.491567 0.789647
-8.059 0.000000 0.000000 0.000000 0.000000 -0.411629 0.411629 0.000000 0.000000 -0.411629 0.411629
-8.057 0.101646 0.740872 -0.162937 0.129422 0.000000 0.000000 -0.051929 0.051929 -0.11322 0.753882
-8.055 0.000000 0.000000 -0.444780 0.444780 0.000000 0.000000 0.000000 0.000000 -0.44478 0.44478
-8.053 0.217360 0.219067 0.099746 0.099746 -0.574582 0.574582 0.000000 0.000000 -0.257476 0.622964
-8.051 -0.574583 0.574583 0.390906 0.390906 0.000000 0.000000 0.000000 0.000000 -0.183677 0.694948
-8.049 0.000000 0.000000 0.570852 0.570852 -0.017142 0.017142 0.054232 0.054232 0.607942 0.573678
-8.047 0.733241 0.808908 0.000000 0.000000 -0.574563 0.574563 0.000000 0.000000 0.158678 0.992197
-8.045 1.080903 0.760083 -0.571797 0.571797 0.000000 0.000000 -0.574582 0.574582 -0.065476 1.11123
-8.043 0.000000 0.000000 0.000000 0.000000 -0.236270 0.236270 0.000000 0.000000 -0.23627 0.23627
-8.041 0.444910 0.444910 -0.415766 0.415766 0.000000 0.000000 0.000000 0.000000 0.029144 0.608939
-8.039 0.010163 0.010163 0.012871 0.012871 0.156908 0.157285 0.000000 0.000000 0.179942 0.158138
-8.037 0.295636 0.295636 0.000000 0.000000 0.000000 0.000000 0.000000 0.000000 0.295636 0.295636
-8.035 0.000000 0.000000 0.000000 0.000000 0.000000 0.000000 -0.234690 0.234690 -0.23469 0.23469
-8.033 0.000000 0.000000 -0.558156 0.558156 -0.882921 0.631893 -0.058291 0.058291 -1.49937 0.845118
-8.031 0.054942 0.793646 -0.188398 0.188398 -1.210000 0.810555 -0.416454 0.416454 -1.75991 1.22303
-8.029 0.000000 0.000000 0.000000 0.000000 0.000000 0.000000 -0.429856 0.429856 -0.429856 0.429856
-8.027 0.390765 0.390765 0.000000 0.000000 0.000000 0.000000 -0.069664 0.069664 0.321101 0.396926
-8.025 0.000000 0.000000 0.000000 0.000000 -0.474253 0.474253 0.409177 0.409177 -0.065076 0.626372
-8.023 0.419768 0.320908 0.000000 0.000000 0.000000 0.000000 0.000000 0.000000 0.419768 0.320908
-8.021 -0.125555 0.125555 0.000000 0.000000 -0.246256 0.246256 -0.302506 0.302506 -0.674317 0.409775
-8.019 0.573561 0.573561 0.000000 0.000000 0.000000 0.000000 0.000000 0.000000 0.573561 0.573561
-8.017 0.000000 0.000000 -0.574582 0.574582 0.000000 0.000000 0.000000 0.000000 -0.574582 0.574582
-8.015 0.000000 0.000000 0.234720 0.234720 0.009827 0.009827 -0.565100 0.565100 -0.320553 0.611987
-8.013 0.273794 0.273794 -0.893902 0.632092 0.000000 0.000000 0.000000 0.000000 -0.620108 0.688842
-8.011 0.000000 0.000000 -0.545017 0.545017 0.000000 0.000000 0.000000 0.000000 -0.545017 0.545017
-8.009 0.000000 0.000000 0.099445 0.099445 -0.574582 0.574582 0.000000 0.000000 -0.475137 0.583124
-8.007 0.573561 0.573561 0.000000 0.000000 0.243710 0.243710 0.000000 0.000000 0.817271 0.623191
-8.005 0.000000 0.000000 -0.574582 0.574582 0.000000 0.000000 0.000000 0.000000 -0.574582 0.574582
-8.003 0.449517 0.449517 0.000000 0.000000 0.386725 0.386725 0.000000 0.000000 0.836242 0.592977
-8.001 -0.219479 0.219479 0.514128 0.514128 0.000000 0.000000 0.000000 0.000000 0.294649 0.559016
-7.999 -0.574583 0.574583 -0.449122 0.449122 0.182721 0.182721 0.358518 0.358518 -0.482466 0.832934
-7.997 -0.037798 0.037798 0.311180 0.311180 0.000000 0.000000 0.000000 0.000000 0.273382 0.313467
-7.995 0.000000 0.000000 -0.554914 0.554914 0.166682 0.166682 0.000000 0.000000 -0.388232 0.579407
-7.993 0.000000 0.000000 -0.449122 0.449122 -0.563115 0.574697 0.393639 0.393639 -0.618598 0.828818
-7.991 0.000000 0.000000 0.000000 0.000000 0.000000 0.000000 0.000000 0.000000 0 0
-7.989 -0.574582 0.574582 0.238601 0.238601 0.000000 0.000000 0.000000 0.000000 -0.335981 0.622153
-7.987 0.000000 0.000000 0.000000 0.000000 -0.359096 0.611896 0.513720 0.513720 0.154624 0.798952
-7.985 0.607539 0.832918 0.108817 0.108817 0.000000 0.000000 0.000000 0.000000 0.716356 0.839996
-7.983 0.000000 0.000000 -0.162706 0.703191 0.000000 0.000000 0.000000 0.000000 -0.162706 0.703191
-7.981 0.573561 0.573561 0.000000 0.000000 0.000000 0.000000 0.000000 0.000000 0.573561 0.573561
-7.979 -0.575604 0.994617 0.000000 0.000000 -0.574582 0.574582 0.000000 0.000000 -1.15019 1.14865
-7.977 0.000000 0.000000 0.000000 0.000000 0.000000 0.000000 0.000000 0.000000 0 0
-7.975 -0.556108 0.556108 -0.125856 0.125856 -0.300086 0.300086 0.000000 0.000000 -0.98205 0.644319
-7.973 0.443802 0.607205 -0.639942 0.576042 -0.463069 0.463069 -0.565083 0.565083 -1.22429 1.11098
-7.971 0.000000 0.000000 0.000000 0.000000 0.573560 0.573560 0.000000 0.000000 0.57356 0.57356
-7.969 0.000000 0.000000 0.000000 0.000000 0.000000 0.000000 0.006631 0.006631 0.006631 0.006631
-7.967 0.000000 0.000000 0.000000 0.000000 0.035563 0.035563 0.100016 0.100016 0.135579 0.10615
-7.965 -0.439864 0.353340 0.066595 0.066595 0.000000 0.000000 0.000000 0.000000 -0.373269 0.359561
-7.963 0.000000 0.000000 0.673396 0.789465 0.000000 0.000000 0.000000 0.000000 0.673396 0.789465
-7.961 0.000000 0.000000 -0.036391 0.036391 0.573561 0.573561 0.000000 0.000000 0.53717 0.574714
-7.959 0.000000 0.000000 -0.399996 0.399996 0.573561 0.573561 -0.565795 0.565795 -0.39223 0.899496
-7.957 -0.562224 0.562224 0.568810 0.568810 0.000000 0.000000 0.545037 0.545037 0.551623 0.967836
-7.955 0.000000 0.000000 0.000000 0.000000 0.000000 0.000000 0.000000 0.000000 0 0
-7.953 0.437407 0.437407 0.000000 0.000000 0.000000 0.000000 0.000000 0.000000 0.437407 0.437407
-7.951 -0.302505 0.302505 0.508958 0.508958 0.000000 0.000000 -0.571797 0.571797 -0.365344 0.823103
-7.949 0.543543 0.543543 -0.184687 0.184687 0.000000 0.000000 0.000000 0.000000 0.358856 0.574063
-7.947 0.000000 0.000000 0.000000 0.000000 0.592461 0.432594 0.000000 0.000000 0.592461 0.432594
-7.945 -0.017862 0.017862 0.000000 0.000000 -0.099172 0.099172 0.019720 0.019720 -0.097314 0.102679
-7.943 0.493123 0.579174 0.000000 0.000000 0.000000 0.000000 0.000000 0.000000 0.493123 0.579174
-7.941 0.573560 0.573560 -0.263124 0.263124 0.000000 0.000000 0.000000 0.000000 0.310436 0.631035
-7.939 0.000000 0.000000 0.000000 0.000000 -0.217657 0.217657 0.000000 0.000000 -0.217657 0.217657
-7.937 0.335896 0.472564 0.059329 0.059329 0.000000 0.000000 -0.162747 0.162747 0.232478 0.503312
-7.935 0.000000 0.000000 0.233420 0.778415 0.000000 0.000000 0.563859 0.327600 0.797279 0.844542
-7.933 -0.511077 0.511077 0.000000 0.000000 0.000000 0.000000 0.000000 0.000000 -0.511077 0.511077
-7.931 -0.210002 0.432017 0.000000 0.000000 1.301330 0.824215 0.000000 0.000000 1.09133 0.930575
-7.929 0.000000 0.000000 0.573560 0.573560 0.517174 0.517174 0.000000 0.000000 1.09073 0.772295
-7.927 0.000000 0.000000 0.302405 0.302405 0.000000 0.000000 0.551831 0.567261 0.854236 0.642833
-7.925 0.006631 0.006631 0.000431 0.808948 0.000615 0.000615 0.000000 0.000000 0.007677 0.808975
-7.923 0.000000 0.000000 -0.440981 0.440981 0.000000 0.000000 -0.474054 0.474054 -0.915035 0.64745
-7.921 0.000000 0.000000 -0.450281 0.450281 0.448402 0.448402 0.000000 0.000000 -0.001879 0.635466
-7.919 0.000000 0.000000 0.000000 0.000000 0.309659 0.309659 0.009561 0.009561 0.31922 0.309807
-7.917 0.000000 0.000000 0.016840 0.016840 -0.132618 0.687149 0.000000 0.000000 -0.115778 0.687355
-7.915 0.000000 0.000000 0.358819 0.358819 0.000000 0.000000 0.000000 0.000000 0.358819 0.358819
-7.913 0.000000 0.000000 0.420677 0.420677 0.000000 0.000000 0.000000 0.000000 0.420677 0.420677
-7.911 -0.359841 0.359841 -0.574582 0.574582 -0.035311 0.035311 0.000000 0.000000 -0.969734 0.678879
-7.909 0.000000 0.000000 0.526515 0.526515 0.000000 0.000000 0.000000 0.000000 0.526515 0.526515
-7.907 -0.761865 0.657072 0.000000 0.000000 0.000000 0.000000 0.000000 0.000000 -0.761865 0.657072
-7.905 0.287257 0.287257 0.000000 0.000000 0.000000 0.000000 0.000000 0.000000 0.287257 0.287257
-7.903 0.000000 0.000000 0.000000 0.000000 0.000000 0.000000 0.000000 0.000000 0 0
-7.901 0.299316 0.299316 -0.141658 0.141658 0.000000 0.000000 0.000000 0.000000 0.157658 0.331145
-7.899 -0.417176 0.417176 0.000000 0.000000 0.000000 0.000000 0.000000 0.000000 -0.417176 0.417176
-7.897 0.000000 0.000000 0.000000 0.000000 -0.104809 0.104809 0.000000 0.000000 -0.104809 0.104809
-7.895 0.000000 0.000000 -0.265619 0.265619 0.573560 0.573560 0.000000 0.000000 0.307941 0.63208
-7.893 0.533011 0.533011 0.001251 0.810252 0.000000 0.000000 0.000000 0.000000 0.534262 0.96985
-7.891 -0.129897 0.129897 0.000000 0.000000 0.000000 0.000000 -0.526562 0.526562 -0.656459 0.542347
-7.889 0.000000 0.000000 0.331961 0.548810 -0.354294 0.354294 0.000000 0.000000 -0.022333 0.653236
-7.887 -0.574583 0.574583 0.000000 0.000000 0.000000 0.000000 -0.573637 0.573637 -1.14822 0.811914
-7.885 0.538763 0.543146 0.573560 0.573560 0.000000 0.000000 0.000000 0.000000 1.11232 0.789923
-7.883 0.000000 0.000000 0.557627 0.557627 0.000000 0.000000 0.000000 0.000000 0.557627 0.557627
-7.881 0.000000 0.000000 -0.129897 0.129897 0.000000 0.000000 0.000000 0.000000 -0.129897 0.129897
-7.879 0.000000 0.000000 -0.503001 0.503001 0.000000 0.000000 0.000000 0.000000 -0.503001 0.503001
-7.877 0.560931 0.560931 0.501130 0.501130 -0.505715 0.505715 0.000000 0.000000 0.556346 0.906379
-7.875 -0.463069 0.463069 0.432613 0.432613 0.000000 0.000000 0.000000 0.000000 -0.030456 0.633709
-7.873 0.000000 0.000000 0.295892 0.616113 0.000000 0.000000 0.000000 0.000000 0.295892 0.616113
-7.871 0.000000 0.000000 0.437845 0.559783 0.234771 0.234771 0.000000 0.000000 0.672616 0.607021
-7.869 -0.700089 0.498596 1.084262 0.767976 0.000000 0.000000 0.000000 0.000000 0.384173 0.915634
-7.867 0.000000 0.000000 0.000000 0.000000 1.114572 0.788121 0.000000 0.000000 1.11457 0.788121
-7.865 0.000000 0.000000 0.000000 0.000000 -0.563696 0.563696 -0.471895 0.471895 -1.03559 0.735145
-7.863 0.000000 0.000000 0.128323 0.128323 0.000000 0.000000 0.000000 0.000000 0.128323 0.128323
-7.861 -0.245184 0.245184 0.372964 0.372964 0.475169 0.475169 -0.387747 0.387747 0.215202 0.758519
-7.859 0.573561 0.573561 0.296539 0.296539 0.000000 0.000000 0.000000 0.000000 0.8701 0.645684
-7.857 0.219362 0.219362 -0.392088 0.392088 0.043263 0.781144 0.000000 0.000000 -0.129463 0.901132
-7.855 0.000000 0.000000 0.147057 0.714758 0.009862 0.009862 0.000000 0.000000 0.156919 0.714826
-7.853 -0.554914 0.554914 0.000000 0.000000 -0.322639 0.322639 0.000000 0.000000 -0.877553 0.641892
-7.851 -0.594674 0.424030 0.123249 0.123249 0.000000 0.000000 -0.115649 0.115649 -0.587074 0.456472
-7.849 0.000000 0.000000 0.000000 0.000000 -0.311919 0.630875 0.000000 0.000000 -0.311919 0.630875
-7.847 -0.293671 0.767065 -1.127484 0.679540 0.000000 0.000000 0.000000 0.000000 -1.42115 1.02477
-7.845 -0.400596 0.626546 0.000000 0.000000 0.383345 0.383345 0.000000 0.000000 -0.017251 0.734516
-7.843 0.000000 0.000000 0.000000 0.000000 0.000000 0.000000 0.416154 0.416154 0.416154 0.416154
-7.841 0.000000 0.000000 -0.413524 0.413524 0.000000 0.000000 0.000000 0.000000 -0.413524 0.413524
-7.839 0.223223 0.223223 0.000000 0.000000 0.101069 0.101069 0.143062 0.724399 0.467354 0.76472
-7.837 0.000000 0.000000 0.000000 0.000000 0.000000 0.000000 0.127305 0.127305 0.127305 0.127305
-7.835 0.000000 0.000000 -0.105356 0.325614 -0.370006 0.459252 0.000000 0.000000 -0.475362 0.562971
-7.833 0.462620 0.444159 0.000000 0.000000 0.000000 0.000000 0.000000 0.000000 0.46262 0.444159
-7.831 -0.330109 0.330109 -0.429407 0.592640 0.000000 0.000000 -0.251131 0.251131 -1.01065 0.723368
-7.829 0.000000 0.000000 -0.467288 0.467288 0.000000 0.000000 0.000000 0.000000 -0.467288 0.467288
-7.827 0.000000 0.000000 -0.215156 0.215156 0.000000 0.000000 0.000000 0.000000 -0.215156 0.215156
-7.825 0.000000 0.000000 -0.574582 0.574582 0.000000 0.000000 0.000000 0.000000 -0.574582 0.574582
-7.823 0.393658 0.393658 0.000000 0.000000 0.000000 0.000000 0.000000 0.000000 0.393658 0.393658
-7.821 -0.558745 0.573433 0.000000 0.000000 0.000000 0.000000 0.434277 0.434277 -0.124468 0.71932
-7.819 0.000000 0.000000 0.000000 0.000000 -0.512107 0.913412 0.000000 0.000000 -0.512107 0.913412
-7.817 0.000000 0.000000 0.275853 0.275853 0.573560 0.573560 0.000000 0.000000 0.849413 0.636448
-7.815 0.000000 0.000000 0.000000 0.000000 0.103787 0.103787 0.000000 0.000000 0.103787 0.103787
-7.813 0.059579 0.059579 0.000000 0.000000 0.000000 0.000000 0.000000 0.000000 0.059579 0.059579
-7.811 0.000000 0.000000 0.573560 0.573560 0.474106 0.474106 0.016840 0.016840 1.06451 0.744333
-7.809 0.000000 0.000000 0.000000 0.000000 0.573560 0.573560 0.000000 0.000000 0.57356 0.57356
-7.807 0.000000 0.000000 0.000000 0.000000 0.000000 0.000000 0.000000 0.000000 0 0
-7.805 0.560801 0.560801 -0.819450 0.624584 -0.574582 0.574582 -0.571840 0.571840 -1.40507 1.16694
-7.803 0.000000 0.000000 0.000000 0.000000 0.000000 0.000000 0.000000 0.000000 0 0
-7.801 0.000000 0.000000 0.000000 0.000000 0.000000 0.000000 0.000000 0.000000 0 0
-7.799 0.000000 0.000000 -0.334957 0.334957 -0.548133 0.548133 -0.297583 0.637865 -1.18067 0.905272
-7.797 -0.030750 0.030750 0.418372 0.418372 0.000000 0.000000 -0.499699 0.499699 -0.112077 0.652441
-7.795 0.000000 0.000000 0.000000 0.000000 -0.225337 0.225337 0.000000 0.000000 -0.225337 0.225337
-7.793 0.548396 0.548396 0.128875 0.128875 -0.470838 0.470838 0.000000 0.000000 0.206433 0.73419
-7.791 1.038750 0.737225 -0.308296 0.648848 0.000000 0.000000 0.147964 0.147964 0.878418 0.993176
-7.789 0.047054 0.047054 0.045328 0.045328 0.000000 0.000000 0.000000 0.000000 0.092382 0.0653353
-7.787 0.000000 0.000000 -0.145797 0.607833 0.000000 0.000000 0.000000 0.000000 -0.145797 0.607833
-7.785 0.000000 0.000000 0.000000 0.000000 0.112037 0.112037 0.000000 0.000000 0.112037 0.112037
-7.783 0.000000 0.000000 0.376744 0.633343 0.000000 0.000000 0.000000 0.000000 0.376744 0.633343
-7.781 0.000000 0.000000 0.000000 0.000000 -0.121390 0.731797 0.000000 0.000000 -0.12139 0.731797
-7.779 0.000000 0.000000 -0.330110 0.330110 0.000000 0.000000 0.148450 0.534083 -0.18166 0.627867
-7.777 0.066441 0.129259 0.000000 0.000000 0.000000 0.000000 0.000000 0.000000 0.066441 0.129259
-7.775 0.000000 0.000000 0.000000 0.000000 0.000000 0.000000 -0.574583 0.574583 -0.574583 0.574583
-7.773 1.142231 0.807687 0.155459 0.155459 0.000000 0.000000 0.246946 0.246946 1.54464 0.858783
-7.771 0.208658 0.192556 0.000000 0.000000 -0.244869 0.244869 0.000000 0.000000 -0.036211 0.31151
-7.769 0.067499 0.067499 0.000000 0.000000 0.000000 0.000000 0.000000 0.000000 0.067499 0.067499
-7.767 0.059579 0.059579 0.573561 0.573561 0.000000 0.000000 0.000000 0.000000 0.63314 0.576647
-7.765 0.000000 0.000000 0.000000 0.000000 0.000000 0.000000 0.000000 0.000000 0 0
-7.763 0.000000 0.000000 -0.516029 0.516029 0.001172 0.001172 -0.076136 0.076136 -0.590993 0.521617
-7.761 -0.306670 0.306670 0.326078 0.865558 0.000000 0.000000 0.000000 0.000000 0.019408 0.918279
-7.759 0.000000 0.000000 0.391368 0.391368 -0.615938 0.447043 0.000000 0.000000 -0.22457 0.594152
-7.757 0.000000 0.000000 0.214417 0.214417 0.000000 0.000000 0.296840 0.296840 0.511257 0.366181
-7.755 0.000000 0.000000 0.071841 0.071841 0.000000 0.000000 0.553762 0.553762 0.625603 0.558403
-7.753 0.573297 0.573297 0.000000 0.000000 0.573561 0.573561 -0.574582 0.574582 0.572276 0.993874
-7.751 0.000000 0.000000 -0.267491 0.287814 0.234720 0.234720 -0.114382 0.114382 -0.147153 0.388605
-7.749 0.573560 0.573560 0.000000 0.000000 0.000000 0.000000 0.000000 0.000000 0.57356 0.57356
-7.747 0.000000 0.000000 0.000000 0.000000 0.000000 0.000000 0.000000 0.000000 0 0
-7.745 -0.574582 0.574582 0.521667 0.521667 -0.079042 0.119896 0.000000 0.000000 -0.131957 0.785274
-7.743 -0.574582 0.574582 0.723128 0.578577 0.445343 0.445343 -0.533166 0.533166 0.060723 1.07121
-7.741 0.000000 0.000000 -0.574503 0.574503 -0.574583 0.574583 0.054232 0.054232 -1.09485 0.814334
-7.739 0.000000 0.000000 0.000000 0.000000 0.000000 0.000000 0.000000 0.000000 0 0
-7.737 0.000000 0.000000 1.079337 0.764710 0.000000 0.000000 -0.528621 0.528621 0.550716 0.929635
-7.735 0.045328 0.045328 0.000000 0.000000 0.000000 0.000000 0.000000 0.000000 0.045328 0.045328
-7.733 0.000000 0.000000 -0.011185 0.011185 -0.511174 0.511174 0.000000 0.000000 -0.522359 0.511296
-7.731 0.573561 0.573561 0.136840 0.720900 0.573560 0.573560 0.673005 0.582117 1.95697 1.23146
-7.729 0.709006 0.503409 -1.064482 0.768596 0.000000 0.000000 -0.183191 0.183191 -0.538667 0.936867
-7.727 -0.466771 0.466771 0.000000 0.000000 0.000000 0.000000 0.000000 0.000000 -0.466771 0.466771
-7.725 0.000000 0.000000 0.000000 0.000000 -0.303195 0.303195 0.000000 0.000000 -0.303195 0.303195
-7.723 0.000000 0.000000 0.000000 0.000000 -0.462171 0.462171 -0.239924 0.239924 -0.702095 0.520736
-7.721 -0.934132 0.677806 0.000000 0.000000 0.000000 0.000000 0.000000 0.000000 -0.934132 0.677806
-7.719 0.000000 0.000000 -0.001023 0.811859 0.369730 0.699548 0.000000 0.000000 0.368707 1.07167
-7.717 -0.470097 0.470097 0.000000 0.000000 -0.574582 0.574582 0.000000 0.000000 -1.04468 0.742385
-7.715 0.000000 0.000000 0.443362 0.588152 -0.330411 0.330411 0.000000 0.000000 0.112951 0.674607
-7.713 0.176648 0.176648 0.000000 0.000000 -0.251131 0.251131 0.000000 0.000000 -0.074483 0.307036
-7.711 0.000000 0.000000 0.000000 0.000000 0.573561 0.573561 0.000000 0.000000 0.573561 0.573561
-7.709 0.573561 0.573561 0.000000 0.000000 0.000000 0.000000 0.000000 0.000000 0.573561 0.573561
-7.707 0.000000 0.000000 -0.565101 0.565101 0.000000 0.000000 0.000000 0.000000 -0.565101 0.565101
-7.705 0.000000 0.000000 0.573560 0.573560 0.000000 0.000000 0.000000 0.000000 0.57356 0.57356
-7.703 0.420677 0.420677 -0.140780 0.266073 -0.540053 0.540053 0.000000 0.000000 -0.260156 0.734453
-7.701 0.573560 0.573560 0.000000 0.000000 0.000000 0.000000 0.631125 0.514297 1.20469 0.770372
-7.699 0.573561 0.573561 -0.351333 0.331073 0.000000 0.000000 0.573561 0.573561 0.795789 0.876101
-7.697 0.000000 0.000000 0.413155 0.592733 0.000000 0.000000 -0.541122 0.526112 -0.127967 0.792544
-7.695 -0.215137 0.215137 0.068834 0.068834 0.572865 0.572865 0.000000 0.000000 0.426562 0.615789
-7.693 -0.198183 0.198183 0.000000 0.000000 0.000000 0.000000 0.000000 0.000000 -0.198183 0.198183
-7.691 0.000000 0.000000 0.000000 0.000000 0.000000 0.000000 -0.385638 0.385638 -0.385638 0.385638
-7.689 0.000000 0.000000 0.000000 0.000000 0.838396 0.617454 0.000000 0.000000 0.838396 0.617454
-7.687 0.000000 0.000000 0.000000 0.000000 0.000000 0.000000 0.397775 0.397775 0.397775 0.397775
-7.685 -0.507038 0.507038 0.402968 0.286365 -0.560227 0.560227 0.000000 0.000000 -0.664297 0.808051
-7.683 0.000000 0.000000 0.000000 0.000000 0.000000 0.000000 0.000000 0.000000 0 0
-7.681 0.000000 0.000000 0.000000 0.000000 0.000000 0.000000 0.000000 0.000000 0 0
-7.679 -0.004804 0.004804 -0.574582 0.574582 0.000000 0.000000 0.000000 0.000000 -0.579386 0.574602
-7.677 0.000000 0.000000 -0.543044 0.543044 0.339907 0.339907 0.000000 0.000000 -0.203137 0.640651
-7.675 -0.574582 0.574582 0.000000 0.000000 0.000000 0.000000 0.000000 0.000000 -0.574582 0.574582
-7.673 0.000000 0.000000 0.000000 0.000000 0.563038 0.563038 0.570346 0.570346 1.13338 0.80144
-7.671 0.000000 0.000000 -0.370421 0.370421 -0.247415 0.247415 0.000000 0.000000 -0.617836 0.44545
-7.669 0.000000 0.000000 0.000000 0.000000 0.000000 0.000000 0.000000 0.000000 0 0
-7.667 0.000000 0.000000 0.885562 0.627048 0.000000 0.000000 0.000000 0.000000 0.885562 0.627048
-7.665 -0.411629 0.411629 0.573561 0.573561 0.000000 0.000000 0.000000 0.000000 0.161932 0.705982
-7.663 0.118312 0.597882 0.000000 0.000000 0.000000 0.000000 0.000000 0.000000 0.118312 0.597882
-7.661 -0.458509 0.458509 0.000000 0.000000 0.000000 0.000000 0.000000 0.000000 -0.458509 0.458509
-7.659 0.000000 0.000000 0.000000 0.000000 0.573561 0.573561 0.000000 0.000000 0.573561 0.573561
-7.657 0.000000 0.000000 0.539044 0.539044 0.000000 0.000000 0.000000 0.000000 0.539044 0.539044
-7.655 0.000000 0.000000 0.326958 0.326958 0.000000 0.000000 -0.070109 0.070109 0.256849 0.33439
-7.653 -0.574582 0.574582 0.000000 0.000000 0.000000 0.000000 0.000000 0.000000 -0.574582 0.574582
-7.651 0.340002 0.340002 0.573560 0.573560 0.000000 0.000000 0.000000 0.000000 0.913562 0.666763
-7.649 0.000000 0.000000 0.000000 0.000000 0.498678 0.498678 0.000000 0.000000 0.498678 0.498678
-7.647 -0.574582 0.574582 0.560091 0.560091 0.000000 0.000000 -0.473718 0.932576 -0.488209 1.23026
-7.645 0.000000 0.000000 0.000000 0.000000 0.553517 0.553517 0.410608 0.410608 0.964125 0.689188
-7.643 0.000000 0.000000 -0.272566 0.272566 -0.574582 0.574582 -0.008609 0.008609 -0.855757 0.636012
-7.641 0.000000 0.000000 0.000000 0.000000 0.000000 0.000000 -0.058304 0.080849 -0.058304 0.080849
-7.639 0.000000 0.000000 0.000000 0.000000 0.000000 0.000000 0.000000 0.000000 0 0
-7.637 0.000000 0.000000 0.390765 0.390765 0.000000 0.000000 0.010416 0.010416 0.401181 0.390904
-7.635 0.000000 0.000000 0.000000 0.000000 0.000000 0.000000 0.000000 0.000000 0 0
-7.633 -1.031993 0.734418 -0.561244 0.561244 0.000000 0.000000 0.000000 0.000000 -1.59324 0.924318
-7.631 0.000000 0.000000 0.000000 0.000000 0.123625 0.480765 0.000000 0.000000 0.123625 0.480765
-7.629 -0.574582 0.574582 0.000000 0.000000 0.000000 0.000000 0.000000 0.000000 -0.574582 0.574582
-7.627 0.000000 0.000000 0.573561 0.573561 0.000000 0.000000 0.000000 0.000000 0.573561 0.573561
-7.625 0.000000 0.000000 -0.051929 0.051929 0.000000 0.000000 0.000000 0.000000 -0.051929 0.051929
-7.623 -0.224649 0.191950 0.000000 0.000000 0.333336 0.621836 0.000000 0.000000 0.108687 0.650788
-7.621 0.000000 0.000000 0.000000 0.000000 -0.554716 0.554716 0.000000 0.000000 -0.554716 0.554716
-7.619 0.232936 0.667080 0.000000 0.000000 0.000000 0.000000 0.000000 0.000000 0.232936 0.66708
-7.617 0.000000 0.000000 -0.142430 0.494953 -0.123870 0.123870 0.000000 0.000000 -0.2663 0.510218
-7.615 -0.574581 0.574581 0.000000 0.000000 0.000000 0.000000 0.000000 0.000000 -0.574581 0.574581
-7.613 0.000000 0.000000 0.000000 0.000000 0.000000 0.000000 0.000000 0.000000 0 0
-7.611 0.457963 0.372054 0.449517 0.449517 0.000000 0.000000 0.000000 0.000000 0.90748 0.583515
-7.609 -0.421025 0.421025 0.000000 0.000000 0.278593 0.278593 -0.181298 0.318627 -0.32373 0.596992
-7.607 -0.643156 0.683639 0.557713 0.557713 0.000000 0.000000 0.000000 0.000000 -0.085443 0.882273
-7.605 -0.789720 0.613538 0.000000 0.000000 -0.155315 0.155315 0.000000 0.000000 -0.945035 0.632891
-7.603 0.000000 0.000000 0.000000 0.000000 0.573560 0.573560 0.000000 0.000000 0.57356 0.57356
-7.601 -0.110748 0.080295 0.000000 0.000000 0.475304 0.475304 0.000000 0.000000 0.364556 0.482039
-7.599 0.000000 0.000000 0.000000 0.000000 0.745997 0.592915 0.000000 0.000000 0.745997 0.592915
-7.597 -0.528131 0.528131 -0.511292 0.511292 0.017632 0.017632 0.000000 0.000000 -1.02179 0.735291
-7.595 -0.574582 0.574582 -0.359550 0.359550 0.000000 0.000000 0.000000 0.000000 -0.934132 0.677806
-7.593 0.000000 0.000000 0.000000 0.000000 0.000000 0.000000 0.000000 0.000000 0 0
-7.591 0.214417 0.214417 0.000000 0.000000 0.000000 0.000000 0.000000 0.000000 0.214417 0.214417
-7.589 0.000000 0.000000 0.479459 0.479459 -0.162747 0.162747 0.157082 0.157082 0.473794 0.530134
-7.587 0.000000 0.000000 0.563038 0.563038 0.000000 0.000000 0.000000 0.000000 0.563038 0.563038
-7.585 0.000000 0.000000 0.573561 0.573561 0.000000 0.000000 0.000000 0.000000 0.573561 0.573561
-7.583 0.465234 0.465234 0.000000 0.000000 0.287363 0.287363 0.000000 0.000000 0.752597 0.546827
-7.581 0.000000 0.000000 -0.230665 0.418356 0.000000 0.000000 0.000000 0.000000 -0.230665 0.418356
-7.579 0.000000 0.000000 0.000000 0.000000 -0.153132 0.153132 0.000000 0.000000 -0.153132 0.153132
-7.577 0.000000 0.000000 1.127325 0.797262 0.000000 0.000000 0.000000 0.000000 1.12732 0.797262
-7.575 1.101903 0.689198 -0.574582 0.574582 1.147121 0.811137 0.000000 0.000000 1.67444 1.20958
-7.573 0.000000 0.000000 0.542063 0.542063 0.000000 0.000000 0.573560 0.573560 1.11562 0.789179
-7.571 0.554682 0.568844 0.019341 0.019341 0.000000 0.000000 0.000000 0.000000 0.574023 0.569173
-7.569 -0.466771 0.466771 0.000000 0.000000 -0.350609 0.350609 0.876097 0.648460 0.058717 0.872526
-7.567 0.243769 0.243769 0.559397 0.559397 0.000000 0.000000 -0.068219 0.068219 0.734947 0.614005
-7.565 -0.343363 0.352744 0.000000 0.000000 0.000000 0.000000 0.000000 0.000000 -0.343363 0.352744
-7.563 0.176330 0.176330 0.000000 0.000000 -0.573555 0.573555 0.000000 0.000000 -0.397225 0.600048
-7.561 0.507208 0.507208 0.573561 0.573561 0.000000 0.000000 0.000000 0.000000 1.08077 0.765658
-7.559 -0.353814 0.353814 0.239204 0.239204 1.085186 0.768591 0.000000 0.000000 0.970576 0.879281
-7.557 0.000000 0.000000 -0.221700 0.460703 0.000000 0.000000 0.000000 0.000000 -0.2217 0.460703
-7.555 0.000000 0.000000 0.573560 0.573560 0.000000 0.000000 0.570023 0.570023 1.14358 0.808639
-7.553 0.000000 0.000000 0.000000 0.000000 0.000000 0.000000 0.000000 0.000000 0 0
-7.551 0.000000 0.000000 0.014204 0.014204 0.573561 0.573561 0.000000 0.000000 0.587765 0.573737
-7.549 0.328428 0.623402 0.000000 0.000000 -0.073289 0.625917 0.291216 0.279984 0.546355 0.926711
-7.547 0.543640 0.543640 0.000000 0.000000 0.000000 0.000000 0.000000 0.000000 0.54364 0.54364
-7.545 0.000000 0.000000 0.000000 0.000000 0.000000 0.000000 -0.450539 0.450539 -0.450539 0.450539
-7.543 0.440590 0.440590 0.573561 0.573561 0.000000 0.000000 -0.223946 0.223946 0.790205 0.757129
-7.541 0.000000 0.000000 0.000000 0.000000 0.000000 0.000000 0.000000 0.000000 0 0
-7.539 0.521667 0.521667 0.543859 0.543859 -0.041010 0.041010 0.000000 0.000000 1.02452 0.754719
-7.537 0.000000 0.000000 -0.062924 0.062924 -0.574583 0.574583 0.000000 0.000000 -0.637507 0.578018
-7.535 0.547151 0.547151 0.000000 0.000000 0.000000 0.000000 0.000000 0.000000 0.547151 0.547151
-7.533 0.000000 0.000000 0.000000 0.000000 -0.574582 0.574582 0.000000 0.000000 -0.574582 0.574582
-7.531 -0.107986 0.451126 -0.574583 0.574583 0.000000 0.000000 0.000000 0.000000 -0.682569 0.730521
-7.529 -0.510862 0.510862 0.573560 0.573560 0.000000 0.000000 0.000000 0.000000 0.062698 0.768083
-7.527 0.000000 0.000000 -0.374770 0.374770 0.386725 0.386725 0.000000 0.000000 0.011955 0.538525
-7.525 0.104992 0.104992 0.000000 0.000000 0.000000 0.000000 0.000000 0.000000 0.104992 0.104992
-7.523 0.000000 0.000000 0.000000 0.000000 0.000000 0.000000 0.000000 0.000000 0 0
-7.521 0.000000 0.000000 -0.359539 0.359539 0.000000 0.000000 0.000000 0.000000 -0.359539 0.359539
-7.519 0.000000 0.000000 0.493043 0.503062 -0.184799 0.184799 0.000000 0.000000 0.308244 0.535931
-7.517 0.940919 0.675787 -0.574582 0.574582 0.000000 0.000000 0.000000 0.000000 0.366337 0.887036
-7.515 0.058750 0.058750 0.000000 0.000000 -0.047775 0.047775 0.000000 0.000000 0.010975 0.0757233
-7.513 0.000000 0.000000 0.000000 0.000000 -0.049815 0.049815 -0.463228 0.463228 -0.513043 0.465899
-7.511 -0.007936 0.007936 0.391066 0.391066 0.000000 0.000000 -0.421317 0.421317 -0.038187 0.574894
-7.509 -0.162747 0.162747 -0.026518 0.678428 0.000000 0.000000 -0.279610 0.279610 -0.468875 0.75162
-7.507 0.929445 0.674066 -0.574582 0.574582 -0.416454 0.416454 0.000000 0.000000 -0.061591 0.978746
-7.505 0.000000 0.000000 0.000000 0.000000 -0.125555 0.125555 0.000000 0.000000 -0.125555 0.125555
-7.503 0.000000 0.000000 -0.335959 0.335959 0.571976 0.571976 0.000000 0.000000 0.236017 0.663344
-7.501 0.000000 0.000000 0.000000 0.000000 0.572189 0.572189 0.000000 0.000000 0.572189 0.572189
-7.499 0.000000 0.000000 0.000000 0.000000 0.000000 0.000000 0.296840 0.296840 0.29684 0.29684
-7.497 0.377821 0.630517 0.000000 0.000000 0.000000 0.000000 0.537379 0.537379 0.9152 0.828449
-7.495 0.000000 0.000000 0.248585 0.248585 0.000000 0.000000 -0.642500 0.578582 -0.393915 0.629723
-7.493 0.421094 0.421094 0.053097 0.053097 0.573561 0.573561 0.128875 0.128875 1.17663 0.725066
-7.491 -0.573250 0.573250 0.564079 0.564079 0.573560 0.573560 -0.393618 0.602406 0.170771 1.15701
-7.489 0.000000 0.000000 1.093496 0.774040 0.000000 0.000000 -0.573249 0.573249 0.520247 0.963199
-7.487 0.000000 0.000000 0.066595 0.066595 0.042336 0.791323 0.428397 0.428397 0.537328 0.902303
-7.485 0.000000 0.000000 1.117576 0.753586 -0.130198 0.130198 0.000000 0.000000 0.987378 0.764751
-7.483 0.000000 0.000000 0.000000 0.000000 0.000000 0.000000 0.000000 0.000000 0 0
-7.481 0.000000 0.000000 0.000000 0.000000 0.000000 0.000000 0.000000 0.000000 0 0
-7.479 0.339688 0.339688 0.316280 0.316280 0.000000 0.000000 0.000000 0.000000 0.655968 0.464135
-7.477 0.000000 0.000000 -0.220685 0.220685 0.000000 0.000000 1.147121 0.811137 0.926436 0.840622
-7.475 0.232208 0.580240 0.000000 0.000000 0.000000 0.000000 0.000000 0.000000 0.232208 0.58024
-7.473 1.131014 0.799829 0.000000 0.000000 0.573537 0.573537 -0.503001 0.503001 1.20155 1.1053
-7.471 0.136148 0.721320 0.875043 0.647968 0.000000 0.000000 0.386725 0.386725 1.39792 1.0439
-7.469 0.000000 0.000000 0.000000 0.000000 0.014656 0.800841 0.570544 0.570544 0.5852 0.983294
-7.467 0.000000 0.000000 0.000000 0.000000 0.000000 0.000000 0.000000 0.000000 0 0
-7.465 0.128875 0.128875 0.235454 0.648541 -0.671936 0.920421 0.501130 0.501130 0.193523 1.23916
-7.463 0.000000 0.000000 -1.103301 0.780383 0.000000 0.000000 0.000000 0.000000 -1.1033 0.780383
-7.461 0.287082 0.287082 0.000000 0.000000 -0.009980 0.009980 0.000000 0.000000 0.277102 0.287255
-7.459 0.000000 0.000000 0.179183 0.696064 0.000000 0.000000 -0.757472 0.602987 -0.578289 0.920923
-7.457 0.000000 0.000000 0.243967 0.526154 0.466760 0.466760 0.000000 0.000000 0.710727 0.703351
-7.455 0.000000 0.000000 0.307160 0.453631 0.000000 0.000000 0.000000 0.000000 0.30716 0.453631
-7.453 0.000000 0.000000 0.000000 0.000000 0.166738 0.166738 0.000000 0.000000 0.166738 0.166738
-7.451 0.000000 0.000000 0.000000 0.000000 -0.295055 0.295055 0.000000 0.000000 -0.295055 0.295055
-7.449 -0.419032 0.419032 0.000000 0.000000 0.565622 0.565622 0.000000 0.000000 0.14659 0.703929
-7.447 0.004975 0.004975 0.000000 0.000000 -0.017065 0.017065 0.553892 0.553892 0.541802 0.554177
-7.445 0.000000 0.000000 0.033628 0.392767 -0.561199 0.561199 0.000000 0.000000 -0.527571 0.684989
-7.443 0.196904 0.196904 -0.403282 0.394768 0.000000 0.000000 0.000000 0.000000 -0.206378 0.44115
-7.441 0.000000 0.000000 0.000000 0.000000 0.000000 0.000000 0.516760 0.516760 0.51676 0.51676
-7.439 0.000000 0.000000 -0.551657 0.551657 0.000000 0.000000 0.000000 0.000000 -0.551657 0.551657
-7.437 0.000000 0.000000 -0.392691 0.392691 0.401537 0.401537 0.226847 0.226847 0.235693 0.605721
-7.435 0.000000 0.000000 0.000000 0.000000 -0.565376 0.565376 0.573561 0.573561 0.008185 0.805371
-7.433 0.000000 0.000000 0.000000 0.000000 -0.296912 0.296912 0.000000 0.000000 -0.296912 0.296912
-7.431 0.000000 0.000000 -0.530719 0.530719 0.000000 0.000000 0.000000 0.000000 -0.530719 0.530719
-7.429 0.000000 0.000000 0.840556 0.824273 0.275853 0.275853 0.000000 0.000000 1.11641 0.869207
-7.427 -0.571884 0.571884 0.477048 0.580118 0.060278 0.143506 0.000000 0.000000 -0.034558 0.827153
-7.425 0.354477 0.354477 0.000000 0.000000 0.487591 0.353736 0.000000 0.000000 0.842068 0.500782
-7.423 0.329962 0.329962 -0.387746 0.387746 -0.312345 0.312345 1.351844 0.813752 0.981715 1.00944
-7.421 0.000000 0.000000 0.000000 0.000000 1.147121 0.811137 0.000000 0.000000 1.14712 0.811137
-7.419 0.000000 0.000000 -0.215156 0.215156 -0.574582 0.574582 0.453318 0.525980 -0.33642 0.808141
-7.417 0.555114 0.555114 0.000000 0.000000 0.294033 0.294033 0.000000 0.000000 0.849147 0.628177
-7.415 0.000000 0.000000 -0.358616 0.610356 0.000000 0.000000 0.000000 0.000000 -0.358616 0.610356
-7.413 -0.465765 0.584795 0.000000 0.000000 0.394656 0.511057 0.210942 0.210942 0.139833 0.804774
-7.411 0.000000 0.000000 -0.574581 0.574581 0.000000 0.000000 -0.526562 0.526562 -1.10114 0.779366
-7.409 0.571592 0.573563 0.000000 0.000000 0.000000 0.000000 -0.121707 0.675260 0.449885 0.885974
-7.407 0.154035 0.688115 0.000000 0.000000 0.000000 0.000000 -0.404971 0.404971 -0.250936 0.798438
-7.405 0.071841 0.071841 0.000000 0.000000 0.573560 0.573560 0.000000 0.000000 0.645401 0.578042
-7.403 0.000000 0.000000 1.499759 0.872023 0.000000 0.000000 0.000000 0.000000 1.49976 0.872023
-7.401 -0.512354 0.512354 -0.437228 0.417658 0.000000 0.000000 0.499832 0.499832 -0.44975 0.82872
-7.399 0.000000 0.000000 0.000000 0.000000 0.000000 0.000000 0.000000 0.000000 0 0
-7.397 0.531971 0.531971 0.000000 0.000000 0.000000 0.000000 -0.773262 0.584819 -0.241291 0.790573
-7.395 0.000000 0.000000 0.562697 0.562697 0.000000 0.000000 0.000000 0.000000 0.562697 0.562697
-7.393 0.000000 0.000000 0.509841 0.509841 0.000000 0.000000 0.161725 0.161725 0.671566 0.534876
-7.391 0.000000 0.000000 0.494426 0.494426 0.000000 0.000000 0.000000 0.000000 0.494426 0.494426
-7.389 0.573560 0.573560 0.000000 0.000000 0.000000 0.000000 0.000000 0.000000 0.57356 0.57356
-7.387 0.000000 0.000000 -0.359841 0.359841 0.297141 0.297141 0.000000 0.000000 -0.0627 0.466667
-7.385 0.000000 0.000000 0.000000 0.000000 0.000000 0.000000 0.019341 0.019341 0.019341 0.019341
-7.383 0.000000 0.000000 0.000000 0.000000 -0.644226 0.578770 0.000000 0.000000 -0.644226 0.57877
-7.381 0.000000 0.000000 0.000000 0.000000 0.000000 0.000000 0.000000 0.000000 0 0
-7.379 -0.574582 0.574582 0.571592 0.573564 0.000000 0.000000 0.000000 0.000000 -0.00299 0.811862
-7.377 0.000000 0.000000 0.000000 0.000000 -0.380022 0.429328 0.000000 0.000000 -0.380022 0.429328
-7.375 0.103404 0.741632 -0.538199 0.538199 0.573560 0.573560 0.000000 0.000000 0.138765 1.08104
-7.373 0.000000 0.000000 0.000000 0.000000 -0.496474 0.496474 0.000000 0.000000 -0.496474 0.496474
-7.371 0.462575 0.462575 0.035143 0.035143 0.000000 0.000000 0.000000 0.000000 0.497718 0.463908
-7.369 0.510056 0.510056 0.538989 0.538989 0.000000 0.000000 -0.295055 0.295055 0.75399 0.798576
-7.367 0.466266 0.466266 0.000000 0.000000 0.000000 0.000000 0.000000 0.000000 0.466266 0.466266
-7.365 0.000000 0.000000 0.000000 0.000000 -0.994146 0.709191 0.000000 0.000000 -0.994146 0.709191
-7.363 -0.497430 0.406847 -0.123157 0.123157 0.003442 0.138224 0.000000 0.000000 -0.617145 0.446988
-7.361 0.201119 0.177868 0.000000 0.000000 0.000000 0.000000 0.450520 0.450520 0.651639 0.484361
-7.359 -0.574546 0.574546 0.202878 0.202878 0.573561 0.573561 0.000000 0.000000 0.201893 0.8368
-7.357 -0.438908 0.552882 0.238902 0.238902 0.134292 0.134292 0.000000 0.000000 -0.065714 0.617079
-7.355 -0.403864 0.317911 -0.563702 0.563702 0.000000 0.000000 0.000000 0.000000 -0.967566 0.647169
-7.353 0.000000 0.000000 0.000000 0.000000 0.000000 0.000000 -0.071316 0.071316 -0.071316 0.071316
-7.351 -0.500107 0.467458 0.000000 0.000000 0.000000 0.000000 0.390169 0.390169 -0.109938 0.608891
-7.349 -0.759045 0.536787 0.573561 0.573561 0.000000 0.000000 0.479289 0.479289 0.293805 0.920234
-7.347 0.318622 0.230789 0.570852 0.570852 0.000000 0.000000 0.000000 0.000000 0.889474 0.61574
-7.345 0.353857 0.353857 0.000000 0.000000 0.000000 0.000000 0.000000 0.000000 0.353857 0.353857
-7.343 -0.183191 0.183191 0.922878 0.653052 0.000000 0.000000 0.000000 0.000000 0.739687 0.678259
-7.341 0.000000 0.000000 0.132579 0.723489 0.000000 0.000000 -1.073620 0.760775 -0.941041 1.04986
-7.339 0.000000 0.000000 0.000000 0.000000 0.000000 0.000000 0.000000 0.000000 0 0
-7.337 0.000000 0.000000 0.282632 0.282632 0.000000 0.000000 -0.105075 0.105075 0.177557 0.301532
-7.335 0.000000 0.000000 0.292036 0.645343 0.000000 0.000000 0.573560 0.573560 0.865596 0.863388
-7.333 0.000000 0.000000 0.000000 0.000000 0.939334 0.664929 0.000000 0.000000 0.939334 0.664929
-7.331 0.531971 0.531971 0.000000 0.000000 0.000000 0.000000 0.000000 0.000000 0.531971 0.531971
-7.329 -0.417828 0.417828 -0.478294 0.478294 0.573561 0.573561 0.000000 0.000000 -0.322561 0.855756
-7.327 0.127903 0.127903 0.000000 0.000000 -0.105963 0.496439 0.000000 0.000000 0.02194 0.512651
-7.325 0.047054 0.047054 0.448006 0.587142 -0.783758 0.548606 0.000000 0.000000 -0.288698 0.804934
-7.323 0.000000 0.000000 0.223223 0.223223 0.000000 0.000000 0.573560 0.573560 0.796783 0.615467
-7.321 0.572704 0.572704 0.358518 0.358518 0.372496 0.372496 0.449517 0.449517 1.75323 0.892941
-7.319 -0.458741 0.458741 -0.017065 0.017065 0.000000 0.000000 0.000000 0.000000 -0.475806 0.459058
-7.317 0.220535 0.220535 0.000000 0.000000 0.000000 0.000000 0.000000 0.000000 0.220535 0.220535
-7.315 0.000491 0.000491 0.103787 0.103787 0.573560 0.573560 0.000000 0.000000 0.677838 0.582875
-7.313 0.553763 0.553763 0.000000 0.000000 0.000000 0.000000 -1.149165 0.812582 -0.595402 0.983333
-7.311 0.000000 0.000000 0.000000 0.000000 0.000000 0.000000 0.000000 0.000000 0 0
-7.309 0.072066 0.072066 -0.088453 0.088453 0.441576 0.441576 0.000000 0.000000 0.425189 0.456078
-7.307 0.322897 0.536505 0.000000 0.000000 0.000000 0.000000 0.532928 0.532928 0.855825 0.756208
-7.305 1.704835 0.984372 0.139430 0.554068 0.000000 0.000000 0.000000 0.000000 1.84427 1.12959
-7.303 0.329389 0.329389 0.000000 0.000000 -0.463073 0.585303 0.000000 0.000000 -0.133684 0.671622
-7.301 0.000000 0.000000 0.160821 0.160821 0.136335 0.136335 0.000000 0.000000 0.297156 0.210833
-7.299 -0.263874 0.263874 0.573561 0.573561 0.000000 0.000000 0.000000 0.000000 0.309687 0.631349
-7.297 0.162629 0.162629 0.476036 0.476036 0.000000 0.000000 0.000000 0.000000 0.638665 0.503049
-7.295 0.000000 0.000000 0.000000 0.000000 0.000000 0.000000 0.000000 0.000000 0 0
-7.293 0.820706 0.587960 -0.916903 0.663267 0.000000 0.000000 -0.574582 0.574582 -0.670779 1.0563
-7.291 0.000000 0.000000 0.000000 0.000000 0.000000 0.000000 0.000000 0.000000 0 0
-7.289 0.000000 0.000000 -0.105461 0.793221 0.573561 0.573561 0.000000 0.000000 0.4681 0.978862
-7.287 0.000000 0.000000 -0.452083 0.587496 0.000000 0.000000 0.000000 0.000000 -0.452083 0.587496
-7.285 0.433779 0.306748 0.000000 0.000000 -0.510432 0.510432 0.000000 0.000000 -0.076653 0.595513
-7.283 0.000000 0.000000 0.182169 0.182169 0.000000 0.000000 0.573561 0.573561 0.75573 0.601795
-7.281 0.000000 0.000000 0.012108 0.012108 0.000000 0.000000 0.530761 0.530761 0.542869 0.530899
-7.279 -0.532467 0.532467 0.149841 0.149841 -0.483682 0.948502 0.573560 0.573560 -0.292748 1.23879
-7.277 -0.002746 0.002746 -0.534244 0.493190 0.000000 0.000000 0.000000 0.000000 -0.53699 0.493198
-7.275 0.000000 0.000000 0.000000 0.000000 0.570544 0.570544 0.295079 0.295079 0.865623 0.642333
-7.273 0.771657 0.583264 0.570602 0.570602 0.000000 0.000000 -0.565771 0.565771 0.776488 0.992915
-7.271 0.000000 0.000000 0.000000 0.000000 0.000000 0.000000 0.466008 0.466008 0.466008 0.466008
-7.269 0.000000 0.000000 0.573561 0.573561 0.000000 0.000000 0.000000 0.000000 0.573561 0.573561
-7.267 0.000000 0.000000 0.000000 0.000000 0.000000 0.000000 0.000000 0.000000 0 0
-7.265 0.000000 0.000000 -0.099215 0.099215 0.000000 0.000000 0.000000 0.000000 -0.099215 0.099215
-7.263 0.000000 0.000000 0.641058 0.577518 0.523549 0.523549 0.186813 0.186813 1.35142 0.801579
-7.261 0.000000 0.000000 0.000000 0.000000 0.000000 0.000000 -0.020530 0.020530 -0.02053 0.02053
-7.259 0.000000 0.000000 -0.067918 0.067918 0.252296 0.644509 0.000000 0.000000 0.184378 0.648078
-7.257 0.004183 0.806299 0.423104 0.423104 -0.278322 0.278322 0.000000 0.000000 0.148965 0.952155
-7.255 0.385199 0.385199 0.000000 0.000000 0.572228 0.572228 0.000000 0.000000 0.957427 0.689799
-7.253 0.000000 0.000000 0.000000 0.000000 0.416154 0.416154 0.000000 0.000000 0.416154 0.416154
-7.251 0.573560 0.573560 0.000000 0.000000 0.000000 0.000000 0.000000 0.000000 0.57356 0.57356
-7.249 0.619817 0.575423 0.243847 0.243847 -0.877778 0.649671 0.000000 0.000000 -0.014114 0.901468
-7.247 0.000000 0.000000 0.000000 0.000000 0.274044 0.274044 0.000000 0.000000 0.274044 0.274044
-7.245 -0.767729 0.594322 -0.304778 0.304778 0.000000 0.000000 0.547178 0.547178 -0.525329 0.86343
-7.243 0.000000 0.000000 0.000000 0.000000 0.000000 0.000000 0.000000 0.000000 0 0
-7.241 0.035181 0.035181 -0.162445 0.162445 0.303134 0.647705 0.000000 0.000000 0.17587 0.668691
-7.239 0.000000 0.000000 -0.158103 0.158103 0.046557 0.046557 0.000000 0.000000 -0.111546 0.164815
-7.237 0.000000 0.000000 -0.511077 0.511077 0.000000 0.000000 -0.001022 0.811860 -0.512099 0.959331
-7.235 0.427227 0.427227 0.448859 0.448859 -0.025192 0.025192 -0.308328 0.541576 0.542566 0.823369
-7.233 0.557714 0.557714 0.533272 0.533272 0.211454 0.211454 0.000000 0.000000 1.30244 0.800085
-7.231 -0.261100 0.261100 0.000000 0.000000 -0.506840 0.506840 0.000000 0.000000 -0.76794 0.57014
-7.229 0.056516 0.186795 -0.305366 0.252452 -0.125253 0.125253 0.000000 0.000000 -0.374103 0.338102
-7.227 0.000000 0.000000 0.000000 0.000000 0.518030 0.518030 0.000000 0.000000 0.51803 0.51803
-7.225 -0.330110 0.330110 -0.574581 0.574581 0.000000 0.000000 0.000000 0.000000 -0.904691 0.662658
-7.223 0.000000 0.000000 0.000000 0.000000 1.145496 0.809989 0.000000 0.000000 1.1455 0.809989
-7.221 0.000000 0.000000 0.031619 0.031619 0.000000 0.000000 -0.554785 0.554785 -0.523166 0.555685
-7.219 0.000000 0.000000 -1.099761 0.811827 0.503853 0.577781 0.000000 0.000000 -0.595908 0.996441
-7.217 0.000000 0.000000 -0.212942 0.507843 -1.294165 0.792586 0.000000 0.000000 -1.50711 0.941327
-7.215 -0.242420 0.242420 0.000000 0.000000 0.509411 0.509411 -0.298655 0.298655 -0.031664 0.638327
-7.213 -0.033847 0.033847 0.000000 0.000000 0.000000 0.000000 -0.574582 0.574582 -0.608429 0.575578
-7.211 0.000000 0.000000 0.000000 0.000000 0.000000 0.000000 0.000000 0.000000 0 0
-7.209 0.488401 0.525066 0.000000 0.000000 0.000000 0.000000 0.000000 0.000000 0.488401 0.525066
-7.207 0.000000 0.000000 0.000000 0.000000 0.000000 0.000000 0.000000 0.000000 0 0
-7.205 0.000000 0.000000 0.000000 0.000000 -0.138188 0.138188 0.386724 0.386724 0.248536 0.410672
-7.203 0.000000 0.000000 0.000000 0.000000 0.000000 0.000000 0.000000 0.000000 0 0
-7.201 0.205455 0.521426 0.207705 0.207705 0.000000 0.000000 0.000000 0.000000 0.41316 0.561272
-7.199 0.172246 0.172246 -0.182921 0.171666 0.000000 0.000000 -0.245193 0.662301 -0.255868 0.705536
-7.197 0.325148 0.325148 0.000000 0.000000 -0.199020 0.394143 0.000000 0.000000 0.126128 0.51095
-7.195 0.573560 0.573560 -0.412533 0.412533 0.553891 0.553891 0.000000 0.000000 0.714918 0.897747
-7.193 0.000000 0.000000 0.551354 0.551354 -0.191094 0.191094 0.000000 0.000000 0.36026 0.583531
-7.191 0.078176 0.078176 0.000000 0.000000 0.557196 0.557196 0.000000 0.000000 0.635372 0.562653
-7.189 0.000000 0.000000 0.000000 0.000000 0.000000 0.000000 0.000000 0.000000 0 0
-7.187 0.000000 0.000000 0.000000 0.000000 0.000000 0.000000 0.000000 0.000000 0 0
-7.185 -0.100467 0.100467 1.052984 0.719772 0.000000 0.000000 0.000000 0.000000 0.952517 0.72675
-7.183 0.532144 0.532144 0.533114 0.533114 0.000000 0.000000 0.000000 0.000000 1.06526 0.753251
-7.181 0.000000 0.000000 -0.144340 0.763517 0.000000 0.000000 0.000000 0.000000 -0.14434 0.763517
-7.179 0.000000 0.000000 0.000000 0.000000 -0.373809 0.373809 0.000000 0.000000 -0.373809 0.373809
-7.177 0.000000 0.000000 0.109859 0.196713 0.193866 0.212185 0.000000 0.000000 0.303725 0.289341
-7.175 2.078032 1.043221 0.000000 0.000000 0.780699 0.552038 0.000000 0.000000 2.85873 1.18028
-7.173 0.553763 0.553763 -0.574582 0.574582 0.000000 0.000000 0.748545 0.564846 0.727726 0.977675
-7.171 0.000000 0.000000 -0.574554 0.574554 0.573560 0.573560 0.100845 0.100845 0.099851 0.818079
-7.169 0.000000 0.000000 0.573560 0.573560 0.000000 0.000000 0.000000 0.000000 0.57356 0.57356
-7.167 -0.050840 0.671694 -1.028370 0.750067 -0.193167 0.685793 0.264836 0.651370 -1.00754 1.38144
-7.165 0.000000 0.000000 -0.537651 0.575768 -0.474574 0.474574 0.000000 0.000000 -1.01222 0.746143
-7.163 0.914465 0.774673 0.000000 0.000000 0.000000 0.000000 0.386725 0.386725 1.30119 0.865837
-7.161 0.000000 0.000000 -0.199717 0.216944 0.000000 0.000000 0.000000 0.000000 -0.199717 0.216944
-7.159 -0.304778 0.304778 0.000000 0.000000 -0.371574 0.573764 0.000000 0.000000 -0.676352 0.649688
-7.157 -0.565365 0.565365 0.573560 0.573560 -0.041585 0.041585 0.000000 0.000000 -0.03339 0.806435
-7.155 0.592658 0.573878 0.000000 0.000000 0.000000 0.000000 0.077793 0.077793 0.670451 0.579127
-7.153 -0.355197 0.355197 0.000000 0.000000 0.495452 0.495452 0.000000 0.000000 0.140255 0.609621
-7.151 0.000000 0.000000 0.000000 0.000000 0.000000 0.000000 -0.524620 0.524620 -0.52462 0.52462
-7.149 0.662693 0.577511 0.000000 0.000000 0.047355 0.047355 0.317618 0.317618 1.02767 0.660789
-7.147 -0.330109 0.330109 0.000000 0.000000 1.123627 0.794698 0.000000 0.000000 0.793518 0.860533
-7.145 0.573561 0.573561 0.000000 0.000000 0.000000 0.000000 0.000000 0.000000 0.573561 0.573561
-7.143 -0.355197 0.355197 0.000000 0.000000 0.000000 0.000000 0.479459 0.479459 0.124262 0.596696
-7.141 0.466279 0.466279 0.884502 0.750186 0.000000 0.000000 0.000000 0.000000 1.35078 0.883287
-7.139 -0.568085 0.568085 -0.413596 0.413596 -0.225337 0.225337 0.233658 0.233658 -0.97336 0.774051
-7.137 0.000000 0.000000 0.000000 0.000000 0.553763 0.553763 -0.236701 0.236701 0.317062 0.60223
-7.135 -0.181986 0.181986 0.573561 0.573561 -0.544533 0.544533 0.000000 0.000000 -0.152958 0.811546
-7.133 0.000000 0.000000 -0.017735 0.017735 0.000000 0.000000 0.000000 0.000000 -0.017735 0.017735
-7.131 0.000000 0.000000 0.153727 0.777944 0.573561 0.573561 0.495893 0.495893 1.22318 1.08631
-7.129 0.000000 0.000000 0.000000 0.000000 0.000000 0.000000 0.000000 0.000000 0 0
-7.127 -0.574582 0.574582 0.054345 0.054345 0.386724 0.386724 0.000000 0.000000 -0.133513 0.694733
-7.125 0.000000 0.000000 -0.098428 0.072900 0.386725 0.386725 0.000000 0.000000 0.288297 0.393536
-7.123 -0.497663 0.478668 -0.120222 0.700950 0.474205 0.474205 -1.106294 0.782855 -1.24997 1.24827
-7.121 0.353272 0.353272 0.854979 0.633337 0.000000 0.000000 0.000000 0.000000 1.20825 0.725201
-7.119 0.245617 0.800829 -0.106315 0.106315 0.573561 0.573561 0.000000 0.000000 0.712863 0.990758
-7.117 0.444915 0.444915 0.371339 0.371339 -0.574582 0.574582 0.008548 0.008548 0.25022 0.816125
-7.115 0.000000 0.000000 0.000000 0.000000 0.000000 0.000000 0.390906 0.390906 0.390906 0.390906
-7.113 0.000000 0.000000 0.573560 0.573560 0.000000 0.000000 0.000000 0.000000 0.57356 0.57356
-7.111 0.000000 0.000000 -0.134622 0.427260 0.000000 0.000000 0.000000 0.000000 -0.134622 0.42726
-7.109 -0.522066 0.385221 0.092753 0.338436 0.000000 0.000000 0.000000 0.000000 -0.429313 0.512771
-7.107 -0.574582 0.574582 0.301483 0.301483 0.563467 0.563467 0.000000 0.000000 0.290368 0.859379
-7.105 0.041013 0.041013 0.000000 0.000000 0.000000 0.000000 0.000000 0.000000 0.041013 0.041013
-7.103 0.553762 0.553762 0.053630 0.774144 -0.057407 0.773055 0.000000 0.000000 0.549985 1.2262
-7.101 0.000000 0.000000 0.443363 0.588153 -0.350609 0.350609 0.000000 0.000000 0.092754 0.684727
-7.099 -0.864265 0.611493 0.000000 0.000000 0.000000 0.000000 0.449001 0.449001 -0.415264 0.758634
-7.097 0.000000 0.000000 1.129605 0.798847 0.000000 0.000000 0.000000 0.000000 1.1296 0.798847
-7.095 0.000000 0.000000 0.019836 0.019836 0.383263 0.383263 0.000000 0.000000 0.403099 0.383776
-7.093 0.000000 0.000000 0.000000 0.000000 0.000000 0.000000 0.041808 0.041808 0.041808 0.041808
-7.091 0.000000 0.000000 -0.340421 0.758159 0.299726 0.299726 0.000000 0.000000 -0.040695 0.815255
-7.089 0.416155 0.416155 0.000000 0.000000 0.975106 0.697687 0.000000 0.000000 1.39126 0.812374
-7.087 -0.574582 0.574582 -0.069243 0.069243 0.299124 0.299124 0.000000 0.000000 -0.344701 0.651471
-7.085 0.265369 0.265369 0.000000 0.000000 0.573560 0.573560 0.000000 0.000000 0.838929 0.631975
-7.083 0.000000 0.000000 0.000000 0.000000 0.000000 0.000000 0.000000 0.000000 0 0
-7.081 -0.295055 0.295055 -0.479038 0.375613 0.000000 0.000000 0.000000 0.000000 -0.774093 0.477643
-7.079 -0.289132 0.289132 0.000000 0.000000 -0.574583 0.574583 -0.359540 0.359540 -1.22325 0.736893
-7.077 0.000000 0.000000 0.000000 0.000000 0.000000 0.000000 0.000000 0.000000 0 0
-7.075 0.000000 0.000000 0.510055 0.510055 0.571023 0.571023 0.000000 0.000000 1.08108 0.765652
-7.073 0.532144 0.532144 0.000000 0.000000 0.000000 0.000000 0.128875 0.128875 0.661019 0.547527
-7.071 0.000000 0.000000 -0.310963 0.310963 0.000000 0.000000 0.568677 0.573501 0.257714 0.652381
-7.069 0.000000 0.000000 0.870701 0.645960 0.000000 0.000000 0.000000 0.000000 0.870701 0.64596
-7.067 -0.027272 0.027272 0.077467 0.077467 0.000000 0.000000 0.000000 0.000000 0.050195 0.0821273
-7.065 0.573560 0.573560 0.000000 0.000000 0.573560 0.573560 0.000000 0.000000 1.14712 0.811136
-7.063 0.000000 0.000000 -0.364867 0.364867 0.000000 0.000000 0.000000 0.000000 -0.364867 0.364867
-7.061 0.655279 0.930332 -0.192452 0.443316 0.000000 0.000000 -0.552756 0.552756 -0.089929 1.16944
-7.059 0.000000 0.000000 0.000000 0.000000 0.000000 0.000000 0.000000 0.000000 0 0
-7.057 0.000000 0.000000 0.099596 0.099596 0.573560 0.573560 0.103486 0.103486 0.776642 0.59127
-7.055 0.000000 0.000000 0.191984 0.191984 0.000000 0.000000 0.541987 0.541987 0.733971 0.574985
-7.053 0.000000 0.000000 0.176330 0.176330 0.000000 0.000000 0.000000 0.000000 0.17633 0.17633
-7.051 0.000000 0.000000 0.000000 0.000000 0.416851 0.416851 0.000000 0.000000 0.416851 0.416851
-7.049 -0.220709 0.674813 0.000000 0.000000 -0.499698 0.499698 0.000000 0.000000 -0.720407 0.839685
-7.047 0.355697 0.355697 0.000000 0.000000 0.000000 0.000000 0.000000 0.000000 0.355697 0.355697
-7.045 0.214417 0.214417 0.000000 0.000000 0.000000 0.000000 0.129176 0.129176 0.343593 0.250322
-7.043 0.439606 0.439606 0.000000 0.000000 0.392471 0.390769 0.000000 0.000000 0.832077 0.588178
-7.041 0.000000 0.000000 1.096036 0.775347 -0.062758 0.062758 0.000000 0.000000 1.03328 0.777883
-7.039 -0.765921 0.549395 0.000000 0.000000 0.448402 0.448402 0.000000 0.000000 -0.317519 0.709154
-7.037 0.000000 0.000000 0.000000 0.000000 0.000000 0.000000 0.000000 0.000000 0 0
-7.035 1.114816 0.788625 0.000000 0.000000 0.557454 0.557454 0.000000 0.000000 1.67227 0.965756
-7.033 0.252123 0.621660 0.000000 0.000000 0.571936 0.571936 0.000000 0.000000 0.824059 0.844732
-7.031 1.106832 0.783166 0.544149 0.544149 1.099499 0.778192 0.000000 0.000000 2.75048 1.23087
-7.029 0.332469 0.255856 -0.274467 0.274467 -0.413524 0.413524 0.000000 0.000000 -0.355522 0.558387
-7.027 0.000000 0.000000 -0.390589 0.390589 0.000000 0.000000 0.180990 0.180990 -0.209599 0.430485
-7.025 0.000000 0.000000 0.000000 0.000000 0.000000 0.000000 0.000000 0.000000 0 0
-7.023 0.146661 0.165489 0.000000 0.000000 0.000000 0.000000 0.000000 0.000000 0.146661 0.165489
-7.021 -0.273922 0.273922 -0.077832 0.077832 0.520988 0.591434 0.573560 0.573560 0.742794 0.871697
-7.019 0.000000 0.000000 0.573561 0.573561 -1.129368 0.798706 0.000000 0.000000 -0.555807 0.983313
-7.017 0.000000 0.000000 0.000000 0.000000 -0.244869 0.244869 0.000000 0.000000 -0.244869 0.244869
-7.015 0.000000 0.000000 -0.233987 0.233987 0.053995 0.053995 0.854710 0.638762 0.674718 0.682409
-7.013 -0.615754 0.462028 0.000000 0.000000 0.509370 0.509370 0.000000 0.000000 -0.106384 0.687697
-7.011 0.544857 0.555847 0.000000 0.000000 0.631588 0.568114 0.000000 0.000000 1.17645 0.794808
-7.009 0.000000 0.000000 0.000000 0.000000 -0.379237 0.379237 0.000000 0.000000 -0.379237 0.379237
-7.007 -0.102712 0.102712 -0.679994 0.584172 0.000000 0.000000 0.000000 0.000000 -0.782706 0.593133
-7.005 -0.574583 0.574583 -0.223946 0.223946 0.000000 0.000000 0.000000 0.000000 -0.798529 0.616683
-7.003 -0.068522 0.750693 0.406711 0.406711 0.000000 0.000000 0.000000 0.000000 0.338189 0.853788
-7.001 -0.574583 0.574583 0.573560 0.573560 0.573560 0.573560 0.000000 0.000000 0.572537 0.994026
-6.999 -0.295055 0.295055 0.425124 0.425124 0.035181 0.035181 0.000000 0.000000 0.16525 0.518677
-6.997 0.223626 0.495842 0.000000 0.000000 0.000000 0.000000 0.609930 0.520081 0.833556 0.71857
-6.995 0.000000 0.000000 0.000000 0.000000 0.000000 0.000000 0.000000 0.000000 0 0
-6.993 0.000000 0.000000 0.039709 0.783563 0.000000 0.000000 0.129176 0.129176 0.168885 0.794139
-6.991 -0.474512 0.474512 0.000000 0.000000 0.000000 0.000000 0.000000 0.000000 -0.474512 0.474512
-6.989 0.000000 0.000000 -0.374356 0.374356 0.000000 0.000000 0.000000 0.000000 -0.374356 0.374356
-6.987 0.000000 0.000000 0.000000 0.000000 -0.574582 0.574582 0.000000 0.000000 -0.574582 0.574582
-6.985 0.000000 0.000000 0.419386 0.419386 0.000000 0.000000 0.000000 0.000000 0.419386 0.419386
-6.983 -0.379037 0.379037 0.000000 0.000000 0.155769 0.155769 0.000000 0.000000 -0.223268 0.409796
-6.981 0.000000 0.000000 -0.134183 0.134183 -0.567391 0.567391 0.000000 0.000000 -0.701574 0.583042
-6.979 0.000000 0.000000 0.573560 0.573560 0.000000 0.000000 0.000000 0.000000 0.57356 0.57356
-6.977 0.570645 0.570645 0.000000 0.000000 1.020100 0.764393 0.000000 0.000000 1.59075 0.953904
-6.975 0.214417 0.214417 0.000000 0.000000 0.000000 0.000000 -0.127658 0.127658 0.086759 0.249542
-6.973 0.573560 0.573560 1.408483 0.829169 -0.048947 0.232286 0.000000 0.000000 1.9331 1.03463
-6.971 -0.445083 0.445083 0.000000 0.000000 0.557166 0.558573 0.000000 0.000000 0.112083 0.714215
-6.969 0.278455 0.278455 0.000000 0.000000 -0.295054 0.295054 -1.039634 0.737916 -1.05623 0.842089
-6.967 0.000000 0.000000 0.000000 0.000000 -0.547729 0.547729 0.000000 0.000000 -0.547729 0.547729
-6.965 0.000000 0.000000 0.478157 0.478157 0.000000 0.000000 0.000000 0.000000 0.478157 0.478157
-6.963 0.181266 0.181266 0.401535 0.401535 0.000000 0.000000 0.000000 0.000000 0.582801 0.440554
-6.961 0.000000 0.000000 0.573561 0.573561 0.000000 0.000000 0.000000 0.000000 0.573561 0.573561
-6.959 0.570544 0.570544 0.000000 0.000000 0.000000 0.000000 0.000000 0.000000 0.570544 0.570544
-6.957 0.247583 0.247583 -0.906430 0.663527 0.000000 0.000000 0.000000 0.000000 -0.658847 0.708213
-6.955 0.000000 0.000000 0.138355 0.227509 0.510271 0.510271 0.000000 0.000000 0.648626 0.558692
-6.953 0.000000 0.000000 0.000000 0.000000 0.000000 0.000000 -1.346788 0.788972 -1.34679 0.788972
-6.951 -0.125705 0.125705 0.000000 0.000000 -0.217005 0.217005 0.000000 0.000000 -0.34271 0.250785
-6.949 -0.218759 0.218759 0.516361 0.516361 0.000000 0.000000 0.000000 0.000000 0.297602 0.560789
-6.947 0.000000 0.000000 0.294033 0.294033 0.000000 0.000000 0.000000 0.000000 0.294033 0.294033
-6.945 0.000000 0.000000 0.186813 0.186813 0.172989 0.172989 0.000000 0.000000 0.359802 0.254606
-6.943 0.128875 0.128875 -0.574582 0.574582 0.000000 0.000000 0.000000 0.000000 -0.445707 0.588858
-6.941 0.000000 0.000000 0.000000 0.000000 0.000000 0.000000 0.000000 0.000000 0 0
-6.939 0.444059 0.444059 -0.048723 0.048723 0.565119 0.565119 -0.477871 0.477871 0.482584 0.864455
-6.937 0.000000 0.000000 0.000000 0.000000 -0.565100 0.565100 0.000000 0.000000 -0.5651 0.5651
-6.935 -0.262683 0.262683 0.000000 0.000000 0.000000 0.000000 0.000000 0.000000 -0.262683 0.262683
-6.933 0.000000 0.000000 0.568011 0.568011 0.000000 0.000000 0.000000 0.000000 0.568011 0.568011
-6.931 -0.574582 0.574582 0.000000 0.000000 0.000000 0.000000 -0.327510 0.327510 -0.902092 0.661368
-6.929 0.000000 0.000000 0.000000 0.000000 -0.024301 0.024301 0.000000 0.000000 -0.024301 0.024301
-6.927 0.000000 0.000000 0.466008 0.466008 0.484250 0.484250 0.000000 0.000000 0.950258 0.672058
-6.925 0.514682 0.514682 -0.067251 0.067251 0.000000 0.000000 0.000000 0.000000 0.447431 0.519057
-6.923 -0.574282 0.574282 0.102717 0.102717 0.000000 0.000000 0.000000 0.000000 -0.471565 0.583396
-6.921 0.557455 0.557455 1.008022 0.719198 -0.197467 0.313123 0.000000 0.000000 1.36801 0.962314
-6.919 -0.021908 0.021908 -0.027781 0.159557 0.000000 0.000000 0.000000 0.000000 -0.049689 0.161054
-6.917 1.021661 0.727850 0.902949 0.661414 0.573561 0.573561 -0.870659 1.037458 1.62751 1.5403
-6.915 0.572687 0.572687 -0.162445 0.162445 0.000000 0.000000 0.000000 0.000000 0.410242 0.59528
-6.913 0.000000 0.000000 0.000000 0.000000 -0.572238 0.572238 0.000000 0.000000 -0.572238 0.572238
-6.911 -0.571710 0.571710 -1.041095 0.740121 -1.019665 0.726803 -0.212816 0.212816 -2.84529 1.2034
-6.909 -0.326757 0.625712 0.329389 0.329389 0.180734 0.695186 0.000000 0.000000 0.183366 0.991613
-6.907 0.000000 0.000000 0.492881 0.492881 -0.573436 0.573436 0.000000 0.000000 -0.080555 0.756148
-6.905 0.000000 0.000000 0.564078 0.564078 0.000000 0.000000 0.000000 0.000000 0.564078 0.564078
-6.903 0.000000 0.000000 -0.042063 0.146919 0.384855 0.384855 0.000000 0.000000 0.342792 0.411945
-6.901 -0.895439 0.633319 0.000000 0.000000 -0.007409 0.007409 0.000000 0.000000 -0.902848 0.633362
-6.899 0.125135 0.125135 -0.573211 0.573211 0.000000 0.000000 0.553763 0.553763 0.105687 0.806773
-6.897 0.000000 0.000000 0.000000 0.000000 1.112605 0.787109 -0.553080 0.553080 0.559525 0.961997
-6.895 0.000000 0.000000 0.542126 0.542126 0.000000 0.000000 -0.574583 0.574583 -0.032457 0.789966
-6.893 0.130800 0.688704 0.000000 0.000000 0.510056 0.510056 -0.303251 0.303251 0.337605 0.909083
-6.891 -0.058292 0.764586 0.092290 0.092290 -0.827342 0.585042 0.000000 0.000000 -0.793344 0.967152
-6.889 0.000000 0.000000 0.000000 0.000000 0.000000 0.000000 0.000000 0.000000 0 0
-6.887 0.573560 0.573560 0.000000 0.000000 0.000000 0.000000 0.000000 0.000000 0.57356 0.57356
-6.885 0.103344 0.103344 0.000000 0.000000 -0.181263 0.233116 0.000000 0.000000 -0.077919 0.254996
-6.883 0.000000 0.000000 0.573560 0.573560 0.005208 0.005208 0.000000 0.000000 0.578768 0.573584
-6.881 0.214116 0.214116 0.564054 0.564054 0.000000 0.000000 0.573561 0.573561 1.35173 0.832451
-6.879 -0.098379 0.098379 0.000000 0.000000 0.000000 0.000000 -0.379199 0.379199 -0.477578 0.391753
-6.877 0.000000 0.000000 -0.949292 0.651424 0.000000 0.000000 0.000000 0.000000 -0.949292 0.651424
-6.875 0.000000 0.000000 0.299147 0.474001 0.392272 0.392272 0.000000 0.000000 0.691419 0.615268
-6.873 0.000000 0.000000 0.358518 0.358518 0.000000 0.000000 0.000000 0.000000 0.358518 0.358518
-6.871 0.573560 0.573560 0.361826 0.419686 0.000000 0.000000 0.000000 0.000000 0.935386 0.710709
-6.869 0.000000 0.000000 0.506916 0.506916 0.570775 0.570775 0.000000 0.000000 1.07769 0.763379
-6.867 0.655222 0.577688 0.000000 0.000000 0.000000 0.000000 0.000000 0.000000 0.655222 0.577688
-6.865 -0.009922 0.009922 0.000000 0.000000 0.720561 0.545813 0.796149 0.571281 1.50679 0.790172
-6.863 0.000000 0.000000 0.180965 0.180965 0.000000 0.000000 0.000000 0.000000 0.180965 0.180965
-6.861 -0.574582 0.574582 0.000000 0.000000 0.248647 0.555171 0.000000 0.000000 -0.325935 0.798974
-6.859 -0.476224 0.582940 -0.463949 0.447136 0.568011 0.568011 0.104088 0.104088 -0.268074 0.934463
-6.857 0.000000 0.000000 0.000000 0.000000 0.470075 0.470075 0.000000 0.000000 0.470075 0.470075
-6.855 0.000000 0.000000 0.913071 0.666374 0.000000 0.000000 -0.287569 0.287569 0.625502 0.725776
-6.853 -0.574582 0.574582 0.321140 0.321140 0.541987 0.541987 0.000000 0.000000 0.288545 0.852658
-6.851 -0.125854 0.125854 0.064360 0.049162 0.000000 0.000000 0.573560 0.573560 0.512066 0.58926
-6.849 0.000000 0.000000 0.282824 0.282824 0.000000 0.000000 0.000000 0.000000 0.282824 0.282824
-6.847 0.204024 0.204024 1.142500 0.807876 0.395929 0.395929 -0.017862 0.017862 1.72459 0.922696
-6.845 0.872685 0.646875 0.000000 0.000000 0.386725 0.386725 0.000000 0.000000 1.25941 0.75366
-6.843 0.000000 0.000000 -0.574582 0.574582 0.329389 0.329389 0.000000 0.000000 -0.245193 0.6623
-6.841 0.000000 0.000000 -0.087066 0.087066 0.572228 0.572228 0.219663 0.219663 0.704825 0.619094
-6.839 0.000000 0.000000 0.015156 0.409219 0.000000 0.000000 0.228621 0.214887 0.243777 0.462208
-6.837 0.000000 0.000000 0.000000 0.000000 0.000000 0.000000 0.000000 0.000000 0 0
-6.835 -0.049935 0.049935 -0.080147 0.080147 0.000000 0.000000 0.000000 0.000000 -0.130082 0.0944301
-6.833 0.000000 0.000000 1.143132 0.701048 0.179762 0.179762 0.000000 0.000000 1.32289 0.723728
-6.831 0.050289 0.050289 0.000000 0.000000 0.567795 0.567795 0.000000 0.000000 0.618084 0.570018
-6.829 -0.117050 0.117050 0.000000 0.000000 -0.967876 0.696294 0.000000 0.000000 -1.08493 0.706064
-6.827 0.000000 0.000000 0.000000 0.000000 0.422404 0.422404 0.328938 0.328938 0.751342 0.535374
-6.825 0.000000 0.000000 0.000000 0.000000 0.000000 0.000000 0.157420 0.157420 0.15742 0.15742
-6.823 0.000000 0.000000 0.000000 0.000000 0.000000 0.000000 0.000000 0.000000 0 0
-6.821 0.008196 0.805362 1.077432 0.813813 0.000000 0.000000 0.000000 0.000000 1.08563 1.14495
-6.819 0.000000 0.000000 0.261170 0.336379 0.000000 0.000000 -0.010231 0.010231 0.250939 0.336535
-6.817 0.000000 0.000000 -0.346904 0.346904 -0.549706 0.549706 0.000000 0.000000 -0.89661 0.650015
-6.815 0.000000 0.000000 0.000000 0.000000 -0.497120 0.497120 0.466279 0.466279 -0.030841 0.681575
-6.813 0.558678 0.558678 -0.106014 0.106014 -0.483134 0.909330 -0.215439 0.215439 -0.245909 1.09392
-6.811 0.511482 0.543103 0.000000 0.000000 -0.574583 0.574583 0.000000 0.000000 -0.063101 0.790637
-6.809 0.086172 0.086172 0.000000 0.000000 0.000000 0.000000 -0.098638 0.098638 -0.012466 0.130977
-6.807 0.000000 0.000000 0.892209 0.539070 0.092290 0.092290 0.156545 0.156545 1.14104 0.568876
-6.805 -0.583191 0.574647 1.001957 0.715888 0.000000 0.000000 -0.014826 0.014826 0.40394 0.918115
-6.803 -0.184799 0.184799 0.495044 0.495044 0.000000 0.000000 0.000000 0.000000 0.310245 0.528412
-6.801 0.000000 0.000000 -0.978213 0.717295 0.000000 0.000000 0.000000 0.000000 -0.978213 0.717295
-6.799 -0.574583 0.574583 0.000000 0.000000 0.000000 0.000000 0.557455 0.557455 -0.017128 0.800563
-6.797 0.000000 0.000000 -0.574582 0.574582 0.296840 0.296840 0.000000 0.000000 -0.277742 0.646729
-6.795 0.000000 0.000000 0.000000 0.000000 0.000000 0.000000 -0.341296 0.299035 -0.341296 0.299035
-6.793 0.214116 0.214116 1.161219 0.704958 -0.127067 0.127067 0.000000 0.000000 1.24827 0.747635
-6.791 0.391865 0.391669 0.214417 0.214417 0.000000 0.000000 0.000000 0.000000 0.606282 0.446519
-6.789 0.000000 0.000000 0.000000 0.000000 -0.189994 0.189994 0.000000 0.000000 -0.189994 0.189994
-6.787 -0.302506 0.302506 0.000000 0.000000 0.000000 0.000000 0.000000 0.000000 -0.302506 0.302506
-6.785 0.000000 0.000000 0.554493 0.554493 -0.474054 0.474054 0.920050 0.651154 1.00049 0.97785
-6.783 0.000000 0.000000 -0.450539 0.450539 0.171376 0.181535 -0.432496 0.503468 -0.711659 0.699586
-6.781 -0.574582 0.574582 0.000000 0.000000 0.299726 0.299726 0.000000 0.000000 -0.274856 0.648059
-6.779 -0.220685 0.220685 0.000000 0.000000 0.573560 0.573560 -0.134347 0.134347 0.218528 0.629064
-6.777 0.000000 0.000000 -0.554913 0.554913 0.000000 0.000000 -0.354720 0.354720 -0.909633 0.658601
-6.775 0.296444 0.636997 -0.276815 0.276815 0.542103 0.542103 0.000000 0.000000 0.561732 0.88106
-6.773 0.000000 0.000000 -0.574582 0.574582 0.000000 0.000000 0.203705 0.427846 -0.370877 0.716377
-6.771 0.000000 0.000000 1.657176 0.958175 0.000000 0.000000 0.000000 0.000000 1.65718 0.958175
-6.769 0.631461 0.519119 0.326958 0.326958 0.000000 0.000000 0.000000 0.000000 0.958419 0.613503
-6.767 -0.194661 0.194661 0.000000 0.000000 0.000000 0.000000 0.000000 0.000000 -0.194661 0.194661
-6.765 0.000000 0.000000 0.000000 0.000000 0.000000 0.000000 0.000000 0.000000 0 0
-6.763 0.000000 0.000000 0.000000 0.000000 0.573560 0.573560 0.000000 0.000000 0.57356 0.57356
-6.761 0.011049 0.792299 0.181533 0.693982 -0.067918 0.067918 0.000000 0.000000 0.124664 1.05544
-6.759 0.049322 0.049322 0.000000 0.000000 0.573561 0.573561 0.000000 0.000000 0.622883 0.575678
-6.757 -0.574583 0.574583 0.000000 0.000000 -0.410971 0.410971 0.000000 0.000000 -0.985554 0.70643
-6.755 0.000000 0.000000 0.000000 0.000000 0.573560 0.573560 0.000000 0.000000 0.57356 0.57356
-6.753 0.518030 0.518030 0.000000 0.000000 0.000000 0.000000 0.000000 0.000000 0.51803 0.51803
-6.751 0.000000 0.000000 -0.574582 0.574582 -0.219195 0.673939 0.000000 0.000000 -0.793777 0.885629
-6.749 0.000000 0.000000 0.000000 0.000000 0.573560 0.573560 0.000000 0.000000 0.57356 0.57356
-6.747 -0.000421 0.806832 0.128875 0.128875 0.275793 0.275793 0.573560 0.573560 0.977807 1.03567
-6.745 -0.198286 0.662243 0.000000 0.000000 0.073307 0.378293 0.000000 0.000000 -0.124979 0.762674
-6.743 0.443759 0.443759 0.000000 0.000000 -0.281684 0.281684 0.000000 0.000000 0.162075 0.525612
-6.741 0.036931 0.036931 0.370296 0.608514 -0.571884 0.571884 0.000000 0.000000 -0.164657 0.835885
-6.739 0.000000 0.000000 -0.574583 0.574583 0.000000 0.000000 0.428397 0.428397 -0.146186 0.716707
-6.737 0.000000 0.000000 -0.554312 0.554312 0.121874 0.121874 0.000000 0.000000 -0.432438 0.567552
-6.735 0.000000 0.000000 0.573561 0.573561 0.378244 0.293250 0.000000 0.000000 0.951805 0.64418
-6.733 0.000000 0.000000 1.166653 0.824587 0.755731 0.601796 0.000000 0.000000 1.92238 1.02083
-6.731 0.000000 0.000000 1.546352 0.877661 -0.565101 0.565101 0.573526 0.573526 1.55478 1.19103
-6.729 0.162213 0.162213 0.000000 0.000000 -0.295055 0.295055 0.400170 0.400170 0.267328 0.522979
-6.727 0.000000 0.000000 0.000000 0.000000 0.000000 0.000000 -0.245170 0.245170 -0.24517 0.24517
-6.725 0.000000 0.000000 0.566552 0.566552 -0.007936 0.007936 0.521667 0.521667 1.08028 0.770182
-6.723 -0.205778 0.205778 0.071841 0.071841 -0.499699 0.499699 -0.574583 0.574583 -1.20822 0.792055
-6.721 0.522047 0.370256 0.000000 0.000000 0.000000 0.000000 0.117308 0.346496 0.639355 0.507099
-6.719 0.000000 0.000000 0.774645 0.601690 0.000000 0.000000 -0.285588 0.323114 0.489057 0.682959
-6.717 -0.062282 0.062282 0.000000 0.000000 0.000000 0.000000 0.000000 0.000000 -0.062282 0.062282
-6.715 0.000000 0.000000 0.000000 0.000000 1.020320 0.722134 0.000000 0.000000 1.02032 0.722134
-6.713 -0.033847 0.033847 0.836230 0.629526 0.000000 0.000000 -0.251336 0.251336 0.551047 0.678689
-6.711 -0.474426 0.474426 0.000000 0.000000 0.000000 0.000000 0.000000 0.000000 -0.474426 0.474426
-6.709 0.272731 0.272731 0.000000 0.000000 0.159429 0.115494 0.000000 0.000000 0.43216 0.296177
-6.707 0.000000 0.000000 0.000000 0.000000 0.000000 0.000000 0.000000 0.000000 0 0
-6.705 0.000000 0.000000 -0.574582 0.574582 -0.047721 0.772047 0.000000 0.000000 -0.622303 0.962393
-6.703 0.000000 0.000000 0.000000 0.000000 0.000000 0.000000 0.000000 0.000000 0 0
-6.701 0.275793 0.275793 0.000000 0.000000 0.000000 0.000000 0.101472 0.101472 0.377265 0.293868
-6.699 1.144105 0.809007 0.000000 0.000000 0.000000 0.000000 0.000000 0.000000 1.1441 0.809007
-6.697 0.000000 0.000000 -0.004497 0.004497 0.000000 0.000000 0.000000 0.000000 -0.004497 0.004497
-6.695 0.374588 0.515296 0.000000 0.000000 -0.337603 0.337603 0.000000 0.000000 0.036985 0.61604
-6.693 0.000000 0.000000 0.000000 0.000000 -0.277418 0.277418 0.000000 0.000000 -0.277418 0.277418
-6.691 0.000000 0.000000 0.000000 0.000000 -0.218570 0.435345 0.000000 0.000000 -0.21857 0.435345
-6.689 0.000000 0.000000 0.000000 0.000000 0.090426 0.727600 -0.544112 0.532594 -0.453686 0.901697
-6.687 -0.416587 0.530101 -0.306670 0.306670 -0.733441 0.553676 0.000000 0.000000 -1.4567 0.825597
-6.685 0.570138 0.570138 0.000000 0.000000 0.000000 0.000000 0.000000 0.000000 0.570138 0.570138
-6.683 -0.565100 0.565100 0.000000 0.000000 0.000000 0.000000 0.000000 0.000000 -0.5651 0.5651
-6.681 -0.395380 0.284249 0.000000 0.000000 -0.558563 0.558563 -0.603291 0.546561 -1.55723 0.831576
-6.679 -0.569926 0.569926 0.000000 0.000000 0.000000 0.000000 0.000000 0.000000 -0.569926 0.569926
-6.677 0.000000 0.000000 0.441381 0.441381 -0.125555 0.125555 0.573560 0.573560 0.889386 0.734542
-6.675 0.000000 0.000000 0.000000 0.000000 0.000000 0.000000 0.000000 0.000000 0 0
-6.673 0.000000 0.000000 0.000000 0.000000 -0.566742 0.566742 0.000000 0.000000 -0.566742 0.566742
-6.671 0.000000 0.000000 -0.068219 0.068219 0.000000 0.000000 0.000000 0.000000 -0.068219 0.068219
-6.669 0.000000 0.000000 0.000000 0.000000 0.000000 0.000000 0.000000 0.000000 0 0
-6.667 0.000000 0.000000 0.000000 0.000000 -0.566931 0.566931 0.000000 0.000000 -0.566931 0.566931
-6.665 0.000000 0.000000 0.404475 0.404475 0.000000 0.000000 0.000000 0.000000 0.404475 0.404475
-6.663 0.000000 0.000000 0.000000 0.000000 0.740683 0.793277 0.000000 0.000000 0.740683 0.793277
-6.661 0.000000 0.000000 0.414309 0.414309 0.000000 0.000000 0.000000 0.000000 0.414309 0.414309
-6.659 0.000000 0.000000 0.000000 0.000000 0.202878 0.202878 0.521538 0.521538 0.724416 0.559608
-6.657 0.430144 0.430144 0.000000 0.000000 0.384404 0.581933 0.000000 0.000000 0.814548 0.72365
-6.655 0.551953 0.562942 -0.442627 0.586213 0.573561 0.573561 0.283057 0.283057 0.965944 1.03424
-6.653 -0.772692 0.607777 -0.391871 0.391871 0.000000 0.000000 0.000000 0.000000 -1.16456 0.723157
-6.651 0.000000 0.000000 0.000000 0.000000 0.030307 0.789998 0.000000 0.000000 0.030307 0.789998
-6.649 0.000000 0.000000 0.000000 0.000000 0.000000 0.000000 0.465216 0.537106 0.465216 0.537106
-6.647 0.677984 0.496637 0.329389 0.329389 0.483534 0.483534 0.000000 0.000000 1.49091 0.767431
-6.645 0.000000 0.000000 0.000000 0.000000 0.000000 0.000000 0.000000 0.000000 0 0
-6.643 0.000000 0.000000 0.179219 0.616680 -0.392390 0.392390 0.240706 0.240706 0.027535 0.769548
-6.641 0.000000 0.000000 0.000000 0.000000 0.000000 0.000000 0.000000 0.000000 0 0
-6.639 0.127034 0.127034 1.184307 0.718700 0.000000 0.000000 -0.001022 0.811860 1.31032 1.09169
-6.637 -0.521748 0.577007 1.040952 0.736218 0.539032 0.539032 0.000000 0.000000 1.05824 1.07959
-6.635 0.000000 0.000000 0.000000 0.000000 0.000000 0.000000 0.509411 0.509411 0.509411 0.509411
-6.633 0.000000 0.000000 0.000000 0.000000 0.000000 0.000000 0.000000 0.000000 0 0
-6.631 0.000000 0.000000 -0.319424 0.614184 0.000000 0.000000 -0.129897 0.129897 -0.449321 0.62777
-6.629 0.172501 0.172501 0.761200 0.603474 0.573561 0.573561 0.000000 0.000000 1.50726 0.850241
-6.627 -0.574582 0.574582 0.749513 1.018825 -0.239924 0.239924 0.000000 0.000000 -0.064993 1.19403
-6.625 -0.105110 0.105110 0.000000 0.000000 0.000000 0.000000 0.746092 0.528308 0.640982 0.538663
-6.623 -0.574582 0.574582 0.000000 0.000000 -0.412232 0.412232 0.000000 0.000000 -0.986814 0.707163
-6.621 0.000000 0.000000 0.829364 0.628018 0.465750 0.465750 0.000000 0.000000 1.29511 0.781876
-6.619 0.067499 0.067499 -0.330110 0.330110 -0.123302 0.510513 -0.443397 0.579269 -0.82931 0.84244
-6.617 0.103096 0.103096 0.000000 0.000000 -0.555780 0.564810 -0.416108 0.416108 -0.868792 0.709073
-6.615 0.000000 0.000000 0.000000 0.000000 0.324867 0.625156 0.000000 0.000000 0.324867 0.625156
-6.613 0.000000 0.000000 0.182169 0.182169 0.559397 0.559397 0.000000 0.000000 0.741566 0.588312
-6.611 0.000000 0.000000 0.447667 0.447667 0.573561 0.573561 0.282632 0.282632 1.30386 0.78055
-6.609 0.000000 0.000000 0.000000 0.000000 0.000000 0.000000 0.000000 0.000000 0 0
-6.607 0.000000 0.000000 0.000000 0.000000 0.000000 0.000000 0.518271 0.518271 0.518271 0.518271
-6.605 0.000000 0.000000 0.121103 0.121103 -0.317331 0.317331 0.000946 0.000946 -0.195282 0.339655
-6.603 0.000000 0.000000 0.219060 0.219060 0.000000 0.000000 -0.359841 0.359841 -0.140781 0.421275
-6.601 0.000000 0.000000 0.137965 0.209680 0.000000 0.000000 0.000000 0.000000 0.137965 0.20968
-6.599 0.000000 0.000000 0.521538 0.521538 0.000000 0.000000 -0.542867 0.542867 -0.021329 0.752799
-6.597 0.000000 0.000000 -0.555547 0.555547 0.573561 0.573561 0.000000 0.000000 0.018014 0.798502
-6.595 0.000000 0.000000 0.573560 0.573560 0.556133 0.556133 0.000000 0.000000 1.12969 0.798909
-6.593 0.000000 0.000000 0.372519 0.451258 0.000000 0.000000 0.000000 0.000000 0.372519 0.451258
-6.591 0.000000 0.000000 0.000000 0.000000 0.000000 0.000000 0.000000 0.000000 0 0
-6.589 0.000000 0.000000 -0.047322 0.047322 0.000000 0.000000 0.000000 0.000000 -0.047322 0.047322
-6.587 -0.295055 0.295055 0.090938 0.090938 -0.404176 0.404176 0.000000 0.000000 -0.608293 0.508611
-6.585 0.000000 0.000000 0.000000 0.000000 0.000000 0.000000 0.000000 0.000000 0 0
-6.583 0.000000 0.000000 0.573561 0.573561 0.333128 0.333128 0.271451 0.271451 1.17814 0.716681
-6.581 0.000000 0.000000 0.000000 0.000000 0.000000 0.000000 0.000000 0.000000 0 0
-6.579 0.444060 0.444060 -0.100776 0.100776 0.000000 0.000000 0.000000 0.000000 0.343284 0.455352
-6.577 0.808439 0.619790 0.560946 0.560946 -0.277418 0.277418 0.000000 0.000000 1.09197 0.880773
-6.575 -0.134039 0.134039 0.000000 0.000000 -0.569926 0.569926 0.000000 0.000000 -0.703965 0.585476
-6.573 -0.228318 0.228318 -0.508030 0.578425 0.099445 0.099445 0.358518 0.358518 -0.278385 0.724658
-6.571 0.000000 0.000000 0.000000 0.000000 -0.182264 0.182264 0.046557 0.046557 -0.135707 0.188116
-6.569 -0.017862 0.017862 0.000000 0.000000 -0.169183 0.554278 0.000000 0.000000 -0.187045 0.554566
-6.567 0.801464 0.552048 0.000000 0.000000 0.000000 0.000000 0.000000 0.000000 0.801464 0.552048
-6.565 -0.572147 0.572147 0.327391 0.327391 0.071841 0.071841 0.000000 0.000000 -0.172915 0.663097
-6.563 0.000000 0.000000 0.000000 0.000000 0.000000 0.000000 0.000000 0.000000 0 0
-6.561 -0.369079 0.596590 0.000000 0.000000 -0.134347 0.134347 0.000000 0.000000 -0.503426 0.61153
