2.633499999999999730e+01 2.733499999999999730e+01
3.807999999999999829e+01 3.907999999999999829e+01
4.550499999999999545e+01 4.650499999999999545e+01
5.657500000000000284e+01 5.757500000000000284e+01
6.453999999999999204e+01 6.553999999999999204e+01
7.574499999999999034e+01 7.674499999999999034e+01
9.450999999999999091e+01 9.550999999999999091e+01
1.080100000000000051e+02 1.090100000000000051e+02
1.093599999999999994e+02 1.103599999999999994e+02
1.244799999999999898e+02 1.254799999999999898e+02
1.368999999999999773e+02 1.378999999999999773e+02
1.395999999999999943e+02 1.405999999999999943e+02
1.400049999999999955e+02 1.410049999999999955e+02
1.475649999999999977e+02 1.485649999999999977e+02
1.595799999999999841e+02 1.605799999999999841e+02
1.622800000000000011e+02 1.632800000000000011e+02
1.702450000000000045e+02 1.712450000000000045e+02
1.729449999999999932e+02 1.739449999999999932e+02
1.772649999999999864e+02 1.782649999999999864e+02
1.779399999999999977e+02 1.789399999999999977e+02
1.853650000000000091e+02 1.863650000000000091e+02
1.886049999999999898e+02 1.896049999999999898e+02
2.079099999999999966e+02 2.089099999999999966e+02
2.278899999999999864e+02 2.288899999999999864e+02
2.378799999999999955e+02 2.388799999999999955e+02
2.423349999999999795e+02 2.433349999999999795e+02
2.459799999999999898e+02 2.469799999999999898e+02
2.502999999999999829e+02 2.512999999999999829e+02
2.536749999999999829e+02 2.546749999999999829e+02
2.605600000000000023e+02 2.615600000000000023e+02
2.932299999999999613e+02 2.942299999999999613e+02
3.076749999999999545e+02 3.086749999999999545e+02
3.080799999999999841e+02 3.090799999999999841e+02
3.491200000000000045e+02 3.501200000000000045e+02
3.511449999999999818e+02 3.521449999999999818e+02
