4.921500000000000341e+01 5.062499999999999289e+01
6.460500000000000398e+01 6.560999999999998522e+01
7.162499999999998579e+01 7.303499999999998238e+01
7.580999999999998806e+01 7.721999999999998465e+01
8.701500000000000057e+01 8.842499999999999716e+01
8.998499999999999943e+01 9.112499999999998579e+01
9.443999999999999773e+01 9.598499999999999943e+01
9.740999999999999659e+01 9.881999999999999318e+01
1.095600000000000023e+02 1.111050000000000040e+02
1.137450000000000045e+02 1.151550000000000011e+02
1.214399999999999977e+02 1.229849999999999852e+02
1.246799999999999926e+02 1.258199999999999932e+02
1.279200000000000017e+02 1.289250000000000114e+02
1.353449999999999704e+02 1.364849999999999852e+02
1.362899999999999636e+02 1.381049999999999898e+02
1.442549999999999670e+02 1.453949999999999818e+02
1.472249999999999659e+02 1.486349999999999909e+02
1.507349999999999852e+02 1.530900000000000034e+02
1.591049999999999613e+02 1.607849999999999966e+02
1.623449999999999704e+02 1.638899999999999864e+02
1.700399999999999920e+02 1.714499999999999886e+02
1.731449999999999818e+02 1.744200000000000159e+02
1.774649999999999750e+02 1.790099999999999909e+02
1.805699999999999932e+02 1.818449999999999989e+02
1.823249999999999886e+02 1.838700000000000045e+02
1.885349999999999966e+02 1.895400000000000205e+02
1.970399999999999920e+02 1.987199999999999989e+02
2.121599999999999966e+02 2.134350000000000023e+02
2.272799999999999727e+02 2.289599999999999795e+02
2.329499999999999602e+02 2.339549999999999841e+02
2.379449999999999648e+02 2.394899999999999807e+02
2.414549999999999841e+02 2.440799999999999841e+02
2.498249999999999886e+02 2.516399999999999864e+02
2.576549999999999727e+02 2.587950000000000159e+02
2.606250000000000000e+02 2.617650000000000432e+02
2.631899999999999977e+02 2.641950000000000500e+02
2.654850000000000136e+02 2.664900000000000091e+02
2.687249999999999659e+02 2.697299999999999613e+02
2.726399999999999295e+02 2.741850000000000023e+02
2.801999999999999318e+02 2.813399999999999750e+02
2.877599999999999341e+02 2.891699999999999591e+02
3.085499999999999545e+02 3.096899999999999977e+02
3.105749999999999886e+02 3.117149999999999750e+02
3.161099999999999568e+02 3.173849999999999909e+02
3.212399999999999523e+02 3.226499999999999773e+02
3.313649999999999523e+02 3.323700000000000045e+02
