6.372999999999999687e+01 6.472999999999998977e+01
1.216449999999999960e+02 1.226449999999999960e+02
1.628199999999999932e+02 1.638199999999999932e+02
1.764549999999999841e+02 1.774549999999999841e+02
1.849600000000000080e+02 1.859600000000000080e+02
1.902249999999999943e+02 1.912249999999999943e+02
1.927899999999999920e+02 1.937899999999999920e+02
1.972450000000000045e+02 1.982450000000000045e+02
2.123650000000000091e+02 2.133650000000000091e+02
2.274849999999999852e+02 2.284849999999999852e+02
2.305899999999999750e+02 2.315899999999999750e+02
2.428749999999999716e+02 2.438749999999999716e+02
