0.000000000000000000e+00 3.376709641336180567e+00
3.921568627450980338e-03 6.641822792203263326e+00
7.843137254901960675e-03 5.075102037387085652e+00
1.176470588235294101e-02 5.349618883279788406e+00
1.568627450980392135e-02 4.236447262560450788e+00
1.960784313725490169e-02 6.383913747651915216e+00
2.352941176470588203e-02 7.100309383571753230e+00
2.745098039215686236e-02 4.675343636272786263e+00
3.137254901960784270e-02 5.077483699293443564e+00
3.529411764705882304e-02 4.395797251535386252e+00
3.921568627450980338e-02 5.152050751612490487e+00
4.313725490196078372e-02 2.594906943874052629e+00
4.705882352941176405e-02 5.078630505965766595e+00
5.098039215686274439e-02 7.625717593590493948e+00
5.490196078431372473e-02 5.008054229729375528e+00
5.882352941176470507e-02 4.940616865631833221e+00
6.274509803921568540e-02 6.842498890579470583e+00
6.666666666666666574e-02 4.332943314299847692e+00
7.058823529411764608e-02 6.213628073398535179e+00
7.450980392156862642e-02 5.914135338005251263e+00
7.843137254901960675e-02 5.171880078402368852e+00
8.235294117647058709e-02 5.177536771881285915e+00
8.627450980392156743e-02 7.412609085922541752e+00
9.019607843137254777e-02 5.570828227827065326e+00
9.411764705882352811e-02 4.526146198234919815e+00
9.803921568627450844e-02 4.818477457266763686e+00
1.019607843137254888e-01 5.234540557146850404e+00
1.058823529411764691e-01 5.787664797396876004e+00
1.098039215686274495e-01 3.682389094948748998e+00
1.137254901960784298e-01 4.655837250226557700e+00
1.176470588235294101e-01 4.344230580489485405e+00
1.215686274509803905e-01 2.727471941963861557e+00
1.254901960784313708e-01 4.593488189769277419e+00
1.294117647058823373e-01 3.788350699321282988e+00
1.333333333333333315e-01 5.222324117583863945e+00
1.372549019607843257e-01 5.310024151312584983e+00
1.411764705882352922e-01 4.267063242543933654e+00
1.450980392156862586e-01 5.327186118262821068e+00
1.490196078431372528e-01 5.533400055883478608e+00
1.529411764705882470e-01 4.227368112885542040e+00
1.568627450980392135e-01 3.711492469407470018e+00
1.607843137254901800e-01 2.401063617855241361e+00
1.647058823529411742e-01 2.767187069865237881e+00
1.686274509803921684e-01 2.670662599243550872e+00
1.725490196078431349e-01 3.925692080897803748e+00
1.764705882352941013e-01 3.110415612601548752e+00
1.803921568627450955e-01 4.666909875314164680e+00
1.843137254901960898e-01 5.054150571527432412e+00
1.882352941176470562e-01 3.438671066782936325e+00
1.921568627450980227e-01 3.941481487730659872e+00
1.960784313725490169e-01 6.341698476997977174e+00
2.000000000000000111e-01 5.521239338472931024e+00
2.039215686274509776e-01 5.664735447036271410e+00
2.078431372549019440e-01 5.628388974753164575e+00
2.117647058823529382e-01 3.731806562225345125e+00
2.156862745098039325e-01 4.836657145865979501e+00
2.196078431372548989e-01 5.448103763294392721e+00
2.235294117647058654e-01 4.256270962779738376e+00
2.274509803921568596e-01 4.838513069982806947e+00
2.313725490196078538e-01 4.135959000284762155e+00
2.352941176470588203e-01 5.728244614519879541e+00
2.392156862745097867e-01 4.845209675895130630e+00
2.431372549019607809e-01 7.861766227272099172e+00
2.470588235294117752e-01 4.526169144344532214e+00
2.509803921568627416e-01 3.323325695892035192e+00
2.549019607843137081e-01 5.310962593851248137e+00
2.588235294117646745e-01 5.250684708288648750e+00
2.627450980392156965e-01 6.423265492394773624e+00
2.666666666666666630e-01 5.358876761103077868e+00
2.705882352941176294e-01 4.364309714156221709e+00
2.745098039215686514e-01 6.416013968583555993e+00
2.784313725490196179e-01 4.786023082575965759e+00
2.823529411764705843e-01 4.652786882355838038e+00
2.862745098039215508e-01 5.453150924789605725e+00
2.901960784313725172e-01 6.837342869360882425e+00
2.941176470588235392e-01 5.536524075310678583e+00
2.980392156862745057e-01 6.472727471105654828e+00
3.019607843137254721e-01 4.564662381823973547e+00
3.058823529411764941e-01 6.778315625984809856e+00
3.098039215686274606e-01 8.003189675300397710e+00
3.137254901960784270e-01 4.161293296160616606e+00
3.176470588235293935e-01 4.951177255887353468e+00
3.215686274509803599e-01 6.847249809152677891e+00
3.254901960784313819e-01 3.697998400126624841e+00
3.294117647058823484e-01 6.506838884885891794e+00
3.333333333333333148e-01 4.213296755521336756e+00
3.372549019607843368e-01 3.509345209657713127e+00
3.411764705882353033e-01 6.058797985402085473e+00
3.450980392156862697e-01 6.575028286831313906e+00
3.490196078431372362e-01 6.052358516885393058e+00
3.529411764705882026e-01 5.306958045585799866e+00
3.568627450980392246e-01 4.356231494565445672e+00
3.607843137254901911e-01 5.696043221086258157e+00
3.647058823529411575e-01 4.873132110079756885e+00
3.686274509803921795e-01 6.047532812243554545e+00
3.725490196078431460e-01 3.628242471091661869e+00
3.764705882352941124e-01 4.519039077867009979e+00
3.803921568627450789e-01 2.582958834369612600e+00
3.843137254901960453e-01 6.579983338231680357e+00
3.882352941176470673e-01 5.519711607147531396e+00
3.921568627450980338e-01 4.105076338213610398e+00
3.960784313725490002e-01 5.586434462217728658e+00
4.000000000000000222e-01 5.264774727110586028e+00
4.039215686274509887e-01 4.742772418907446941e+00
4.078431372549019551e-01 4.581579913852899644e+00
4.117647058823529216e-01 6.003741202829886880e+00
4.156862745098038880e-01 6.451769934633920123e+00
4.196078431372549100e-01 3.330729118021691804e+00
4.235294117647058765e-01 3.975096806506553726e+00
4.274509803921568429e-01 4.107934939103837557e+00
4.313725490196078649e-01 7.168448021193014164e+00
4.352941176470588314e-01 6.656742118719908063e+00
4.392156862745097978e-01 7.914508401105145197e+00
4.431372549019607643e-01 5.338961070762824335e+00
4.470588235294117307e-01 6.271374384243490141e+00
4.509803921568627527e-01 4.942637578812048460e+00
4.549019607843137192e-01 5.500282659370302696e+00
4.588235294117646856e-01 6.515256053008058323e+00
4.627450980392157076e-01 4.638566463165408216e+00
4.666666666666666741e-01 5.135029562577773099e+00
4.705882352941176405e-01 5.505639757225697650e+00
4.745098039215686070e-01 5.573299443085494076e+00
4.784313725490195734e-01 7.624460646064282976e+00
4.823529411764705954e-01 5.887002515381845491e+00
4.862745098039215619e-01 4.777223620666277704e+00
4.901960784313725283e-01 4.699738774895019233e+00
4.941176470588235503e-01 5.883453167093325220e+00
4.980392156862745168e-01 6.316611499258362628e+00
5.019607843137254832e-01 6.836831813391230028e+00
5.058823529411764497e-01 6.676853917590150012e+00
5.098039215686274161e-01 6.196973364754661873e+00
5.137254901960783826e-01 4.426415097588130010e+00
5.176470588235293491e-01 5.615452948576474590e+00
5.215686274509804266e-01 6.115511101738944078e+00
5.254901960784313930e-01 4.932186868621674769e+00
5.294117647058823595e-01 6.504545207644683025e+00
5.333333333333333259e-01 4.663805456140382333e+00
5.372549019607842924e-01 5.468018267618732331e+00
5.411764705882352589e-01 6.072759302647594559e+00
5.450980392156862253e-01 6.284381920444329417e+00
5.490196078431373028e-01 5.771517338336293435e+00
5.529411764705882693e-01 5.859599776962431505e+00
5.568627450980392357e-01 4.707742358909601244e+00
5.607843137254902022e-01 4.336040446058085251e+00
5.647058823529411686e-01 5.883708669961688287e+00
5.686274509803921351e-01 4.372423857503465960e+00
5.725490196078431016e-01 4.971981943295308959e+00
5.764705882352940680e-01 5.308142634399297677e+00
5.803921568627450345e-01 8.567910834408490217e+00
5.843137254901961120e-01 7.136901532623840083e+00
5.882352941176470784e-01 4.739740411205929149e+00
5.921568627450980449e-01 5.077491427460087969e+00
5.960784313725490113e-01 5.172606163517970757e+00
5.999999999999999778e-01 4.624182730772574246e+00
6.039215686274509443e-01 5.071193414594246995e+00
6.078431372549019107e-01 6.187815572041384549e+00
6.117647058823529882e-01 6.967419756106465023e+00
6.156862745098039547e-01 5.158403607398444279e+00
6.196078431372549211e-01 5.315448075430817099e+00
6.235294117647058876e-01 5.786315496058206165e+00
6.274509803921568540e-01 6.242886204036769193e+00
6.313725490196078205e-01 5.810730290094780592e+00
6.352941176470587870e-01 5.942039697259786202e+00
6.392156862745097534e-01 6.201140637317063664e+00
6.431372549019607199e-01 5.008442997338772074e+00
6.470588235294117974e-01 4.175279786032032980e+00
6.509803921568627638e-01 3.937001615142353472e+00
6.549019607843137303e-01 8.122451644639522073e+00
6.588235294117646967e-01 7.117992738416178966e+00
6.627450980392156632e-01 7.139738743048719805e+00
6.666666666666666297e-01 6.517224743347658666e+00
6.705882352941175961e-01 6.623741917609804020e+00
6.745098039215686736e-01 5.541603588581384798e+00
6.784313725490196401e-01 5.672696083921541899e+00
6.823529411764706065e-01 5.137838894076245388e+00
6.862745098039215730e-01 5.428723072687896334e+00
6.901960784313725394e-01 5.217591813299495840e+00
6.941176470588235059e-01 5.176858589242040232e+00
6.980392156862744724e-01 5.302975408892493192e+00
7.019607843137254388e-01 5.703541836236873053e+00
7.058823529411764053e-01 4.590181409400741153e+00
7.098039215686274828e-01 6.231536975692745450e+00
7.137254901960784492e-01 6.010763822051512939e+00
7.176470588235294157e-01 5.474660368541758970e+00
7.215686274509803821e-01 5.823934365178812023e+00
7.254901960784313486e-01 6.683074155015168216e+00
7.294117647058823151e-01 5.384918285697529505e+00
7.333333333333332815e-01 5.741806659056266859e+00
7.372549019607843590e-01 6.447902326404652662e+00
7.411764705882353255e-01 3.996667034466020230e+00
7.450980392156862919e-01 4.378763961742730970e+00
7.490196078431372584e-01 5.602640802858521063e+00
7.529411764705882248e-01 4.967833475134804111e+00
7.568627450980391913e-01 6.202871895179197459e+00
7.607843137254901578e-01 5.072459010113476552e+00
7.647058823529411242e-01 7.133319662661146587e+00
7.686274509803920907e-01 3.997989789612662825e+00
7.725490196078431682e-01 6.077221201706903386e+00
7.764705882352941346e-01 6.211967627481127074e+00
7.803921568627451011e-01 5.975646924075437738e+00
7.843137254901960675e-01 6.651191765729311811e+00
7.882352941176470340e-01 4.526492231722897941e+00
7.921568627450980005e-01 5.267415673694277878e+00
7.960784313725489669e-01 6.356781227114772115e+00
8.000000000000000444e-01 4.119469747330417597e+00
8.039215686274510109e-01 5.840442598802940921e+00
8.078431372549019773e-01 4.761796689283215755e+00
8.117647058823529438e-01 3.862327530308560242e+00
8.156862745098039102e-01 6.791896914910998007e+00
8.196078431372548767e-01 4.099051330657462522e+00
8.235294117647058432e-01 5.620709111530234559e+00
8.274509803921568096e-01 6.998446875160005298e+00
8.313725490196077761e-01 7.895752276350348708e+00
8.352941176470588536e-01 5.018625082353630695e+00
8.392156862745098200e-01 5.512527254789726605e+00
8.431372549019607865e-01 5.947101210962588702e+00
8.470588235294117530e-01 6.369656932928277726e+00
8.509803921568627194e-01 5.969387944478109276e+00
8.549019607843136859e-01 6.293612893943522302e+00
8.588235294117646523e-01 5.874828238709651984e+00
8.627450980392157298e-01 4.196998757702703919e+00
8.666666666666666963e-01 5.661445221682369855e+00
8.705882352941176627e-01 5.680173654248252824e+00
8.745098039215686292e-01 4.527971899207418716e+00
8.784313725490195957e-01 3.284253786997941571e+00
8.823529411764705621e-01 6.763407384817053725e+00
8.862745098039215286e-01 4.737262525985385331e+00
8.901960784313724950e-01 4.498200284985890640e+00
8.941176470588234615e-01 4.615556418020209328e+00
8.980392156862745390e-01 5.357924679710091453e+00
9.019607843137255054e-01 4.758471935655313345e+00
9.058823529411764719e-01 2.960041560023876084e+00
9.098039215686274384e-01 4.687088136625531476e+00
9.137254901960784048e-01 6.220973325071915028e+00
9.176470588235293713e-01 6.042057781654759374e+00
9.215686274509803377e-01 7.096093809602448843e+00
9.254901960784314152e-01 5.210046071056829042e+00
9.294117647058823817e-01 3.404354423248609152e+00
9.333333333333333481e-01 6.904704549626105248e+00
9.372549019607843146e-01 4.996938508906709764e+00
9.411764705882352811e-01 4.659052137174951369e+00
9.450980392156862475e-01 3.619184648332474108e+00
9.490196078431372140e-01 5.342035939612373774e+00
9.529411764705881804e-01 4.230786109623021929e+00
9.568627450980391469e-01 5.234406915073578581e+00
9.607843137254902244e-01 3.940733208217828132e+00
9.647058823529411908e-01 4.585021990516123580e+00
9.686274509803921573e-01 4.032756579592140511e+00
9.725490196078431238e-01 4.682339214540625960e+00
9.764705882352940902e-01 5.818790294589886614e+00
9.803921568627450567e-01 3.878433497006500197e+00
9.843137254901960231e-01 4.492378517750073463e+00
9.882352941176471006e-01 4.465780695943077028e+00
9.921568627450980671e-01 3.149490116930468098e+00
9.960784313725490335e-01 6.581469617371967118e+00
1.000000000000000000e+00 3.916505734922797632e+00
