0.000000000000000000e+00 2.029945112225151949e+00
3.921568627450980338e-03 2.304224059985367390e+00
7.843137254901960675e-03 3.237949684155498886e+00
1.176470588235294101e-02 2.136306677088998462e+00
1.568627450980392135e-02 3.013214557290131435e+00
1.960784313725490169e-02 2.031680167657976543e+00
2.352941176470588203e-02 2.878202683275590257e+00
2.745098039215686236e-02 2.991685088230537470e+00
3.137254901960784270e-02 3.334611461110743136e+00
3.529411764705882304e-02 3.501699602072947393e+00
3.921568627450980338e-02 1.821566087532501488e+00
4.313725490196078372e-02 1.409356278613102198e+00
4.705882352941176405e-02 2.643433077216957638e+00
5.098039215686274439e-02 2.781529349241480098e+00
5.490196078431372473e-02 2.331123629802821728e+00
5.882352941176470507e-02 4.085558559048150684e+00
6.274509803921568540e-02 3.629795517807138161e+00
6.666666666666666574e-02 3.163350556363484500e+00
7.058823529411764608e-02 3.446749903157845019e+00
7.450980392156862642e-02 3.279954960074026094e+00
7.843137254901960675e-02 4.444519437264333739e+00
8.235294117647058709e-02 4.415076101181369062e+00
8.627450980392156743e-02 4.462148273546516108e+00
9.019607843137254777e-02 2.671328552162579584e+00
9.411764705882352811e-02 3.217851727933688455e+00
9.803921568627450844e-02 2.246150859399635991e+00
1.019607843137254888e-01 2.497758109931730974e+00
1.058823529411764691e-01 3.975505804398407950e+00
1.098039215686274495e-01 2.867034487672900589e+00
1.137254901960784298e-01 3.079772460278439983e+00
1.176470588235294101e-01 2.187792828851200966e+00
1.215686274509803905e-01 3.235389050284085855e+00
1.254901960784313708e-01 4.455113434271640749e+00
1.294117647058823373e-01 4.493201618727848512e+00
1.333333333333333315e-01 5.382791856281638587e+00
1.372549019607843257e-01 3.159332636123481031e+00
1.411764705882352922e-01 3.390476617272367932e+00
1.450980392156862586e-01 3.650662539164267528e+00
1.490196078431372528e-01 4.194239273764007514e+00
1.529411764705882470e-01 4.815659871121599878e+00
1.568627450980392135e-01 3.677084547923844315e+00
1.607843137254901800e-01 4.059918397032070025e+00
1.647058823529411742e-01 2.772696063841525671e+00
1.686274509803921684e-01 2.624158989672851661e+00
1.725490196078431349e-01 4.052832823268831319e+00
1.764705882352941013e-01 3.143934485178957239e+00
1.803921568627450955e-01 1.658954214989087017e+00
1.843137254901960898e-01 3.085903605624976898e+00
1.882352941176470562e-01 4.408587154096928806e+00
1.921568627450980227e-01 5.185125873750088488e+00
1.960784313725490169e-01 3.501597344564787662e+00
2.000000000000000111e-01 4.021780627944568032e+00
2.039215686274509776e-01 4.066868646691401246e+00
2.078431372549019440e-01 3.563614877976660988e+00
2.117647058823529382e-01 3.455477551392984292e+00
2.156862745098039325e-01 4.685280913620848864e+00
2.196078431372548989e-01 3.975833012916984543e+00
2.235294117647058654e-01 4.606423532608785010e+00
2.274509803921568596e-01 4.825949883228474846e+00
2.313725490196078538e-01 5.279650759448042407e+00
2.352941176470588203e-01 4.396088467305183656e+00
2.392156862745097867e-01 3.574040343739316672e+00
2.431372549019607809e-01 4.261840158079614582e+00
2.470588235294117752e-01 6.005754947439818636e+00
2.509803921568627416e-01 4.228971055753088848e+00
2.549019607843137081e-01 5.198260110737988882e+00
2.588235294117646745e-01 5.243382527604353527e+00
2.627450980392156965e-01 4.796258631861884503e+00
2.666666666666666630e-01 3.874913140314066418e+00
2.705882352941176294e-01 5.418551048717567653e+00
2.745098039215686514e-01 3.422330732115777430e+00
2.784313725490196179e-01 4.917237753126956434e+00
2.823529411764705843e-01 3.796889025063207690e+00
2.862745098039215508e-01 3.528358598373158017e+00
2.901960784313725172e-01 6.339277974185471010e+00
2.941176470588235392e-01 5.200695172668571509e+00
2.980392156862745057e-01 6.353758765100939954e+00
3.019607843137254721e-01 5.403031411616778357e+00
3.058823529411764941e-01 5.571135697638572637e+00
3.098039215686274606e-01 4.639314496038705826e+00
3.137254901960784270e-01 5.965970815702368313e+00
3.176470588235293935e-01 5.302176111038144235e+00
3.215686274509803599e-01 6.296304912210177740e+00
3.254901960784313819e-01 4.401927095834760273e+00
3.294117647058823484e-01 4.814423647651962845e+00
3.333333333333333148e-01 5.057721017359066984e+00
3.372549019607843368e-01 4.903133874452498375e+00
3.411764705882353033e-01 4.706090884134412455e+00
3.450980392156862697e-01 5.704873868669976922e+00
3.490196078431372362e-01 4.215054510459101067e+00
3.529411764705882026e-01 6.908252455897565980e+00
3.568627450980392246e-01 4.224775724986670866e+00
3.607843137254901911e-01 5.639562864803473019e+00
3.647058823529411575e-01 4.478304353345866851e+00
3.686274509803921795e-01 6.163498600810394024e+00
3.725490196078431460e-01 6.010255804642731903e+00
3.764705882352941124e-01 6.320741471073864304e+00
3.803921568627450789e-01 5.425129879975219005e+00
3.843137254901960453e-01 3.834006790504195905e+00
3.882352941176470673e-01 4.922025825354823247e+00
3.921568627450980338e-01 4.675046769284228354e+00
3.960784313725490002e-01 4.665798397371125006e+00
4.000000000000000222e-01 4.288802510515375310e+00
4.039215686274509887e-01 7.009549632743715009e+00
4.078431372549019551e-01 4.144677543184512203e+00
4.117647058823529216e-01 4.241698831731322450e+00
4.156862745098038880e-01 5.976658252340258493e+00
4.196078431372549100e-01 4.524868148275814406e+00
4.235294117647058765e-01 5.888997067021846554e+00
4.274509803921568429e-01 6.143500865888991136e+00
4.313725490196078649e-01 6.790048746882819231e+00
4.352941176470588314e-01 6.264368779722244263e+00
4.392156862745097978e-01 6.609703859160283912e+00
4.431372549019607643e-01 5.226332989637329618e+00
4.470588235294117307e-01 6.120574901480261509e+00
4.509803921568627527e-01 5.846921976241103103e+00
4.549019607843137192e-01 5.074989468571412310e+00
4.588235294117646856e-01 6.806209962485813669e+00
4.627450980392157076e-01 6.718396470490871408e+00
4.666666666666666741e-01 5.831565838086923748e+00
4.705882352941176405e-01 5.617969177126578728e+00
4.745098039215686070e-01 5.054552196305373890e+00
4.784313725490195734e-01 7.443618345307148942e+00
4.823529411764705954e-01 6.839406453298065180e+00
4.862745098039215619e-01 7.177354156238477501e+00
4.901960784313725283e-01 5.914177953089910567e+00
4.941176470588235503e-01 5.356150869901323830e+00
4.980392156862745168e-01 6.081235173463848120e+00
5.019607843137254832e-01 4.806500321294322475e+00
5.058823529411764497e-01 5.644138097253771136e+00
5.098039215686274161e-01 5.653506014638690402e+00
5.137254901960783826e-01 6.198793728040599582e+00
5.176470588235293491e-01 5.432950205519918363e+00
5.215686274509804266e-01 6.112231343716659993e+00
5.254901960784313930e-01 8.059019040337748407e+00
5.294117647058823595e-01 5.540801373223191106e+00
5.333333333333333259e-01 6.446173889638148857e+00
5.372549019607842924e-01 6.130566384160987425e+00
5.411764705882352589e-01 6.404150207159577057e+00
5.450980392156862253e-01 7.471469792864025905e+00
5.490196078431373028e-01 6.589896453550800004e+00
5.529411764705882693e-01 5.930642266694200693e+00
5.568627450980392357e-01 7.633818997318225996e+00
5.607843137254902022e-01 6.918686774799665429e+00
5.647058823529411686e-01 6.567551388101234622e+00
5.686274509803921351e-01 6.237090072511390915e+00
5.725490196078431016e-01 6.493327192083173216e+00
5.764705882352940680e-01 6.635387302880926264e+00
5.803921568627450345e-01 5.782900130529246674e+00
5.843137254901961120e-01 6.324024729709240233e+00
5.882352941176470784e-01 3.243995505286336734e+00
5.921568627450980449e-01 5.385615056299918990e+00
5.960784313725490113e-01 5.763801534644020563e+00
5.999999999999999778e-01 6.635372185684864199e+00
6.039215686274509443e-01 5.848768625663034015e+00
6.078431372549019107e-01 4.568327861072107865e+00
6.117647058823529882e-01 6.192006987532071349e+00
6.156862745098039547e-01 6.982213823680360143e+00
6.196078431372549211e-01 7.332759839452755557e+00
6.235294117647058876e-01 6.347424046192219116e+00
6.274509803921568540e-01 6.081529706682342606e+00
6.313725490196078205e-01 7.979990101368922950e+00
6.352941176470587870e-01 7.288876635561530648e+00
6.392156862745097534e-01 6.076713840397776956e+00
6.431372549019607199e-01 6.339333672083212967e+00
6.470588235294117974e-01 6.833396637744728608e+00
6.509803921568627638e-01 5.108136337550943651e+00
6.549019607843137303e-01 6.614801254405506370e+00
6.588235294117646967e-01 5.373440142223508964e+00
6.627450980392156632e-01 6.005820974717323679e+00
6.666666666666666297e-01 5.248131875169788962e+00
6.705882352941175961e-01 6.554755578308697039e+00
6.745098039215686736e-01 5.417932011314351648e+00
6.784313725490196401e-01 5.742534952721301877e+00
6.823529411764706065e-01 6.926936283316580401e+00
6.862745098039215730e-01 5.310154779823870186e+00
6.901960784313725394e-01 7.612992448309251259e+00
6.941176470588235059e-01 5.865503802553185153e+00
6.980392156862744724e-01 6.667346308052622739e+00
7.019607843137254388e-01 5.928293881111199148e+00
7.058823529411764053e-01 6.075996719654659373e+00
7.098039215686274828e-01 6.332206291854651781e+00
7.137254901960784492e-01 4.792020614239228316e+00
7.176470588235294157e-01 5.147733295482987970e+00
7.215686274509803821e-01 3.968783870648206591e+00
7.254901960784313486e-01 6.570652939063421627e+00
7.294117647058823151e-01 4.073065458257806526e+00
7.333333333333332815e-01 5.930539910854520258e+00
7.372549019607843590e-01 5.531721267157384325e+00
7.411764705882353255e-01 4.496607933774428467e+00
7.450980392156862919e-01 4.197685412785074455e+00
7.490196078431372584e-01 7.179381276584112292e+00
7.529411764705882248e-01 5.747601364781762534e+00
7.568627450980391913e-01 5.851540807796178356e+00
7.607843137254901578e-01 4.618424284380846956e+00
7.647058823529411242e-01 5.321803564300310541e+00
7.686274509803920907e-01 4.923382562290981923e+00
7.725490196078431682e-01 4.532856857677615814e+00
7.764705882352941346e-01 4.285004197329986830e+00
7.803921568627451011e-01 5.734453469192260400e+00
7.843137254901960675e-01 7.066118489979292150e+00
7.882352941176470340e-01 4.832424925408620453e+00
7.921568627450980005e-01 5.437024170990185645e+00
7.960784313725489669e-01 5.496324314931601229e+00
8.000000000000000444e-01 4.500610609745304913e+00
8.039215686274510109e-01 4.363994622569737025e+00
8.078431372549019773e-01 4.914607768147324585e+00
8.117647058823529438e-01 5.139454508538803701e+00
8.156862745098039102e-01 5.311660008820313195e+00
8.196078431372548767e-01 5.606601872062450198e+00
8.235294117647058432e-01 4.311421220462877457e+00
8.274509803921568096e-01 5.212442180694612404e+00
8.313725490196077761e-01 4.735329794806196979e+00
8.352941176470588536e-01 5.311279596171996076e+00
8.392156862745098200e-01 4.483118939016187632e+00
8.431372549019607865e-01 4.630248456890223352e+00
8.470588235294117530e-01 7.391703418166162720e+00
8.509803921568627194e-01 6.236065808106454611e+00
8.549019607843136859e-01 4.288928665945242358e+00
8.588235294117646523e-01 6.215334566485013035e+00
8.627450980392157298e-01 5.886228911937793740e+00
8.666666666666666963e-01 4.868987422180065749e+00
8.705882352941176627e-01 5.705500511529052687e+00
8.745098039215686292e-01 5.557067590579618077e+00
8.784313725490195957e-01 5.920768169032440298e+00
8.823529411764705621e-01 6.535889451497624236e+00
8.862745098039215286e-01 5.811422552259578822e+00
8.901960784313724950e-01 6.262775426186460770e+00
8.941176470588234615e-01 4.130642472520144715e+00
8.980392156862745390e-01 5.404294535470563154e+00
9.019607843137255054e-01 5.243201011566670289e+00
9.058823529411764719e-01 5.371710798519505836e+00
9.098039215686274384e-01 4.344923074214813496e+00
9.137254901960784048e-01 6.089287674823053997e+00
9.176470588235293713e-01 6.302022741836150743e+00
9.215686274509803377e-01 4.336631165558230805e+00
9.254901960784314152e-01 5.507803919206148535e+00
9.294117647058823817e-01 5.374342252688920851e+00
9.333333333333333481e-01 5.221913720902083611e+00
9.372549019607843146e-01 6.320666441910359978e+00
9.411764705882352811e-01 4.897634088318952195e+00
9.450980392156862475e-01 4.797182459005231436e+00
9.490196078431372140e-01 6.928188066501316911e+00
9.529411764705881804e-01 6.011273969990595489e+00
9.568627450980391469e-01 4.965913149497317214e+00
9.607843137254902244e-01 4.652455769996550750e+00
9.647058823529411908e-01 6.258089726560429611e+00
9.686274509803921573e-01 5.375676986594310591e+00
9.725490196078431238e-01 3.703795561161076222e+00
9.764705882352940902e-01 4.913761465096357917e+00
9.803921568627450567e-01 5.497595122705030590e+00
9.843137254901960231e-01 7.339933709350492386e+00
9.882352941176471006e-01 4.324047202114497779e+00
9.921568627450980671e-01 6.183284246668030448e+00
9.960784313725490335e-01 4.999395927457994659e+00
1.000000000000000000e+00 7.006298348823008837e+00
