0.000000000000000000e+00 5.075740987104337520e+00
3.921568627450980338e-03 2.875353178385643638e+00
7.843137254901960675e-03 3.877093565728040758e+00
1.176470588235294101e-02 5.286402582822800511e+00
1.568627450980392135e-02 2.765043001820143509e+00
1.960784313725490169e-02 4.493466914928336386e+00
2.352941176470588203e-02 4.188732654345089124e+00
2.745098039215686236e-02 3.793767545937042573e+00
3.137254901960784270e-02 3.479515826916168564e+00
3.529411764705882304e-02 4.099425109301366277e+00
3.921568627450980338e-02 3.820567671445197711e+00
4.313725490196078372e-02 4.258379599657018844e+00
4.705882352941176405e-02 4.919293973942532539e+00
5.098039215686274439e-02 3.378822434770849981e+00
5.490196078431372473e-02 6.357783061069811836e+00
5.882352941176470507e-02 6.146904796232255386e+00
6.274509803921568540e-02 3.726286662688055085e+00
6.666666666666666574e-02 3.545955382110485665e+00
7.058823529411764608e-02 2.995423941863469608e+00
7.450980392156862642e-02 4.336383227268850504e+00
7.843137254901960675e-02 4.941135536295647057e+00
8.235294117647058709e-02 3.781195374183478286e+00
8.627450980392156743e-02 5.079110536004225906e+00
9.019607843137254777e-02 4.125408014876103202e+00
9.411764705882352811e-02 5.067990188286358055e+00
9.803921568627450844e-02 4.525530270302151159e+00
1.019607843137254888e-01 6.203192788287207549e+00
1.058823529411764691e-01 4.569023824126005273e+00
1.098039215686274495e-01 4.266673334532102402e+00
1.137254901960784298e-01 4.149201084922532701e+00
1.176470588235294101e-01 4.135909526952529447e+00
1.215686274509803905e-01 2.884929518243153357e+00
1.254901960784313708e-01 7.069029563177769759e+00
1.294117647058823373e-01 7.411431858144320373e+00
1.333333333333333315e-01 6.493938546794513655e+00
1.372549019607843257e-01 2.798310005051269478e+00
1.411764705882352922e-01 6.066915693999800574e+00
1.450980392156862586e-01 5.231593064790806658e+00
1.490196078431372528e-01 5.152509279216013205e+00
1.529411764705882470e-01 6.784696271055853600e+00
1.568627450980392135e-01 5.583227017505080880e+00
1.607843137254901800e-01 7.634839176266160266e+00
1.647058823529411742e-01 5.586324184331021847e+00
1.686274509803921684e-01 4.632170293409138218e+00
1.725490196078431349e-01 4.329203719679964202e+00
1.764705882352941013e-01 5.234818781431179957e+00
1.803921568627450955e-01 4.421781862285345532e+00
1.843137254901960898e-01 8.058741220696115093e+00
1.882352941176470562e-01 5.056753609696676754e+00
1.921568627450980227e-01 5.692515425490824121e+00
1.960784313725490169e-01 6.080006776682279401e+00
2.000000000000000111e-01 7.558081973447771773e+00
2.039215686274509776e-01 5.569791532421463742e+00
2.078431372549019440e-01 5.002667562090963749e+00
2.117647058823529382e-01 5.307098541661561697e+00
2.156862745098039325e-01 6.928732941055990580e+00
2.196078431372548989e-01 7.201662946848136571e+00
2.235294117647058654e-01 5.865975068594808661e+00
2.274509803921568596e-01 6.606418340635637598e+00
2.313725490196078538e-01 6.228082919967449449e+00
2.352941176470588203e-01 7.469159612475249510e+00
2.392156862745097867e-01 6.252653344099209143e+00
2.431372549019607809e-01 5.445049624458960125e+00
2.470588235294117752e-01 5.756032201045253593e+00
2.509803921568627416e-01 4.883306524696291895e+00
2.549019607843137081e-01 5.991269433165955505e+00
2.588235294117646745e-01 6.375933479949940974e+00
2.627450980392156965e-01 6.781923511304909447e+00
2.666666666666666630e-01 7.028490791486808220e+00
2.705882352941176294e-01 5.769543449230123855e+00
2.745098039215686514e-01 8.161189443474627936e+00
2.784313725490196179e-01 6.218260104860663162e+00
2.823529411764705843e-01 7.144509616530655194e+00
2.862745098039215508e-01 9.122845740110779644e+00
2.901960784313725172e-01 5.320652378739025856e+00
2.941176470588235392e-01 6.912029261164075677e+00
2.980392156862745057e-01 7.461127792973764272e+00
3.019607843137254721e-01 5.576386900542074976e+00
3.058823529411764941e-01 5.829048693907717293e+00
3.098039215686274606e-01 4.335108713124334656e+00
3.137254901960784270e-01 8.007693654500616987e+00
3.176470588235293935e-01 6.648380035292101198e+00
3.215686274509803599e-01 7.084235963295490990e+00
3.254901960784313819e-01 6.799756918450553300e+00
3.294117647058823484e-01 8.535781108451473642e+00
3.333333333333333148e-01 7.604757988447997441e+00
3.372549019607843368e-01 7.589668931941997876e+00
3.411764705882353033e-01 7.743412432555102143e+00
3.450980392156862697e-01 7.702290345639207558e+00
3.490196078431372362e-01 7.594937433932779314e+00
3.529411764705882026e-01 6.725598842294276736e+00
3.568627450980392246e-01 7.957483864988243560e+00
3.607843137254901911e-01 5.717866289271768210e+00
3.647058823529411575e-01 6.859747292717001343e+00
3.686274509803921795e-01 4.556006828154060884e+00
3.725490196078431460e-01 4.820601946928413817e+00
3.764705882352941124e-01 6.759069828741129271e+00
3.803921568627450789e-01 8.982071691426359195e+00
3.843137254901960453e-01 5.600119327049017492e+00
3.882352941176470673e-01 8.692317442213731482e+00
3.921568627450980338e-01 7.218499525746833179e+00
3.960784313725490002e-01 8.255358856703209014e+00
4.000000000000000222e-01 6.571479345320916821e+00
4.039215686274509887e-01 8.726623931574597037e+00
4.078431372549019551e-01 6.914221132339957165e+00
4.117647058823529216e-01 6.114786973453232299e+00
4.156862745098038880e-01 9.076458015122817358e+00
4.196078431372549100e-01 6.939074728971695194e+00
4.235294117647058765e-01 8.200749552227563299e+00
4.274509803921568429e-01 8.956040630955353521e+00
4.313725490196078649e-01 7.098915545868050181e+00
4.352941176470588314e-01 8.372066830146144056e+00
4.392156862745097978e-01 8.048288069480623363e+00
4.431372549019607643e-01 7.970919800696700364e+00
4.470588235294117307e-01 6.936059838451271276e+00
4.509803921568627527e-01 6.372164300493434297e+00
4.549019607843137192e-01 7.925524073732106878e+00
4.588235294117646856e-01 7.974587314960854378e+00
4.627450980392157076e-01 7.881627483652308364e+00
4.666666666666666741e-01 9.310318073702520181e+00
4.705882352941176405e-01 8.370222584545794930e+00
4.745098039215686070e-01 8.492774090076977700e+00
4.784313725490195734e-01 7.045690770724761798e+00
4.823529411764705954e-01 6.263995609686981325e+00
4.862745098039215619e-01 8.129064446968422786e+00
4.901960784313725283e-01 7.699956638932381914e+00
4.941176470588235503e-01 7.748783893586212557e+00
4.980392156862745168e-01 8.182965983610166916e+00
5.019607843137254832e-01 1.021244384310051068e+01
5.058823529411764497e-01 8.228583690345896429e+00
5.098039215686274161e-01 7.001678225029438707e+00
5.137254901960783826e-01 5.860067138728034308e+00
5.176470588235293491e-01 6.482602252783978614e+00
5.215686274509804266e-01 6.727523923294506325e+00
5.254901960784313930e-01 8.177010394341930777e+00
5.294117647058823595e-01 8.348470963506251508e+00
5.333333333333333259e-01 8.140359120875000798e+00
5.372549019607842924e-01 7.659572211105528439e+00
5.411764705882352589e-01 8.102401051788485020e+00
5.450980392156862253e-01 8.224623408791167378e+00
5.490196078431373028e-01 7.499255980998523086e+00
5.529411764705882693e-01 8.564185331116334510e+00
5.568627450980392357e-01 8.558813403061998670e+00
5.607843137254902022e-01 8.564842438129939950e+00
5.647058823529411686e-01 6.391378879888398146e+00
5.686274509803921351e-01 7.569072283017447944e+00
5.725490196078431016e-01 5.056404510167413768e+00
5.764705882352940680e-01 7.327190909528968454e+00
5.803921568627450345e-01 6.666623702217613356e+00
5.843137254901961120e-01 6.393937150337572817e+00
5.882352941176470784e-01 8.352254637223822442e+00
5.921568627450980449e-01 7.496839049040650238e+00
5.960784313725490113e-01 7.734515814711036441e+00
5.999999999999999778e-01 9.015046833218494982e+00
6.039215686274509443e-01 6.450709512510005794e+00
6.078431372549019107e-01 8.720471389386521111e+00
6.117647058823529882e-01 7.092264683324815522e+00
6.156862745098039547e-01 7.169090465570120863e+00
6.196078431372549211e-01 7.968497260860842424e+00
6.235294117647058876e-01 6.379188648906510828e+00
6.274509803921568540e-01 7.010275361041442999e+00
6.313725490196078205e-01 6.387895475572016757e+00
6.352941176470587870e-01 7.122195970366609785e+00
6.392156862745097534e-01 6.776959996738392888e+00
6.431372549019607199e-01 7.865909954846459939e+00
6.470588235294117974e-01 6.569261064615916190e+00
6.509803921568627638e-01 5.591716637665721024e+00
6.549019607843137303e-01 6.925234316347086860e+00
6.588235294117646967e-01 6.329324946625851211e+00
6.627450980392156632e-01 8.902496686520454006e+00
6.666666666666666297e-01 6.050782402227362411e+00
6.705882352941175961e-01 6.743268840405105102e+00
6.745098039215686736e-01 8.395151328193655615e+00
6.784313725490196401e-01 6.801606266370757936e+00
6.823529411764706065e-01 5.478166321209442025e+00
6.862745098039215730e-01 6.970473505746801912e+00
6.901960784313725394e-01 6.509275009215451213e+00
6.941176470588235059e-01 8.822973334816294866e+00
6.980392156862744724e-01 7.040339219633015233e+00
7.019607843137254388e-01 8.532929758642030293e+00
7.058823529411764053e-01 6.032420089809770403e+00
7.098039215686274828e-01 6.970515955321793022e+00
7.137254901960784492e-01 6.697226359920508187e+00
7.176470588235294157e-01 4.487238263390857185e+00
7.215686274509803821e-01 7.192694664956187367e+00
7.254901960784313486e-01 5.581125267822896419e+00
7.294117647058823151e-01 5.914631607304071004e+00
7.333333333333332815e-01 5.945015219789483218e+00
7.372549019607843590e-01 4.652863549977673152e+00
7.411764705882353255e-01 5.709175005944270964e+00
7.450980392156862919e-01 5.676674140625867615e+00
7.490196078431372584e-01 5.749375683024219974e+00
7.529411764705882248e-01 6.941280152961775585e+00
7.568627450980391913e-01 6.255560295025883732e+00
7.607843137254901578e-01 6.023805619776251064e+00
7.647058823529411242e-01 7.727035657819561365e+00
7.686274509803920907e-01 4.475327245636723461e+00
7.725490196078431682e-01 6.755685059080370536e+00
7.764705882352941346e-01 7.055017102358188907e+00
7.803921568627451011e-01 5.434718817810332503e+00
7.843137254901960675e-01 4.645289664845265953e+00
7.882352941176470340e-01 7.091341089743032455e+00
7.921568627450980005e-01 4.297474462736770917e+00
7.960784313725489669e-01 6.792565015058880995e+00
8.000000000000000444e-01 6.465232567647484885e+00
8.039215686274510109e-01 5.891329814391727204e+00
8.078431372549019773e-01 7.491285839981890682e+00
8.117647058823529438e-01 8.207115309173861561e+00
8.156862745098039102e-01 6.848000953043933414e+00
8.196078431372548767e-01 3.699632097192675495e+00
8.235294117647058432e-01 5.456633534609330205e+00
8.274509803921568096e-01 4.463928166162208555e+00
8.313725490196077761e-01 5.428749853917239854e+00
8.352941176470588536e-01 5.160735751568268803e+00
8.392156862745098200e-01 4.909554868662609373e+00
8.431372549019607865e-01 5.862429022098184284e+00
8.470588235294117530e-01 5.550543663985594733e+00
8.509803921568627194e-01 6.064374124119478182e+00
8.549019607843136859e-01 4.281960316645237796e+00
8.588235294117646523e-01 5.974379994364634072e+00
8.627450980392157298e-01 4.294187272508458442e+00
8.666666666666666963e-01 5.274328329321866349e+00
8.705882352941176627e-01 5.943188043613546689e+00
8.745098039215686292e-01 6.388384371141186513e+00
8.784313725490195957e-01 4.741230536567373477e+00
8.823529411764705621e-01 4.254558663496412763e+00
8.862745098039215286e-01 6.762700105251648885e+00
8.901960784313724950e-01 5.749081479654438276e+00
8.941176470588234615e-01 6.341498378919252943e+00
8.980392156862745390e-01 5.004999521226768167e+00
9.019607843137255054e-01 4.940517985946681456e+00
9.058823529411764719e-01 6.103340245997654456e+00
9.098039215686274384e-01 6.591073745565689812e+00
9.137254901960784048e-01 4.674084850906005784e+00
9.176470588235293713e-01 6.915691344331478696e+00
9.215686274509803377e-01 6.310743458611151269e+00
9.254901960784314152e-01 6.839841443975353208e+00
9.294117647058823817e-01 5.157923131265093275e+00
9.333333333333333481e-01 5.901751565201264427e+00
9.372549019607843146e-01 5.738900875925083689e+00
9.411764705882352811e-01 5.911700010729804333e+00
9.450980392156862475e-01 4.844217451213809866e+00
9.490196078431372140e-01 5.461225543904541624e+00
9.529411764705881804e-01 8.322922468210858682e+00
9.568627450980391469e-01 3.843814796076141072e+00
9.607843137254902244e-01 7.085746193605624299e+00
9.647058823529411908e-01 4.988749306513828863e+00
9.686274509803921573e-01 5.844102510429120656e+00
9.725490196078431238e-01 7.271940156181668335e+00
9.764705882352940902e-01 6.448783947099097524e+00
9.803921568627450567e-01 6.275249713062960311e+00
9.843137254901960231e-01 4.428075412724608917e+00
9.882352941176471006e-01 7.531386187919052233e+00
9.921568627450980671e-01 7.659867375299041825e+00
9.960784313725490335e-01 6.369602792048196349e+00
1.000000000000000000e+00 7.763818061632204781e+00
