0.000000000000000000e+00 2.786550421596448501e+00
3.921568627450980338e-03 3.456117807879110604e+00
7.843137254901960675e-03 3.903339590091428057e+00
1.176470588235294101e-02 4.156375014497945664e+00
1.568627450980392135e-02 3.584684455439755446e+00
1.960784313725490169e-02 3.329690067149571053e+00
2.352941176470588203e-02 3.464462384815856222e+00
2.745098039215686236e-02 3.581085255103495069e+00
3.137254901960784270e-02 2.956515200571483870e+00
3.529411764705882304e-02 2.135855837581071448e+00
3.921568627450980338e-02 3.628234424953493686e+00
4.313725490196078372e-02 3.097335032516090880e+00
4.705882352941176405e-02 2.639939865389544948e+00
5.098039215686274439e-02 2.612984681510988949e+00
5.490196078431372473e-02 5.078517001179178258e+00
5.882352941176470507e-02 3.316569561473909022e+00
6.274509803921568540e-02 3.673376343251665066e+00
6.666666666666666574e-02 4.090158898223345219e+00
7.058823529411764608e-02 4.975612275188574962e+00
7.450980392156862642e-02 4.585056865709353779e+00
7.843137254901960675e-02 4.063704183535153724e+00
8.235294117647058709e-02 3.589818242135118354e+00
8.627450980392156743e-02 2.083570586814405878e+00
9.019607843137254777e-02 3.586977235770487660e+00
9.411764705882352811e-02 2.740024613178646096e+00
9.803921568627450844e-02 4.528473384368004950e+00
1.019607843137254888e-01 5.294712026463891164e+00
1.058823529411764691e-01 4.233587985041351587e+00
1.098039215686274495e-01 3.406382562258011504e+00
1.137254901960784298e-01 3.276836986966517706e+00
1.176470588235294101e-01 4.918582432151627160e+00
1.215686274509803905e-01 3.131334911124123099e+00
1.254901960784313708e-01 2.767601190533651057e+00
1.294117647058823373e-01 5.427725888166246015e+00
1.333333333333333315e-01 5.245274857154489823e+00
1.372549019607843257e-01 5.551779441299400375e+00
1.411764705882352922e-01 5.458542031388140536e+00
1.450980392156862586e-01 4.395902896246342451e+00
1.490196078431372528e-01 5.680496281248172963e+00
1.529411764705882470e-01 5.440917809003398276e+00
1.568627450980392135e-01 3.811788331478423775e+00
1.607843137254901800e-01 6.998234842430890446e+00
1.647058823529411742e-01 3.760310156414778504e+00
1.686274509803921684e-01 2.016302829165869337e+00
1.725490196078431349e-01 5.012754662295495933e+00
1.764705882352941013e-01 5.192245822446537318e+00
1.803921568627450955e-01 5.213794133638542938e+00
1.843137254901960898e-01 5.661636417009187738e+00
1.882352941176470562e-01 4.382636621599338866e+00
1.921568627450980227e-01 5.777152678043616874e+00
1.960784313725490169e-01 6.007821157288021574e+00
2.000000000000000111e-01 6.668146459379985735e+00
2.039215686274509776e-01 4.972858393800737353e+00
2.078431372549019440e-01 5.870094454608413059e+00
2.117647058823529382e-01 5.944274057455261939e+00
2.156862745098039325e-01 5.382575169155335182e+00
2.196078431372548989e-01 4.915893161202894213e+00
2.235294117647058654e-01 5.201440191039671923e+00
2.274509803921568596e-01 4.131263863920432655e+00
2.313725490196078538e-01 5.545875325727369187e+00
2.352941176470588203e-01 5.206792607911705062e+00
2.392156862745097867e-01 7.164101012727862816e+00
2.431372549019607809e-01 5.640552050635089465e+00
2.470588235294117752e-01 4.847400897520008911e+00
2.509803921568627416e-01 5.821955862284291960e+00
2.549019607843137081e-01 3.796998090763016975e+00
2.588235294117646745e-01 6.813476531885778620e+00
2.627450980392156965e-01 7.601274009135547516e+00
2.666666666666666630e-01 3.939636339274382948e+00
2.705882352941176294e-01 4.793136254499581916e+00
2.745098039215686514e-01 5.903510786846570824e+00
2.784313725490196179e-01 4.195944685424461085e+00
2.823529411764705843e-01 4.530445870451059953e+00
2.862745098039215508e-01 4.502478857650711319e+00
2.901960784313725172e-01 4.806866019488762021e+00
2.941176470588235392e-01 4.883793466279650275e+00
2.980392156862745057e-01 4.580571479786714306e+00
3.019607843137254721e-01 6.107309721267932368e+00
3.058823529411764941e-01 4.327278079005514755e+00
3.098039215686274606e-01 5.390545357858454345e+00
3.137254901960784270e-01 6.151828979976109224e+00
3.176470588235293935e-01 6.353384358432867529e+00
3.215686274509803599e-01 4.428044557671686476e+00
3.254901960784313819e-01 4.857954173117160934e+00
3.294117647058823484e-01 6.332387127923341907e+00
3.333333333333333148e-01 4.653561048470085559e+00
3.372549019607843368e-01 4.659414562878478883e+00
3.411764705882353033e-01 6.593433171046200414e+00
3.450980392156862697e-01 5.908703558952583812e+00
3.490196078431372362e-01 6.124976535560257673e+00
3.529411764705882026e-01 5.174467436773105611e+00
3.568627450980392246e-01 5.004854595239144111e+00
3.607843137254901911e-01 5.235907684293111153e+00
3.647058823529411575e-01 3.458710814909276010e+00
3.686274509803921795e-01 5.194864166592163102e+00
3.725490196078431460e-01 4.932276259595674617e+00
3.764705882352941124e-01 6.212099869419192899e+00
3.803921568627450789e-01 6.632899626340346799e+00
3.843137254901960453e-01 6.969174426407751533e+00
3.882352941176470673e-01 4.821525320410078308e+00
3.921568627450980338e-01 6.198045069653756123e+00
3.960784313725490002e-01 6.076260086064571908e+00
4.000000000000000222e-01 5.909763474486118717e+00
4.039215686274509887e-01 6.832165175711681471e+00
4.078431372549019551e-01 6.845760783460636212e+00
4.117647058823529216e-01 6.212536550676701630e+00
4.156862745098038880e-01 5.665226836437427416e+00
4.196078431372549100e-01 6.923864721354835439e+00
4.235294117647058765e-01 7.202171293467809043e+00
4.274509803921568429e-01 5.628816563124141581e+00
4.313725490196078649e-01 4.014963722908015953e+00
4.352941176470588314e-01 7.126702737607475413e+00
4.392156862745097978e-01 6.988218881873478949e+00
4.431372549019607643e-01 6.261681681696657620e+00
4.470588235294117307e-01 4.884162335873060812e+00
4.509803921568627527e-01 4.726394103419149673e+00
4.549019607843137192e-01 4.473533338237549728e+00
4.588235294117646856e-01 7.028567765652252497e+00
4.627450980392157076e-01 4.350894337692793101e+00
4.666666666666666741e-01 6.744925651469784178e+00
4.705882352941176405e-01 6.665937011563284997e+00
4.745098039215686070e-01 6.437030988433676271e+00
4.784313725490195734e-01 5.770031498981082585e+00
4.823529411764705954e-01 5.532453339177163087e+00
4.862745098039215619e-01 5.938044691847079726e+00
4.901960784313725283e-01 7.919266172544229931e+00
4.941176470588235503e-01 7.474551825371147373e+00
4.980392156862745168e-01 8.811976793645786898e+00
5.019607843137254832e-01 7.008963063645255787e+00
5.058823529411764497e-01 5.398559327562768573e+00
5.098039215686274161e-01 6.131840830024576583e+00
5.137254901960783826e-01 7.409963649975885858e+00
5.176470588235293491e-01 5.021382993436440678e+00
5.215686274509804266e-01 5.960186605644005375e+00
5.254901960784313930e-01 6.020235171286327791e+00
5.294117647058823595e-01 5.786704708089581928e+00
5.333333333333333259e-01 5.193959196262611933e+00
5.372549019607842924e-01 8.006580618063068755e+00
5.411764705882352589e-01 4.426315455150301226e+00
5.450980392156862253e-01 8.441941295153139180e+00
5.490196078431373028e-01 6.846357241015459394e+00
5.529411764705882693e-01 6.112026469127546768e+00
5.568627450980392357e-01 6.475154087126835378e+00
5.607843137254902022e-01 5.610028484878046839e+00
5.647058823529411686e-01 6.614492657210433002e+00
5.686274509803921351e-01 5.311092836951231355e+00
5.725490196078431016e-01 5.820518628155008756e+00
5.764705882352940680e-01 6.233251073563022437e+00
5.803921568627450345e-01 6.523609941095410036e+00
5.843137254901961120e-01 6.255199671759934077e+00
5.882352941176470784e-01 6.960806445047179380e+00
5.921568627450980449e-01 6.793341006662535264e+00
5.960784313725490113e-01 7.211810584175485594e+00
5.999999999999999778e-01 6.844270061142141870e+00
6.039215686274509443e-01 4.110947898163891168e+00
6.078431372549019107e-01 5.421461793891520387e+00
6.117647058823529882e-01 4.761338454765891903e+00
6.156862745098039547e-01 5.820366284218430053e+00
6.196078431372549211e-01 5.571687261020835003e+00
6.235294117647058876e-01 5.130635679516703185e+00
6.274509803921568540e-01 4.154209222792302647e+00
6.313725490196078205e-01 7.975401318556327723e+00
6.352941176470587870e-01 5.626502513243098136e+00
6.392156862745097534e-01 7.254382212099810268e+00
6.431372549019607199e-01 7.961946552821927980e+00
6.470588235294117974e-01 7.065898667834332514e+00
6.509803921568627638e-01 4.850398983989001600e+00
6.549019607843137303e-01 5.038673498036606802e+00
6.588235294117646967e-01 7.135441691134928988e+00
6.627450980392156632e-01 6.887307170545863499e+00
6.666666666666666297e-01 6.495196945436480185e+00
6.705882352941175961e-01 5.433595545430463858e+00
6.745098039215686736e-01 6.138996696089679794e+00
6.784313725490196401e-01 6.752139503759373440e+00
6.823529411764706065e-01 5.400940368332243224e+00
6.862745098039215730e-01 4.426898406105284067e+00
6.901960784313725394e-01 5.614637233117827364e+00
6.941176470588235059e-01 4.651113035061804624e+00
6.980392156862744724e-01 6.184885675955086981e+00
7.019607843137254388e-01 3.378948362832246310e+00
7.058823529411764053e-01 6.680401680926020269e+00
7.098039215686274828e-01 4.449382114475795902e+00
7.137254901960784492e-01 6.728128376630236218e+00
7.176470588235294157e-01 6.281259340615187980e+00
7.215686274509803821e-01 5.158964039891534625e+00
7.254901960784313486e-01 5.614979979058722925e+00
7.294117647058823151e-01 6.535245554532258083e+00
7.333333333333332815e-01 5.492367318066552428e+00
7.372549019607843590e-01 8.436505098472286690e+00
7.411764705882353255e-01 4.219654997738503610e+00
7.450980392156862919e-01 4.992840465333749478e+00
7.490196078431372584e-01 6.444222075097862046e+00
7.529411764705882248e-01 4.327290106119301427e+00
7.568627450980391913e-01 5.787422296948216527e+00
7.607843137254901578e-01 5.806478892911268730e+00
7.647058823529411242e-01 5.304876199320404773e+00
7.686274509803920907e-01 3.651939198975438394e+00
7.725490196078431682e-01 4.969667508872364969e+00
7.764705882352941346e-01 7.997776515134745523e+00
7.803921568627451011e-01 4.150640402002138352e+00
7.843137254901960675e-01 6.123110072434435835e+00
7.882352941176470340e-01 5.868154115838067675e+00
7.921568627450980005e-01 4.707485742749968338e+00
7.960784313725489669e-01 6.899629844241086829e+00
8.000000000000000444e-01 4.195297087341903541e+00
8.039215686274510109e-01 4.954783358944092164e+00
8.078431372549019773e-01 4.277099323509071738e+00
8.117647058823529438e-01 6.614525378627573282e+00
8.156862745098039102e-01 4.633601373545834790e+00
8.196078431372548767e-01 5.771459507007175915e+00
8.235294117647058432e-01 5.570569407708039655e+00
8.274509803921568096e-01 5.420233443528574391e+00
8.313725490196077761e-01 5.212659128920713592e+00
8.352941176470588536e-01 2.340431173415364441e+00
8.392156862745098200e-01 5.641223903117561278e+00
8.431372549019607865e-01 5.618281249919814258e+00
8.470588235294117530e-01 5.110242566934656061e+00
8.509803921568627194e-01 6.315388297039250531e+00
8.549019607843136859e-01 4.077588773425527613e+00
8.588235294117646523e-01 5.220335944942441131e+00
8.627450980392157298e-01 6.239926901229513767e+00
8.666666666666666963e-01 3.843015347759829226e+00
8.705882352941176627e-01 3.071653989323288592e+00
8.745098039215686292e-01 5.208321178557338449e+00
8.784313725490195957e-01 3.227564147098391345e+00
8.823529411764705621e-01 5.188133242659430877e+00
8.862745098039215286e-01 2.263489940785009313e+00
8.901960784313724950e-01 2.966539474083504047e+00
8.941176470588234615e-01 6.105772674419361223e+00
8.980392156862745390e-01 3.133586441946285550e+00
9.019607843137255054e-01 3.610509714171163953e+00
9.058823529411764719e-01 3.397533807738100542e+00
9.098039215686274384e-01 5.408661270201839955e+00
9.137254901960784048e-01 5.539970186619486370e+00
9.176470588235293713e-01 3.900162942948184774e+00
9.215686274509803377e-01 2.755720277865181700e+00
9.254901960784314152e-01 4.283577165181180035e+00
9.294117647058823817e-01 2.789984180748501963e+00
9.333333333333333481e-01 4.163316587643548949e+00
9.372549019607843146e-01 4.514501249830900065e+00
9.411764705882352811e-01 3.745274614549376491e+00
9.450980392156862475e-01 5.817276869143563012e+00
9.490196078431372140e-01 2.330520692367942015e+00
9.529411764705881804e-01 5.657403132122099443e+00
9.568627450980391469e-01 2.613338242801808153e+00
9.607843137254902244e-01 2.953538531403283596e+00
9.647058823529411908e-01 3.796651975673383195e+00
9.686274509803921573e-01 4.340094197560293132e+00
9.725490196078431238e-01 3.746303662404119716e+00
9.764705882352940902e-01 4.173861921824876475e+00
9.803921568627450567e-01 3.814801455185428125e+00
9.843137254901960231e-01 3.823449216224234615e+00
9.882352941176471006e-01 2.749653360200658092e+00
9.921568627450980671e-01 2.327409966030736577e+00
9.960784313725490335e-01 3.236911362044837315e+00
1.000000000000000000e+00 3.248356566889338826e+00
