0.000000000000000000e+00 4.947877125000513132e+00
3.921568627450980338e-03 3.745531377190687294e+00
7.843137254901960675e-03 5.717723784755853522e+00
1.176470588235294101e-02 4.311811973841192192e+00
1.568627450980392135e-02 4.992063654153894525e+00
1.960784313725490169e-02 4.594003337182804181e+00
2.352941176470588203e-02 3.604254218043229763e+00
2.745098039215686236e-02 8.109936710827817308e+00
3.137254901960784270e-02 5.961073335047103683e+00
3.529411764705882304e-02 5.152037266732147458e+00
3.921568627450980338e-02 5.961489571022792866e+00
4.313725490196078372e-02 4.229834552800133096e+00
4.705882352941176405e-02 5.675435708724278605e+00
5.098039215686274439e-02 6.963011395363976064e+00
5.490196078431372473e-02 5.608133198916022799e+00
5.882352941176470507e-02 4.142028949071427490e+00
6.274509803921568540e-02 4.254421345913526942e+00
6.666666666666666574e-02 3.442424079232001777e+00
7.058823529411764608e-02 6.154979181598577931e+00
7.450980392156862642e-02 6.131558890019409347e+00
7.843137254901960675e-02 3.000488882162648530e+00
8.235294117647058709e-02 3.375376792044249008e+00
8.627450980392156743e-02 7.085900842193507465e+00
9.019607843137254777e-02 6.832624090238493153e+00
9.411764705882352811e-02 6.174685626235746128e+00
9.803921568627450844e-02 4.990912684654054132e+00
1.019607843137254888e-01 4.637593306200953336e+00
1.058823529411764691e-01 5.789611031595496726e+00
1.098039215686274495e-01 7.228735155557858505e+00
1.137254901960784298e-01 6.115479347510237140e+00
1.176470588235294101e-01 6.792272267339036773e+00
1.215686274509803905e-01 5.142004221348171811e+00
1.254901960784313708e-01 6.732407167997348729e+00
1.294117647058823373e-01 6.355478979824010999e+00
1.333333333333333315e-01 6.579067956551631013e+00
1.372549019607843257e-01 5.142290919599836307e+00
1.411764705882352922e-01 6.429288094031939238e+00
1.450980392156862586e-01 5.748275035430876478e+00
1.490196078431372528e-01 4.876929126332703035e+00
1.529411764705882470e-01 5.538360733813833647e+00
1.568627450980392135e-01 5.573495224589969155e+00
1.607843137254901800e-01 4.749984311843386209e+00
1.647058823529411742e-01 4.562035257520467901e+00
1.686274509803921684e-01 4.451603229826991637e+00
1.725490196078431349e-01 6.033356049304668289e+00
1.764705882352941013e-01 6.554506546332001804e+00
1.803921568627450955e-01 5.283943327599445183e+00
1.843137254901960898e-01 6.163532135230109787e+00
1.882352941176470562e-01 6.963237980203297539e+00
1.921568627450980227e-01 6.086006432657240950e+00
1.960784313725490169e-01 5.575543147428699164e+00
2.000000000000000111e-01 5.904360351030049081e+00
2.039215686274509776e-01 5.037153630589632058e+00
2.078431372549019440e-01 4.629266625593454698e+00
2.117647058823529382e-01 4.774933680337900554e+00
2.156862745098039325e-01 6.315038672129455577e+00
2.196078431372548989e-01 6.930472517079552475e+00
2.235294117647058654e-01 5.609737768413856074e+00
2.274509803921568596e-01 5.375867838185872216e+00
2.313725490196078538e-01 6.481118402781289589e+00
2.352941176470588203e-01 6.515087777864922991e+00
2.392156862745097867e-01 6.195422607370172585e+00
2.431372549019607809e-01 6.477805872258763920e+00
2.470588235294117752e-01 5.752203289497726857e+00
2.509803921568627416e-01 7.262531015941608104e+00
2.549019607843137081e-01 5.684049198842510364e+00
2.588235294117646745e-01 7.457177633129837169e+00
2.627450980392156965e-01 7.010725616895491896e+00
2.666666666666666630e-01 5.614655301124892084e+00
2.705882352941176294e-01 6.007508101742531359e+00
2.745098039215686514e-01 3.934012654079502624e+00
2.784313725490196179e-01 4.718340941495809737e+00
2.823529411764705843e-01 7.198125134936392833e+00
2.862745098039215508e-01 5.779013664799788508e+00
2.901960784313725172e-01 6.282026867681904214e+00
2.941176470588235392e-01 3.533512805540988566e+00
2.980392156862745057e-01 6.255338027319177208e+00
3.019607843137254721e-01 4.778171707771337928e+00
3.058823529411764941e-01 3.925532005787542023e+00
3.098039215686274606e-01 6.333101025163481168e+00
3.137254901960784270e-01 5.576387247851068985e+00
3.176470588235293935e-01 6.148305839072570222e+00
3.215686274509803599e-01 4.818364155368512591e+00
3.254901960784313819e-01 4.342974329243700637e+00
3.294117647058823484e-01 5.084993658549151974e+00
3.333333333333333148e-01 4.623737531694154690e+00
3.372549019607843368e-01 6.010369828893487032e+00
3.411764705882353033e-01 5.235999602230891448e+00
3.450980392156862697e-01 5.855562589852839395e+00
3.490196078431372362e-01 5.256510785553330400e+00
3.529411764705882026e-01 3.938900174162272450e+00
3.568627450980392246e-01 6.278128856390067014e+00
3.607843137254901911e-01 4.527449126299085691e+00
3.647058823529411575e-01 6.342225844974897164e+00
3.686274509803921795e-01 6.254460638984173038e+00
3.725490196078431460e-01 4.034224186065838325e+00
3.764705882352941124e-01 4.541064459406311649e+00
3.803921568627450789e-01 5.900431941352886511e+00
3.843137254901960453e-01 6.384500831512997188e+00
3.882352941176470673e-01 5.310364307676716855e+00
3.921568627450980338e-01 7.269078099514503677e+00
3.960784313725490002e-01 5.406536479701017583e+00
4.000000000000000222e-01 5.326081602853992791e+00
4.039215686274509887e-01 5.275084262726483786e+00
4.078431372549019551e-01 3.709116440399771619e+00
4.117647058823529216e-01 4.762532976420073005e+00
4.156862745098038880e-01 4.892556642346922224e+00
4.196078431372549100e-01 5.977375278369798650e+00
4.235294117647058765e-01 5.235369024182195297e+00
4.274509803921568429e-01 4.093276569921825647e+00
4.313725490196078649e-01 4.965777106522431872e+00
4.352941176470588314e-01 4.022151060209514739e+00
4.392156862745097978e-01 5.734556635259941970e+00
4.431372549019607643e-01 5.810625947149350878e+00
4.470588235294117307e-01 4.090380377908988230e+00
4.509803921568627527e-01 6.056393211199675441e+00
4.549019607843137192e-01 6.758438445341729661e+00
4.588235294117646856e-01 5.062037700720144251e+00
4.627450980392157076e-01 4.613631739357365369e+00
4.666666666666666741e-01 4.130173347179574961e+00
4.705882352941176405e-01 5.190844973310486665e+00
4.745098039215686070e-01 5.347980196440121681e+00
4.784313725490195734e-01 4.981716983956214762e+00
4.823529411764705954e-01 5.930946549483738117e+00
4.862745098039215619e-01 2.903120444293225244e+00
4.901960784313725283e-01 6.385187418484055577e+00
4.941176470588235503e-01 3.097058964768429234e+00
4.980392156862745168e-01 5.815365912681858873e+00
5.019607843137254832e-01 4.608701582050043655e+00
5.058823529411764497e-01 5.747106153460919131e+00
5.098039215686274161e-01 6.234132220533244784e+00
5.137254901960783826e-01 4.618305796022390552e+00
5.176470588235293491e-01 6.031732254299741136e+00
5.215686274509804266e-01 4.930449287442292494e+00
5.254901960784313930e-01 3.509784589867187776e+00
5.294117647058823595e-01 6.759977011971458616e+00
5.333333333333333259e-01 4.278838710047462968e+00
5.372549019607842924e-01 5.535642515319978862e+00
5.411764705882352589e-01 5.475434215646662217e+00
5.450980392156862253e-01 4.567871516223539707e+00
5.490196078431373028e-01 4.244166828898747745e+00
5.529411764705882693e-01 5.744902179052438385e+00
5.568627450980392357e-01 4.156050904407106117e+00
5.607843137254902022e-01 5.782595431535468400e+00
5.647058823529411686e-01 4.067929431083246783e+00
5.686274509803921351e-01 6.283836037352325654e+00
5.725490196078431016e-01 3.797901285403301408e+00
5.764705882352940680e-01 4.049585211853940159e+00
5.803921568627450345e-01 5.504966829375448789e+00
5.843137254901961120e-01 4.449842906802113696e+00
5.882352941176470784e-01 3.874811701048021639e+00
5.921568627450980449e-01 4.830866413683564176e+00
5.960784313725490113e-01 4.895638337488872338e+00
5.999999999999999778e-01 4.335331624673079531e+00
6.039215686274509443e-01 4.376836363097118543e+00
6.078431372549019107e-01 5.210886579544781405e+00
6.117647058823529882e-01 6.917418948143890134e+00
6.156862745098039547e-01 5.591735644168336350e+00
6.196078431372549211e-01 4.522809646472363276e+00
6.235294117647058876e-01 6.476986693580071730e+00
6.274509803921568540e-01 4.263915995660727987e+00
6.313725490196078205e-01 7.346101869202392720e+00
6.352941176470587870e-01 6.309943947855156665e+00
6.392156862745097534e-01 5.315393189021945020e+00
6.431372549019607199e-01 5.015069722827509402e+00
6.470588235294117974e-01 4.454326813206973767e+00
6.509803921568627638e-01 5.240539503388265352e+00
6.549019607843137303e-01 4.503952014390507408e+00
6.588235294117646967e-01 5.415974276759783379e+00
6.627450980392156632e-01 4.922626741141910678e+00
6.666666666666666297e-01 5.671554009146735353e+00
6.705882352941175961e-01 4.676862743379190945e+00
6.745098039215686736e-01 6.032303113094778624e+00
6.784313725490196401e-01 1.688251462779801759e+00
6.823529411764706065e-01 6.018880764413429674e+00
6.862745098039215730e-01 4.987239605193958703e+00
6.901960784313725394e-01 2.021321364607466808e+00
6.941176470588235059e-01 5.969645111451630015e+00
6.980392156862744724e-01 4.938479449143902578e+00
7.019607843137254388e-01 5.172962863633247643e+00
7.058823529411764053e-01 6.823497031776072141e+00
7.098039215686274828e-01 6.008540484117434133e+00
7.137254901960784492e-01 5.002145193530147971e+00
7.176470588235294157e-01 6.371662073499157586e+00
7.215686274509803821e-01 4.755209207190104870e+00
7.254901960784313486e-01 5.274264175449517644e+00
7.294117647058823151e-01 5.317413363264219761e+00
7.333333333333332815e-01 3.605558061137482895e+00
7.372549019607843590e-01 3.460895877117037500e+00
7.411764705882353255e-01 5.821314761642098823e+00
7.450980392156862919e-01 5.722549430511763013e+00
7.490196078431372584e-01 5.983653625675011689e+00
7.529411764705882248e-01 4.802486092718861066e+00
7.568627450980391913e-01 4.831029742200067645e+00
7.607843137254901578e-01 4.624005608630298525e+00
7.647058823529411242e-01 4.501293473478694906e+00
7.686274509803920907e-01 3.966809288271541334e+00
7.725490196078431682e-01 3.957343506494169105e+00
7.764705882352941346e-01 3.952484591832344130e+00
7.803921568627451011e-01 3.629609969070433539e+00
7.843137254901960675e-01 5.218749774515758943e+00
7.882352941176470340e-01 4.614044850837349721e+00
7.921568627450980005e-01 3.644113789987840413e+00
7.960784313725489669e-01 5.487719344056094961e+00
8.000000000000000444e-01 3.012480022477330710e+00
8.039215686274510109e-01 3.433520811058365041e+00
8.078431372549019773e-01 6.984696567179327076e+00
8.117647058823529438e-01 4.961102902424187278e+00
8.156862745098039102e-01 4.446101335339873728e+00
8.196078431372548767e-01 4.857081928620949896e+00
8.235294117647058432e-01 4.656608525407050614e+00
8.274509803921568096e-01 4.189328169794163337e+00
8.313725490196077761e-01 4.542008956954584953e+00
8.352941176470588536e-01 4.394846242951127024e+00
8.392156862745098200e-01 4.031850510375887708e+00
8.431372549019607865e-01 4.421998436028307999e+00
8.470588235294117530e-01 4.894849300268545811e+00
8.509803921568627194e-01 2.603194872501918944e+00
8.549019607843136859e-01 4.616618535374007237e+00
8.588235294117646523e-01 3.873540480838863154e+00
8.627450980392157298e-01 3.092282803488398013e+00
8.666666666666666963e-01 2.194996222680650533e+00
8.705882352941176627e-01 3.620789706496234661e+00
8.745098039215686292e-01 2.074798864700058587e+00
8.784313725490195957e-01 4.689164234177187751e+00
8.823529411764705621e-01 2.580844533459388135e+00
8.862745098039215286e-01 3.973666192229899252e+00
8.901960784313724950e-01 3.447179217877506918e+00
8.941176470588234615e-01 3.304332869427471842e+00
8.980392156862745390e-01 4.830082767799844135e+00
9.019607843137255054e-01 4.320192885454438247e+00
9.058823529411764719e-01 3.250684275421828140e+00
9.098039215686274384e-01 2.561457048446892593e+00
9.137254901960784048e-01 3.191273055826294502e+00
9.176470588235293713e-01 1.791264947646460159e+00
9.215686274509803377e-01 2.716854503131646670e+00
9.254901960784314152e-01 3.837364880278262724e+00
9.294117647058823817e-01 2.913196359180096895e+00
9.333333333333333481e-01 2.902989437775110204e+00
9.372549019607843146e-01 3.362790199559683391e+00
9.411764705882352811e-01 4.520599072231746618e+00
9.450980392156862475e-01 1.737925042594060887e+00
9.490196078431372140e-01 2.274859847799456603e+00
9.529411764705881804e-01 2.157421569556776664e+00
9.568627450980391469e-01 3.019377840178908201e+00
9.607843137254902244e-01 1.642640591365098990e+00
9.647058823529411908e-01 1.282313158040816026e+00
9.686274509803921573e-01 2.352606601071488335e+00
9.725490196078431238e-01 1.909544948941769293e+00
9.764705882352940902e-01 2.208416253904856852e+00
9.803921568627450567e-01 -1.441662496909815516e+00
9.843137254901960231e-01 3.010218800432133079e+00
9.882352941176471006e-01 7.992897054621854736e-01
9.921568627450980671e-01 2.847361204817699942e-01
9.960784313725490335e-01 -4.589593862217640208e-01
1.000000000000000000e+00 1.671695819329541477e+00
