0.000000000000000000e+00 4.089067046616503553e+00
3.921568627450980338e-03 4.890865943354897993e+00
7.843137254901960675e-03 3.959310900450511816e+00
1.176470588235294101e-02 4.317669890735100324e+00
1.568627450980392135e-02 3.651509910163596384e+00
1.960784313725490169e-02 4.621185549218967736e+00
2.352941176470588203e-02 4.168113604796394256e+00
2.745098039215686236e-02 3.285685159002190936e+00
3.137254901960784270e-02 3.015904630681843557e+00
3.529411764705882304e-02 3.682773268656301724e+00
3.921568627450980338e-02 4.491606833169939250e+00
4.313725490196078372e-02 4.877770544258494212e+00
4.705882352941176405e-02 3.144428687540092415e+00
5.098039215686274439e-02 2.503564856271444761e+00
5.490196078431372473e-02 2.968713569474281666e+00
5.882352941176470507e-02 3.309886377100396793e+00
6.274509803921568540e-02 3.908914794301094009e+00
6.666666666666666574e-02 3.993429351594627974e+00
7.058823529411764608e-02 3.973013617816039122e+00
7.450980392156862642e-02 2.343458933349628293e+00
7.843137254901960675e-02 1.423962872391325130e+00
8.235294117647058709e-02 2.174019558587836798e+00
8.627450980392156743e-02 3.021797427162270733e+00
9.019607843137254777e-02 1.848512247900605976e+00
9.411764705882352811e-02 2.190398928521964717e+00
9.803921568627450844e-02 1.520492444676296184e+00
1.019607843137254888e-01 3.159699970628813137e-01
1.058823529411764691e-01 3.052985246919391216e+00
1.098039215686274495e-01 1.896080776631089426e+00
1.137254901960784298e-01 2.737050530065538556e+00
1.176470588235294101e-01 3.068532285972239926e+00
1.215686274509803905e-01 1.656889839579122281e+00
1.254901960784313708e-01 8.260725715890253618e-01
1.294117647058823373e-01 3.092151538396788357e+00
1.333333333333333315e-01 1.875853560355016825e+00
1.372549019607843257e-01 1.254469110272043331e+00
1.411764705882352922e-01 2.933625599957758734e+00
1.450980392156862586e-01 1.618938961797392828e+00
1.490196078431372528e-01 2.772167028279687084e+00
1.529411764705882470e-01 1.490326880409969412e+00
1.568627450980392135e-01 2.204769701262718762e+00
1.607843137254901800e-01 3.143539534453088535e+00
1.647058823529411742e-01 2.119914605971834121e+00
1.686274509803921684e-01 2.011075650695233641e+00
1.725490196078431349e-01 3.590082594678989381e+00
1.764705882352941013e-01 1.908441884470765570e+00
1.803921568627450955e-01 2.761844431361315966e+00
1.843137254901960898e-01 9.541341396379174888e-01
1.882352941176470562e-01 2.337793621535523503e+00
1.921568627450980227e-01 2.169355607143651277e+00
1.960784313725490169e-01 2.513489101939458958e+00
2.000000000000000111e-01 1.566676726016867693e+00
2.039215686274509776e-01 2.840502732236386496e+00
2.078431372549019440e-01 2.891818515044010773e+00
2.117647058823529382e-01 8.765777892716768438e-01
2.156862745098039325e-01 2.019772317977164722e+00
2.196078431372548989e-01 3.460051219344948414e+00
2.235294117647058654e-01 3.526059155965520553e+00
2.274509803921568596e-01 3.097098950267779482e+00
2.313725490196078538e-01 2.292180827198908588e+00
2.352941176470588203e-01 4.058984798718490161e+00
2.392156862745097867e-01 3.227731618930273605e+00
2.431372549019607809e-01 2.808845952664958290e+00
2.470588235294117752e-01 5.584348270853677576e+00
2.509803921568627416e-01 2.961142061141138537e+00
2.549019607843137081e-01 3.157026386479727442e+00
2.588235294117646745e-01 3.933405778068551850e+00
2.627450980392156965e-01 1.954371874773582984e+00
2.666666666666666630e-01 2.231990690424387580e+00
2.705882352941176294e-01 5.066351032344259764e+00
2.745098039215686514e-01 3.117716347934675447e+00
2.784313725490196179e-01 2.263321391700471974e+00
2.823529411764705843e-01 5.144060709798559117e+00
2.862745098039215508e-01 3.355285255403788636e+00
2.901960784313725172e-01 4.394994476853336884e+00
2.941176470588235392e-01 3.610776032979582162e+00
2.980392156862745057e-01 5.242516143327571321e+00
3.019607843137254721e-01 2.034216017668750709e+00
3.058823529411764941e-01 4.040339216417043744e+00
3.098039215686274606e-01 3.529165373972858788e+00
3.137254901960784270e-01 3.695228039431444955e+00
3.176470588235293935e-01 4.471655680036419334e+00
3.215686274509803599e-01 4.226265994244371882e+00
3.254901960784313819e-01 6.446670987077318671e+00
3.294117647058823484e-01 5.025378787817478710e+00
3.333333333333333148e-01 3.717575417914747771e+00
3.372549019607843368e-01 3.366389781109568879e+00
3.411764705882353033e-01 4.983803238910504696e+00
3.450980392156862697e-01 6.544144872323801820e+00
3.490196078431372362e-01 4.601800277178455190e+00
3.529411764705882026e-01 6.799088064242551077e+00
3.568627450980392246e-01 6.533853604048366570e+00
3.607843137254901911e-01 4.902764567733952639e+00
3.647058823529411575e-01 6.151671236733072590e+00
3.686274509803921795e-01 6.491203338154583058e+00
3.725490196078431460e-01 5.461499928469120135e+00
3.764705882352941124e-01 6.627097870469724761e+00
3.803921568627450789e-01 6.553365444721281463e+00
3.843137254901960453e-01 5.096280217873216500e+00
3.882352941176470673e-01 6.178588966187673392e+00
3.921568627450980338e-01 7.121824282758039359e+00
3.960784313725490002e-01 6.082204242456378473e+00
4.000000000000000222e-01 7.707193108669933679e+00
4.039215686274509887e-01 4.519736783336478325e+00
4.078431372549019551e-01 5.297388479098865233e+00
4.117647058823529216e-01 7.546961356393648401e+00
4.156862745098038880e-01 5.590496621042478687e+00
4.196078431372549100e-01 5.803385085673193444e+00
4.235294117647058765e-01 6.597910870768310510e+00
4.274509803921568429e-01 4.024231022321387741e+00
4.313725490196078649e-01 7.276590623854692907e+00
4.352941176470588314e-01 7.547968317469019972e+00
4.392156862745097978e-01 5.884917809791478049e+00
4.431372549019607643e-01 7.612785486434586524e+00
4.470588235294117307e-01 6.790535514887878321e+00
4.509803921568627527e-01 8.082092095936491916e+00
4.549019607843137192e-01 7.065534747383844127e+00
4.588235294117646856e-01 6.075521879535870973e+00
4.627450980392157076e-01 7.758923986918397020e+00
4.666666666666666741e-01 7.869346730099810117e+00
4.705882352941176405e-01 7.557157700821366397e+00
4.745098039215686070e-01 7.333694846776043441e+00
4.784313725490195734e-01 6.954346671169265193e+00
4.823529411764705954e-01 5.211722332642333200e+00
4.862745098039215619e-01 6.904796946049272854e+00
4.901960784313725283e-01 7.758611676049827821e+00
4.941176470588235503e-01 7.853352826383384055e+00
4.980392156862745168e-01 6.860540205473759201e+00
5.019607843137254832e-01 8.516639989822177625e+00
5.058823529411764497e-01 7.965872797200669986e+00
5.098039215686274161e-01 8.235091286591456949e+00
5.137254901960783826e-01 8.277127952928154286e+00
5.176470588235293491e-01 9.468630450533247256e+00
5.215686274509804266e-01 8.225113577337182846e+00
5.254901960784313930e-01 7.800376644113302227e+00
5.294117647058823595e-01 7.131689940511900971e+00
5.333333333333333259e-01 8.668970125894684742e+00
5.372549019607842924e-01 7.763702341762628301e+00
5.411764705882352589e-01 8.688440602547899516e+00
5.450980392156862253e-01 7.071432979616363745e+00
5.490196078431373028e-01 8.566872259275772450e+00
5.529411764705882693e-01 8.858016229235751382e+00
5.568627450980392357e-01 1.051689284466467100e+01
5.607843137254902022e-01 8.712836825041060607e+00
5.647058823529411686e-01 9.865379547878996291e+00
5.686274509803921351e-01 7.107691797175450077e+00
5.725490196078431016e-01 9.400347165694435958e+00
5.764705882352940680e-01 7.609327583339594803e+00
5.803921568627450345e-01 7.713544524227401666e+00
5.843137254901961120e-01 7.801389958028692284e+00
5.882352941176470784e-01 7.700065843764033247e+00
5.921568627450980449e-01 9.922943389730392028e+00
5.960784313725490113e-01 6.838851244011315167e+00
5.999999999999999778e-01 8.825081059667128969e+00
6.039215686274509443e-01 9.744236754008511525e+00
6.078431372549019107e-01 8.763067738150146724e+00
6.117647058823529882e-01 8.013696869535847256e+00
6.156862745098039547e-01 7.208813896450817715e+00
6.196078431372549211e-01 7.629339598944957501e+00
6.235294117647058876e-01 1.012849940785871894e+01
6.274509803921568540e-01 9.661396439720727258e+00
6.313725490196078205e-01 8.402829436114162220e+00
6.352941176470587870e-01 7.895735293096876717e+00
6.392156862745097534e-01 8.544516727597780914e+00
6.431372549019607199e-01 9.056043681100511833e+00
6.470588235294117974e-01 1.055118390852712551e+01
6.509803921568627638e-01 8.565527296928081569e+00
6.549019607843137303e-01 7.707029915810856835e+00
6.588235294117646967e-01 8.445874757886596029e+00
6.627450980392156632e-01 7.720700238052864428e+00
6.666666666666666297e-01 1.019470158563618511e+01
6.705882352941175961e-01 9.075317989590978129e+00
6.745098039215686736e-01 1.003081238459585300e+01
6.784313725490196401e-01 1.031670881332663292e+01
6.823529411764706065e-01 8.015690929787945507e+00
6.862745098039215730e-01 8.063541508863153240e+00
6.901960784313725394e-01 8.958202420163569712e+00
6.941176470588235059e-01 1.009330539370785651e+01
6.980392156862744724e-01 9.065237791924422694e+00
7.019607843137254388e-01 9.569443030177600562e+00
7.058823529411764053e-01 9.261065942334193224e+00
7.098039215686274828e-01 7.807228595327460496e+00
7.137254901960784492e-01 8.727536339693143574e+00
7.176470588235294157e-01 1.065021812536988932e+01
7.215686274509803821e-01 9.593273518012393808e+00
7.254901960784313486e-01 9.438464361553815962e+00
7.294117647058823151e-01 9.699543755257373334e+00
7.333333333333332815e-01 1.002558868646551282e+01
7.372549019607843590e-01 8.615549642977242684e+00
7.411764705882353255e-01 8.575399990022884111e+00
7.450980392156862919e-01 8.330145278822563171e+00
7.490196078431372584e-01 7.587160165765618913e+00
7.529411764705882248e-01 9.835675777555120902e+00
7.568627450980391913e-01 9.464003585082663150e+00
7.607843137254901578e-01 1.079359755296572843e+01
7.647058823529411242e-01 1.058918925130188526e+01
7.686274509803920907e-01 9.064482297692340040e+00
7.725490196078431682e-01 9.993636411902134142e+00
7.764705882352941346e-01 8.217866910130892322e+00
7.803921568627451011e-01 1.019347093108359736e+01
7.843137254901960675e-01 9.716703181051943972e+00
7.882352941176470340e-01 9.157977784599522053e+00
7.921568627450980005e-01 9.423552172207632083e+00
7.960784313725489669e-01 1.022018821518120113e+01
8.000000000000000444e-01 7.327208631839408071e+00
8.039215686274510109e-01 9.981756956638454525e+00
8.078431372549019773e-01 9.537002761558905917e+00
8.117647058823529438e-01 6.709790166066392558e+00
8.156862745098039102e-01 9.796388079375763169e+00
8.196078431372548767e-01 1.025031567355042128e+01
8.235294117647058432e-01 9.799374440044923418e+00
8.274509803921568096e-01 8.511427791267239584e+00
8.313725490196077761e-01 9.281219379334032737e+00
8.352941176470588536e-01 7.745070406486060044e+00
8.392156862745098200e-01 1.013521494549746116e+01
8.431372549019607865e-01 9.325163540473136337e+00
8.470588235294117530e-01 9.090233612705217681e+00
8.509803921568627194e-01 1.104271344326123838e+01
8.549019607843136859e-01 7.757806694795258196e+00
8.588235294117646523e-01 1.013375914001812106e+01
8.627450980392157298e-01 9.590285686044952129e+00
8.666666666666666963e-01 9.685634468119925344e+00
8.705882352941176627e-01 8.379681980252383866e+00
8.745098039215686292e-01 1.005221094696008777e+01
8.784313725490195957e-01 9.586184748393241861e+00
8.823529411764705621e-01 1.064577277965937441e+01
8.862745098039215286e-01 1.000488313593247547e+01
8.901960784313724950e-01 8.189293946573354077e+00
8.941176470588234615e-01 9.649254862021432899e+00
8.980392156862745390e-01 9.809487125691005005e+00
9.019607843137255054e-01 7.917013249758309001e+00
9.058823529411764719e-01 9.887855308348299843e+00
9.098039215686274384e-01 9.231815087437698963e+00
9.137254901960784048e-01 9.790158885584007820e+00
9.176470588235293713e-01 9.394842400587851472e+00
9.215686274509803377e-01 8.518575516353676491e+00
9.254901960784314152e-01 9.684883847306615223e+00
9.294117647058823817e-01 9.647417714359059815e+00
9.333333333333333481e-01 9.025091541949379348e+00
9.372549019607843146e-01 9.035696785838606360e+00
9.411764705882352811e-01 8.468753588873831006e+00
9.450980392156862475e-01 7.505206609391681383e+00
9.490196078431372140e-01 8.519751845270759461e+00
9.529411764705881804e-01 9.381955739375035463e+00
9.568627450980391469e-01 8.110324636305003665e+00
9.607843137254902244e-01 1.050982544478608638e+01
9.647058823529411908e-01 7.899919416404252104e+00
9.686274509803921573e-01 1.058302171402611869e+01
9.725490196078431238e-01 6.415373982158147470e+00
9.764705882352940902e-01 8.178651539375390911e+00
9.803921568627450567e-01 8.326263761605501301e+00
9.843137254901960231e-01 9.872792928508490107e+00
9.882352941176471006e-01 1.000611112984331719e+01
9.921568627450980671e-01 8.223142886154974462e+00
9.960784313725490335e-01 9.450928379164878379e+00
1.000000000000000000e+00 9.004569624072535916e+00
