0.000000000000000000e+00 3.325700627469148518e+00
3.921568627450980338e-03 6.096372526674977976e+00
7.843137254901960675e-03 2.066282950318869993e+00
1.176470588235294101e-02 1.272511696100993017e+00
1.568627450980392135e-02 4.186522090546935360e+00
1.960784313725490169e-02 1.631402228129098742e+00
2.352941176470588203e-02 4.975471478723590302e+00
2.745098039215686236e-02 2.824872599146886376e+00
3.137254901960784270e-02 2.978801677540295678e+00
3.529411764705882304e-02 5.334794725714900210e+00
3.921568627450980338e-02 5.027544327892511156e+00
4.313725490196078372e-02 4.770678533642039199e+00
4.705882352941176405e-02 5.625834000841624771e+00
5.098039215686274439e-02 5.072743661613166033e+00
5.490196078431372473e-02 6.049820121604247092e+00
5.882352941176470507e-02 5.638407852282009358e+00
6.274509803921568540e-02 8.135113466990663511e+00
6.666666666666666574e-02 5.368161774891722970e+00
7.058823529411764608e-02 5.942596672839942862e+00
7.450980392156862642e-02 3.618100692550235031e+00
7.843137254901960675e-02 6.837375297554528331e+00
8.235294117647058709e-02 5.045151509215700436e+00
8.627450980392156743e-02 5.851554535735577822e+00
9.019607843137254777e-02 6.911495393566645440e+00
9.411764705882352811e-02 4.965597817812890113e+00
9.803921568627450844e-02 5.038178209852215872e+00
1.019607843137254888e-01 6.575200423961694796e+00
1.058823529411764691e-01 6.548067379892708040e+00
1.098039215686274495e-01 7.812527549565449370e+00
1.137254901960784298e-01 7.145534141290846186e+00
1.176470588235294101e-01 5.616787391886721714e+00
1.215686274509803905e-01 4.592453208637809148e+00
1.254901960784313708e-01 8.769123949578757404e+00
1.294117647058823373e-01 4.999887558208744309e+00
1.333333333333333315e-01 5.347243352465363309e+00
1.372549019607843257e-01 7.838276945854156352e+00
1.411764705882352922e-01 7.470288246147996247e+00
1.450980392156862586e-01 8.110767325394768079e+00
1.490196078431372528e-01 5.809476025525487586e+00
1.529411764705882470e-01 7.123246002219381090e+00
1.568627450980392135e-01 6.486882359101790563e+00
1.607843137254901800e-01 5.210128136407126576e+00
1.647058823529411742e-01 5.876396895066388737e+00
1.686274509803921684e-01 7.414081894410458062e+00
1.725490196078431349e-01 6.258967747190761877e+00
1.764705882352941013e-01 7.441679758069311035e+00
1.803921568627450955e-01 6.876212280724789849e+00
1.843137254901960898e-01 6.080113809133507630e+00
1.882352941176470562e-01 7.821185526898131180e+00
1.921568627450980227e-01 7.288712142890100942e+00
1.960784313725490169e-01 5.487854937046918735e+00
2.000000000000000111e-01 6.501424111077257706e+00
2.039215686274509776e-01 6.986947540372567822e+00
2.078431372549019440e-01 7.713446470581866166e+00
2.117647058823529382e-01 7.280537898626916693e+00
2.156862745098039325e-01 9.240957775697744125e+00
2.196078431372548989e-01 5.827715895780410271e+00
2.235294117647058654e-01 6.081557216989208037e+00
2.274509803921568596e-01 8.056388586488274939e+00
2.313725490196078538e-01 6.979263345604699076e+00
2.352941176470588203e-01 7.115233161725686095e+00
2.392156862745097867e-01 7.215440818436106518e+00
2.431372549019607809e-01 6.716672598419814122e+00
2.470588235294117752e-01 7.232372761537000372e+00
2.509803921568627416e-01 6.383340386518355558e+00
2.549019607843137081e-01 6.617616293102433822e+00
2.588235294117646745e-01 7.410401060739918222e+00
2.627450980392156965e-01 6.215203848429901257e+00
2.666666666666666630e-01 7.523622783731461539e+00
2.705882352941176294e-01 7.188789934485505739e+00
2.745098039215686514e-01 7.835235327434554975e+00
2.784313725490196179e-01 7.536950768875269269e+00
2.823529411764705843e-01 7.558938959266358282e+00
2.862745098039215508e-01 6.621962421917316099e+00
2.901960784313725172e-01 4.747122385387457122e+00
2.941176470588235392e-01 6.182715427414670728e+00
2.980392156862745057e-01 5.845350043500268100e+00
3.019607843137254721e-01 5.859060817508416008e+00
3.058823529411764941e-01 7.570097396144467972e+00
3.098039215686274606e-01 5.685290781316864717e+00
3.137254901960784270e-01 5.386402504657503698e+00
3.176470588235293935e-01 7.282907516560356953e+00
3.215686274509803599e-01 6.669444213445026470e+00
3.254901960784313819e-01 5.745919600534888261e+00
3.294117647058823484e-01 5.843110034679003917e+00
3.333333333333333148e-01 8.208723033432805849e+00
3.372549019607843368e-01 7.429596871555991910e+00
3.411764705882353033e-01 7.197555504932029891e+00
3.450980392156862697e-01 7.877684985102469284e+00
3.490196078431372362e-01 7.666104333771585289e+00
3.529411764705882026e-01 8.376506767033330192e+00
3.568627450980392246e-01 5.143971688287939159e+00
3.607843137254901911e-01 7.353472633101168832e+00
3.647058823529411575e-01 6.136087466859556194e+00
3.686274509803921795e-01 7.245865498900005974e+00
3.725490196078431460e-01 4.925374070571469254e+00
3.764705882352941124e-01 8.114134915986246810e+00
3.803921568627450789e-01 7.262923434139812784e+00
3.843137254901960453e-01 7.110288979258598374e+00
3.882352941176470673e-01 4.785363971725654864e+00
3.921568627450980338e-01 6.604383962914107009e+00
3.960784313725490002e-01 6.661677950676687665e+00
4.000000000000000222e-01 4.745482005626199040e+00
4.039215686274509887e-01 6.306486495901469702e+00
4.078431372549019551e-01 5.857229144472120730e+00
4.117647058823529216e-01 5.382389950374840026e+00
4.156862745098038880e-01 4.412089202662916598e+00
4.196078431372549100e-01 6.888694061226560805e+00
4.235294117647058765e-01 6.099530888512980198e+00
4.274509803921568429e-01 3.626355059226021194e+00
4.313725490196078649e-01 5.874506640394216106e+00
4.352941176470588314e-01 6.505008843226348425e+00
4.392156862745097978e-01 4.587895753594489534e+00
4.431372549019607643e-01 5.817054790562629307e+00
4.470588235294117307e-01 6.158048613412530514e+00
4.509803921568627527e-01 5.563688437599150660e+00
4.549019607843137192e-01 5.986164778032234679e+00
4.588235294117646856e-01 7.026681505919052384e+00
4.627450980392157076e-01 4.873418233015110346e+00
4.666666666666666741e-01 5.182868658660883199e+00
4.705882352941176405e-01 6.105284563587265012e+00
4.745098039215686070e-01 6.769364244737156255e+00
4.784313725490195734e-01 5.232040881799264298e+00
4.823529411764705954e-01 5.068496606175969532e+00
4.862745098039215619e-01 4.400782021762194240e+00
4.901960784313725283e-01 5.502198988549316105e+00
4.941176470588235503e-01 6.753029460489696767e+00
4.980392156862745168e-01 5.984559582462176230e+00
5.019607843137254832e-01 4.785244756705559155e+00
5.058823529411764497e-01 5.484143254441797843e+00
5.098039215686274161e-01 7.820490524930747256e+00
5.137254901960783826e-01 5.502286890120346108e+00
5.176470588235293491e-01 6.835003360637872838e+00
5.215686274509804266e-01 5.549921233014019073e+00
5.254901960784313930e-01 5.191954440561088902e+00
5.294117647058823595e-01 4.582940741683413144e+00
5.333333333333333259e-01 5.161152224183209292e+00
5.372549019607842924e-01 4.923544526168735835e+00
5.411764705882352589e-01 5.921031379738747269e+00
5.450980392156862253e-01 5.492495006574154459e+00
5.490196078431373028e-01 5.632899768330917212e+00
5.529411764705882693e-01 5.443679966716360674e+00
5.568627450980392357e-01 5.463516297497369223e+00
5.607843137254902022e-01 5.472781254458397804e+00
5.647058823529411686e-01 5.499033446796404156e+00
5.686274509803921351e-01 4.327584538257236879e+00
5.725490196078431016e-01 4.039514589235893460e+00
5.764705882352940680e-01 4.496662572838769023e+00
5.803921568627450345e-01 4.991998087715432852e+00
5.843137254901961120e-01 4.149596993788237320e+00
5.882352941176470784e-01 6.324930784424797281e+00
5.921568627450980449e-01 6.299171451656390808e+00
5.960784313725490113e-01 5.764864004815486886e+00
5.999999999999999778e-01 3.844469245583831629e+00
6.039215686274509443e-01 5.038971688516661551e+00
6.078431372549019107e-01 6.291024674948467066e+00
6.117647058823529882e-01 5.217324811805721829e+00
6.156862745098039547e-01 4.888561757692946763e+00
6.196078431372549211e-01 4.738218712937057653e+00
6.235294117647058876e-01 4.705718350865981670e+00
6.274509803921568540e-01 4.081639019713776406e+00
6.313725490196078205e-01 4.773240991441951131e+00
6.352941176470587870e-01 3.657969247963128723e+00
6.392156862745097534e-01 2.532949323323511415e+00
6.431372549019607199e-01 5.103955286828371740e+00
6.470588235294117974e-01 4.500249761783939206e+00
6.509803921568627638e-01 6.168771952518085300e+00
6.549019607843137303e-01 3.694374982479816438e+00
6.588235294117646967e-01 5.504813062623076902e+00
6.627450980392156632e-01 4.104001666774782286e+00
6.666666666666666297e-01 3.882850892533616260e+00
6.705882352941175961e-01 5.004623186109235178e+00
6.745098039215686736e-01 2.726426806889410859e+00
6.784313725490196401e-01 5.140226711247816382e+00
6.823529411764706065e-01 2.001336322606241502e+00
6.862745098039215730e-01 5.574515636490960269e+00
6.901960784313725394e-01 5.503924372538334886e+00
6.941176470588235059e-01 4.949171348060263043e+00
6.980392156862744724e-01 5.123113802552825113e+00
7.019607843137254388e-01 3.022393450576686735e+00
7.058823529411764053e-01 4.054876079742482986e+00
7.098039215686274828e-01 6.139619097523782543e+00
7.137254901960784492e-01 5.544046766828262029e+00
7.176470588235294157e-01 4.951747105847507768e+00
7.215686274509803821e-01 3.768606478238369029e+00
7.254901960784313486e-01 3.650193505675339622e+00
7.294117647058823151e-01 1.867429330485516292e+00
7.333333333333332815e-01 5.654264840492827737e+00
7.372549019607843590e-01 3.144271622682160316e+00
7.411764705882353255e-01 2.224961661907446597e+00
7.450980392156862919e-01 4.839824780696345030e+00
7.490196078431372584e-01 3.178331269366762690e+00
7.529411764705882248e-01 3.858876500767175255e+00
7.568627450980391913e-01 4.480052688722457432e+00
7.607843137254901578e-01 3.393325768815215415e+00
7.647058823529411242e-01 4.866603580370452597e+00
7.686274509803920907e-01 3.981025840899814039e+00
7.725490196078431682e-01 4.945288417307761364e+00
7.764705882352941346e-01 4.958709326489211477e+00
7.803921568627451011e-01 4.695325839385882993e+00
7.843137254901960675e-01 3.596496637377436745e+00
7.882352941176470340e-01 5.212287750317875279e+00
7.921568627450980005e-01 3.288791564108483279e+00
7.960784313725489669e-01 4.362943910387835800e+00
8.000000000000000444e-01 4.119303232631002842e+00
8.039215686274510109e-01 5.585751987070513458e+00
8.078431372549019773e-01 3.455124077964475848e+00
8.117647058823529438e-01 4.624907681917147073e+00
8.156862745098039102e-01 4.120410908151744600e+00
8.196078431372548767e-01 3.377086223401247977e+00
8.235294117647058432e-01 4.135590376685498448e+00
8.274509803921568096e-01 4.817385575642403772e+00
8.313725490196077761e-01 2.820818838902705572e+00
8.352941176470588536e-01 2.693325160624431724e+00
8.392156862745098200e-01 3.598465833415334991e+00
8.431372549019607865e-01 1.552494728757613185e+00
8.470588235294117530e-01 4.466889965344165603e+00
8.509803921568627194e-01 3.296117073377811124e+00
8.549019607843136859e-01 2.026737761812673178e+00
8.588235294117646523e-01 4.189469223341456328e+00
8.627450980392157298e-01 3.617668399640189936e+00
8.666666666666666963e-01 3.571738691977429880e+00
8.705882352941176627e-01 3.913428408843845574e+00
8.745098039215686292e-01 4.252047448051351708e+00
8.784313725490195957e-01 2.377874667218000226e+00
8.823529411764705621e-01 4.164218871744631123e+00
8.862745098039215286e-01 5.327530716238135788e+00
8.901960784313724950e-01 2.413315965185668599e+00
8.941176470588234615e-01 1.820227986898751427e+00
8.980392156862745390e-01 2.439695282358413486e+00
9.019607843137255054e-01 4.074773940444456954e+00
9.058823529411764719e-01 3.542827733969412307e+00
9.098039215686274384e-01 2.656890322160165407e+00
9.137254901960784048e-01 3.049572326382825160e+00
9.176470588235293713e-01 5.001646540559899101e+00
9.215686274509803377e-01 3.095735435701239879e+00
9.254901960784314152e-01 3.479314092136342573e+00
9.294117647058823817e-01 2.284081222437754022e+00
9.333333333333333481e-01 3.100359652847381575e+00
9.372549019607843146e-01 3.223143007566807938e+00
9.411764705882352811e-01 1.555201757265097795e+00
9.450980392156862475e-01 2.229695725260151029e+00
9.490196078431372140e-01 2.923409082295713723e+00
9.529411764705881804e-01 2.944435657229048875e+00
9.568627450980391469e-01 3.431036017417028461e+00
9.607843137254902244e-01 2.832814554935335849e+00
9.647058823529411908e-01 3.459142628712319478e+00
9.686274509803921573e-01 3.430334758079076174e+00
9.725490196078431238e-01 1.416436274141112950e+00
9.764705882352940902e-01 2.567741630332717850e+00
9.803921568627450567e-01 7.417988189248290176e-01
9.843137254901960231e-01 6.624046183063247994e-02
9.882352941176471006e-01 1.439117651233094097e+00
9.921568627450980671e-01 2.493594699954564398e+00
9.960784313725490335e-01 3.020993838687884736e+00
1.000000000000000000e+00 3.455471569006034027e+00
