0.000000000000000000e+00 1.829948740561790910e+00
3.921568627450980338e-03 -2.092770304021480676e-01
7.843137254901960675e-03 3.220962163532412603e+00
1.176470588235294101e-02 2.472927416634505438e+00
1.568627450980392135e-02 2.397052968170984677e+00
1.960784313725490169e-02 9.653992366140555781e-01
2.352941176470588203e-02 2.663081976607143631e+00
2.745098039215686236e-02 3.072605050760385481e+00
3.137254901960784270e-02 2.025247034920890421e+00
3.529411764705882304e-02 3.568387320452173661e+00
3.921568627450980338e-02 3.709144255317606831e-01
4.313725490196078372e-02 1.692561180213227878e+00
4.705882352941176405e-02 2.553892402248796323e+00
5.098039215686274439e-02 4.626988321766015488e+00
5.490196078431372473e-02 1.752007810770511043e+00
5.882352941176470507e-02 2.426279227928947346e+00
6.274509803921568540e-02 2.532730245407476044e+00
6.666666666666666574e-02 2.076164923378120974e+00
7.058823529411764608e-02 1.882488274027561470e+00
7.450980392156862642e-02 2.026912346032267109e+00
7.843137254901960675e-02 7.339050158708750882e-01
8.235294117647058709e-02 2.817548865688878745e+00
8.627450980392156743e-02 1.781191068130693722e+00
9.019607843137254777e-02 2.739987309520984127e+00
9.411764705882352811e-02 3.397536591173717202e+00
9.803921568627450844e-02 2.403122505907039130e+00
1.019607843137254888e-01 2.816507025767858163e+00
1.058823529411764691e-01 1.358979025366454652e+00
1.098039215686274495e-01 2.204934419459548600e+00
1.137254901960784298e-01 2.656463134607983001e+00
1.176470588235294101e-01 2.724482914037758885e+00
1.215686274509803905e-01 3.222717950032967238e+00
1.254901960784313708e-01 2.360080343714867634e+00
1.294117647058823373e-01 1.922662465932479581e+00
1.333333333333333315e-01 2.695288361573894065e+00
1.372549019607843257e-01 2.795346697021910742e+00
1.411764705882352922e-01 2.465896157993747728e+00
1.450980392156862586e-01 3.366563131679896514e+00
1.490196078431372528e-01 2.560268895191229355e+00
1.529411764705882470e-01 2.471244295197285723e+00
1.568627450980392135e-01 2.804961822104207414e+00
1.607843137254901800e-01 2.871092055228546602e+00
1.647058823529411742e-01 3.945671536313114736e+00
1.686274509803921684e-01 1.967025206500430556e+00
1.725490196078431349e-01 3.294859538142318467e+00
1.764705882352941013e-01 4.950378989693599685e+00
1.803921568627450955e-01 3.106545135442908556e+00
1.843137254901960898e-01 4.838003866670778308e+00
1.882352941176470562e-01 3.633119957202961103e+00
1.921568627450980227e-01 5.035285837872105930e+00
1.960784313725490169e-01 4.155712266787271680e+00
2.000000000000000111e-01 4.891239424574858496e+00
2.039215686274509776e-01 4.056993234512866309e+00
2.078431372549019440e-01 4.547374226073113590e+00
2.117647058823529382e-01 4.477281891947136216e+00
2.156862745098039325e-01 6.106022609044613247e+00
2.196078431372548989e-01 4.963835378621319627e+00
2.235294117647058654e-01 2.418472891211854936e+00
2.274509803921568596e-01 3.507383811360039072e+00
2.313725490196078538e-01 4.231660132060474311e+00
2.352941176470588203e-01 4.718512841643941691e+00
2.392156862745097867e-01 4.162763359571789223e+00
2.431372549019607809e-01 4.394999209498751114e+00
2.470588235294117752e-01 6.488365919404483151e+00
2.509803921568627416e-01 1.948257298314653774e+00
2.549019607843137081e-01 5.981972161427483670e+00
2.588235294117646745e-01 3.940220061632943249e+00
2.627450980392156965e-01 5.867794770234942447e+00
2.666666666666666630e-01 5.432786046568484295e+00
2.705882352941176294e-01 4.437737973930041768e+00
2.745098039215686514e-01 5.102847439050179013e+00
2.784313725490196179e-01 3.632852243641655043e+00
2.823529411764705843e-01 4.712414537485130950e+00
2.862745098039215508e-01 5.484237561693852570e+00
2.901960784313725172e-01 4.386666823352784128e+00
2.941176470588235392e-01 4.057681957948459761e+00
2.980392156862745057e-01 4.567362257919608481e+00
3.019607843137254721e-01 3.418298676678993342e+00
3.058823529411764941e-01 5.381018885517475425e+00
3.098039215686274606e-01 3.117081345304764994e+00
3.137254901960784270e-01 4.678568652272526940e+00
3.176470588235293935e-01 5.928944024702198057e+00
3.215686274509803599e-01 7.429107441295160541e+00
3.254901960784313819e-01 3.785806574896100507e+00
3.294117647058823484e-01 4.733266971179560301e+00
3.333333333333333148e-01 5.789325187284630303e+00
3.372549019607843368e-01 4.527361174454745729e+00
3.411764705882353033e-01 5.956252485828686716e+00
3.450980392156862697e-01 5.974478309434042345e+00
3.490196078431372362e-01 5.200204004113519574e+00
3.529411764705882026e-01 4.281354120450767908e+00
3.568627450980392246e-01 5.158659049692312593e+00
3.607843137254901911e-01 6.059702280375950600e+00
3.647058823529411575e-01 5.652945637965752113e+00
3.686274509803921795e-01 6.597130998936914459e+00
3.725490196078431460e-01 4.387869939167209132e+00
3.764705882352941124e-01 6.064901292584366388e+00
3.803921568627450789e-01 7.129931955110570208e+00
3.843137254901960453e-01 8.231217594986187436e+00
3.882352941176470673e-01 4.481724779877771958e+00
3.921568627450980338e-01 6.210288871905167873e+00
3.960784313725490002e-01 5.939219560529078734e+00
4.000000000000000222e-01 5.881196783659563998e+00
4.039215686274509887e-01 5.998160989095666196e+00
4.078431372549019551e-01 5.976052138720508111e+00
4.117647058823529216e-01 5.644413088035969750e+00
4.156862745098038880e-01 6.367821640843704500e+00
4.196078431372549100e-01 6.480812865903721409e+00
4.235294117647058765e-01 6.607672122963276884e+00
4.274509803921568429e-01 5.378537585675084109e+00
4.313725490196078649e-01 6.681958234694220344e+00
4.352941176470588314e-01 4.889891056954562387e+00
4.392156862745097978e-01 6.838507991668462793e+00
4.431372549019607643e-01 5.796730866050008757e+00
4.470588235294117307e-01 5.508574541816039449e+00
4.509803921568627527e-01 8.286316419910971121e+00
4.549019607843137192e-01 5.323800759508079850e+00
4.588235294117646856e-01 6.513919193482238690e+00
4.627450980392157076e-01 5.958158768015612061e+00
4.666666666666666741e-01 5.903726911385451359e+00
4.705882352941176405e-01 5.755765647036411359e+00
4.745098039215686070e-01 5.807860137599361927e+00
4.784313725490195734e-01 7.230727576189662109e+00
4.823529411764705954e-01 5.957478427807971322e+00
4.862745098039215619e-01 6.502630240827183883e+00
4.901960784313725283e-01 6.348951752471196919e+00
4.941176470588235503e-01 6.913142862821269219e+00
4.980392156862745168e-01 5.106643787103255505e+00
5.019607843137254832e-01 6.716980723548269694e+00
5.058823529411764497e-01 4.801776645995562198e+00
5.098039215686274161e-01 6.887606609623531995e+00
5.137254901960783826e-01 7.025264091474108241e+00
5.176470588235293491e-01 6.180371851165888053e+00
5.215686274509804266e-01 5.580839894952252855e+00
5.254901960784313930e-01 4.777888984571877273e+00
5.294117647058823595e-01 7.461288720439965161e+00
5.333333333333333259e-01 4.270932198200639185e+00
5.372549019607842924e-01 6.593187116133236714e+00
5.411764705882352589e-01 8.494854273442136616e+00
5.450980392156862253e-01 5.616845601748221561e+00
5.490196078431373028e-01 6.883446801636073253e+00
5.529411764705882693e-01 7.614067157000427244e+00
5.568627450980392357e-01 7.097634118790145052e+00
5.607843137254902022e-01 7.272809385831876305e+00
5.647058823529411686e-01 7.848581572403079853e+00
5.686274509803921351e-01 5.711969709380340099e+00
5.725490196078431016e-01 8.211089326082387174e+00
5.764705882352940680e-01 6.508317772826281100e+00
5.803921568627450345e-01 7.797360074898327831e+00
5.843137254901961120e-01 6.721661650850509595e+00
5.882352941176470784e-01 6.472503110957316785e+00
5.921568627450980449e-01 7.674332983284166687e+00
5.960784313725490113e-01 6.606017610310098931e+00
5.999999999999999778e-01 6.268633827901770594e+00
6.039215686274509443e-01 6.603824215520344154e+00
6.078431372549019107e-01 6.454830405514943692e+00
6.117647058823529882e-01 5.349273445379378877e+00
6.156862745098039547e-01 5.197872698040384876e+00
6.196078431372549211e-01 6.674990602116383620e+00
6.235294117647058876e-01 6.110324633318339416e+00
6.274509803921568540e-01 8.162515433306785084e+00
6.313725490196078205e-01 5.694017410742535645e+00
6.352941176470587870e-01 7.181205731669500381e+00
6.392156862745097534e-01 5.559660666027723686e+00
6.431372549019607199e-01 7.316932338107813294e+00
6.470588235294117974e-01 6.199897737113495566e+00
6.509803921568627638e-01 6.186911835703069684e+00
6.549019607843137303e-01 5.619472003591954312e+00
6.588235294117646967e-01 5.304688576589478011e+00
6.627450980392156632e-01 7.215132598607945091e+00
6.666666666666666297e-01 8.474691366121115621e+00
6.705882352941175961e-01 5.766013062024068603e+00
6.745098039215686736e-01 6.239493095576428949e+00
6.784313725490196401e-01 5.885644794325616935e+00
6.823529411764706065e-01 4.654733062931061482e+00
6.862745098039215730e-01 6.404247009679163938e+00
6.901960784313725394e-01 6.490356487943797603e+00
6.941176470588235059e-01 6.873905066809446573e+00
6.980392156862744724e-01 5.361293413344820458e+00
7.019607843137254388e-01 5.434791778993202982e+00
7.058823529411764053e-01 6.700065374108416627e+00
7.098039215686274828e-01 5.548473302350846126e+00
7.137254901960784492e-01 6.784522474010875825e+00
7.176470588235294157e-01 5.997601976292211923e+00
7.215686274509803821e-01 4.275651658853018233e+00
7.254901960784313486e-01 6.488061925034636523e+00
7.294117647058823151e-01 6.454513575149709581e+00
7.333333333333332815e-01 9.039307760847643536e+00
7.372549019607843590e-01 5.941722572558801652e+00
7.411764705882353255e-01 6.006182614267967956e+00
7.450980392156862919e-01 6.487951611123422779e+00
7.490196078431372584e-01 4.514612058454608778e+00
7.529411764705882248e-01 5.572233065676551966e+00
7.568627450980391913e-01 3.959553547330637358e+00
7.607843137254901578e-01 5.980033655165301276e+00
7.647058823529411242e-01 5.570658052945820060e+00
7.686274509803920907e-01 6.083705121570026186e+00
7.725490196078431682e-01 5.259590619771552511e+00
7.764705882352941346e-01 6.941604665848817746e+00
7.803921568627451011e-01 5.649301693569857896e+00
7.843137254901960675e-01 4.553977539004034902e+00
7.882352941176470340e-01 4.727125491953545477e+00
7.921568627450980005e-01 5.641264104230231169e+00
7.960784313725489669e-01 4.963969764063557832e+00
8.000000000000000444e-01 5.298412665038293667e+00
8.039215686274510109e-01 4.582316476320546172e+00
8.078431372549019773e-01 3.084975676522433652e+00
8.117647058823529438e-01 4.561297016081334199e+00
8.156862745098039102e-01 4.453428572367991833e+00
8.196078431372548767e-01 5.858591783680875409e+00
8.235294117647058432e-01 5.069276565104046561e+00
8.274509803921568096e-01 3.673663562216264111e+00
8.313725490196077761e-01 4.056351139761642521e+00
8.352941176470588536e-01 6.960188927907326573e+00
8.392156862745098200e-01 4.940680179907002589e+00
8.431372549019607865e-01 5.240350943530757810e+00
8.470588235294117530e-01 5.973733526144942907e+00
8.509803921568627194e-01 6.596679189383257480e+00
8.549019607843136859e-01 2.861840530129043270e+00
8.588235294117646523e-01 5.513507616678772649e+00
8.627450980392157298e-01 3.661432652235856011e+00
8.666666666666666963e-01 3.768014886653507478e+00
8.705882352941176627e-01 4.051326260328461437e+00
8.745098039215686292e-01 4.561619307183624628e+00
8.784313725490195957e-01 3.605902310074418082e+00
8.823529411764705621e-01 4.097775302913048812e+00
8.862745098039215286e-01 4.619624038936819055e+00
8.901960784313724950e-01 3.911097715501440142e+00
8.941176470588234615e-01 3.684498716712449884e+00
8.980392156862745390e-01 3.955218791385845645e+00
9.019607843137255054e-01 4.237507976745127358e+00
9.058823529411764719e-01 3.011243853584379515e+00
9.098039215686274384e-01 3.708674304591093041e+00
9.137254901960784048e-01 3.038347315985397756e+00
9.176470588235293713e-01 3.383032258282033133e+00
9.215686274509803377e-01 3.689904186656794316e+00
9.254901960784314152e-01 2.338978535415543458e+00
9.294117647058823817e-01 3.053269540058676235e+00
9.333333333333333481e-01 2.675172464053751753e+00
9.372549019607843146e-01 3.680848176573699781e+00
9.411764705882352811e-01 3.341943457644921622e+00
9.450980392156862475e-01 3.755158968490677651e+00
9.490196078431372140e-01 3.831696530494181019e+00
9.529411764705881804e-01 2.769524167441420381e+00
9.568627450980391469e-01 2.659833467070541246e+00
9.607843137254902244e-01 3.082508853988770170e+00
9.647058823529411908e-01 3.681813744019243106e+00
9.686274509803921573e-01 2.614027268684596894e+00
9.725490196078431238e-01 3.417091258864077830e+00
9.764705882352940902e-01 4.221047135333835243e+00
9.803921568627450567e-01 2.989437250785274447e+00
9.843137254901960231e-01 3.222080062758238217e+00
9.882352941176471006e-01 2.965176553519540903e+00
9.921568627450980671e-01 4.225119249810909139e+00
9.960784313725490335e-01 3.730252627785838992e+00
1.000000000000000000e+00 4.345982001663402094e+00
