0.000000000000000000e+00 3.058982576486699578e+00
3.921568627450980338e-03 3.379598301915568204e+00
7.843137254901960675e-03 4.836050744356910513e+00
1.176470588235294101e-02 3.092478651683535418e+00
1.568627450980392135e-02 3.683551662406920446e+00
1.960784313725490169e-02 6.134581289183560493e+00
2.352941176470588203e-02 2.805146200594819561e+00
2.745098039215686236e-02 5.742651329835418039e+00
3.137254901960784270e-02 3.899363196341912641e+00
3.529411764705882304e-02 3.435902782965960967e+00
3.921568627450980338e-02 3.723277946500898494e+00
4.313725490196078372e-02 5.250480802045332851e+00
4.705882352941176405e-02 2.733392731979553236e+00
5.098039215686274439e-02 3.508402914062691114e+00
5.490196078431372473e-02 4.413473211245261929e+00
5.882352941176470507e-02 2.389953083207795093e+00
6.274509803921568540e-02 3.709101440388773874e+00
6.666666666666666574e-02 4.451606584124403909e+00
7.058823529411764608e-02 2.737569390300833572e+00
7.450980392156862642e-02 3.427073430182725478e+00
7.843137254901960675e-02 4.164146841113891995e+00
8.235294117647058709e-02 3.338305391537452316e+00
8.627450980392156743e-02 4.210697942583117026e+00
9.019607843137254777e-02 3.748248633418605369e+00
9.411764705882352811e-02 2.729891705636777299e+00
9.803921568627450844e-02 3.109337743816208643e+00
1.019607843137254888e-01 3.686259099277041873e+00
1.058823529411764691e-01 2.071091319868902936e+00
1.098039215686274495e-01 2.749093329135192221e+00
1.137254901960784298e-01 4.561004511132336070e+00
1.176470588235294101e-01 4.314517291457724113e+00
1.215686274509803905e-01 5.032886243744357557e+00
1.254901960784313708e-01 2.073397018555529492e+00
1.294117647058823373e-01 1.455810333726696104e+00
1.333333333333333315e-01 4.170576774717122959e+00
1.372549019607843257e-01 4.759157673556524415e+00
1.411764705882352922e-01 2.855960284783026992e+00
1.450980392156862586e-01 4.307136073103712270e+00
1.490196078431372528e-01 3.790118379117757730e+00
1.529411764705882470e-01 1.800982539972457941e+00
1.568627450980392135e-01 2.421646666995855846e+00
1.607843137254901800e-01 2.781544828877168030e+00
1.647058823529411742e-01 3.366762724038011800e+00
1.686274509803921684e-01 3.338255119483106270e+00
1.725490196078431349e-01 2.339679746233550794e+00
1.764705882352941013e-01 1.485575606880490174e+00
1.803921568627450955e-01 4.257705790604367380e+00
1.843137254901960898e-01 3.613330733552607033e+00
1.882352941176470562e-01 3.135887556610588156e+00
1.921568627450980227e-01 3.345137375198469876e+00
1.960784313725490169e-01 4.029058605691496098e+00
2.000000000000000111e-01 2.098026728112706074e+00
2.039215686274509776e-01 2.787382168851764597e+00
2.078431372549019440e-01 3.994187108522390783e+00
2.117647058823529382e-01 4.743253154496914981e+00
2.156862745098039325e-01 4.740767835545855569e+00
2.196078431372548989e-01 4.293313362716251191e+00
2.235294117647058654e-01 3.080120847325074518e+00
2.274509803921568596e-01 4.103031627489201583e+00
2.313725490196078538e-01 4.704761392277048593e+00
2.352941176470588203e-01 5.141960719657306278e+00
2.392156862745097867e-01 4.185754086784112538e+00
2.431372549019607809e-01 4.605547712916100878e+00
2.470588235294117752e-01 4.425074790562598004e+00
2.509803921568627416e-01 3.892016967196792798e+00
2.549019607843137081e-01 4.460505376818947987e+00
2.588235294117646745e-01 4.688962177240350471e+00
2.627450980392156965e-01 4.976985079513612575e+00
2.666666666666666630e-01 3.106766954206456877e+00
2.705882352941176294e-01 3.645034982761897524e+00
2.745098039215686514e-01 5.642432574152002722e+00
2.784313725490196179e-01 5.181723380496126907e+00
2.823529411764705843e-01 5.178979865899130175e+00
2.862745098039215508e-01 5.463559134737188572e+00
2.901960784313725172e-01 6.773392252292461890e+00
2.941176470588235392e-01 4.159848534140390797e+00
2.980392156862745057e-01 5.484319508612475857e+00
3.019607843137254721e-01 6.179969881636420581e+00
3.058823529411764941e-01 4.959925854560414571e+00
3.098039215686274606e-01 5.980499055322347601e+00
3.137254901960784270e-01 4.068032480332823830e+00
3.176470588235293935e-01 4.851398904406171830e+00
3.215686274509803599e-01 4.799323251863644835e+00
3.254901960784313819e-01 4.619183784004198046e+00
3.294117647058823484e-01 5.525451237887253342e+00
3.333333333333333148e-01 6.021055921391974763e+00
3.372549019607843368e-01 6.059302210015213852e+00
3.411764705882353033e-01 4.751085901529972233e+00
3.450980392156862697e-01 5.456721357723179011e+00
3.490196078431372362e-01 6.529063437548614957e+00
3.529411764705882026e-01 5.270779778508045688e+00
3.568627450980392246e-01 6.591504032042096561e+00
3.607843137254901911e-01 7.026957796250771437e+00
3.647058823529411575e-01 5.159763087118277802e+00
3.686274509803921795e-01 5.952288877709946746e+00
3.725490196078431460e-01 5.983973878856026829e+00
3.764705882352941124e-01 6.980827762310292783e+00
3.803921568627450789e-01 4.232161138376061338e+00
3.843137254901960453e-01 6.113172842840119081e+00
3.882352941176470673e-01 7.497245673171258673e+00
3.921568627450980338e-01 8.049626485999667125e+00
3.960784313725490002e-01 5.807520549258485154e+00
4.000000000000000222e-01 5.434355732241716197e+00
4.039215686274509887e-01 6.922052408634144172e+00
4.078431372549019551e-01 4.825205132190052204e+00
4.117647058823529216e-01 6.640328893406957533e+00
4.156862745098038880e-01 7.277313840907853049e+00
4.196078431372549100e-01 5.804854621644386370e+00
4.235294117647058765e-01 6.931751569783958900e+00
4.274509803921568429e-01 7.267785132117793090e+00
4.313725490196078649e-01 5.969281837806947877e+00
4.352941176470588314e-01 6.342588517752963284e+00
4.392156862745097978e-01 7.485767612951497618e+00
4.431372549019607643e-01 6.789696281830527091e+00
4.470588235294117307e-01 5.443963687781111283e+00
4.509803921568627527e-01 8.458306914296658263e+00
4.549019607843137192e-01 7.429680144267220676e+00
4.588235294117646856e-01 6.978505695920170560e+00
4.627450980392157076e-01 7.847665970029686022e+00
4.666666666666666741e-01 8.422650908395844738e+00
4.705882352941176405e-01 7.147533389332783926e+00
4.745098039215686070e-01 6.357457659744888190e+00
4.784313725490195734e-01 6.399344824440509782e+00
4.823529411764705954e-01 7.958668634064997249e+00
4.862745098039215619e-01 8.444525570184131524e+00
4.901960784313725283e-01 7.397856769794619147e+00
4.941176470588235503e-01 8.274538405340365443e+00
4.980392156862745168e-01 6.915554331547564715e+00
5.019607843137254832e-01 9.102977490316234821e+00
5.058823529411764497e-01 6.898772586995840506e+00
5.098039215686274161e-01 7.233704217088697597e+00
5.137254901960783826e-01 8.245486085699170076e+00
5.176470588235293491e-01 9.323405932436720889e+00
5.215686274509804266e-01 7.291432774069550149e+00
5.254901960784313930e-01 9.027822658429403901e+00
5.294117647058823595e-01 7.331140083168484978e+00
5.333333333333333259e-01 8.759819627442769985e+00
5.372549019607842924e-01 8.264583592776340026e+00
5.411764705882352589e-01 6.677444694178682028e+00
5.450980392156862253e-01 8.327440022438313605e+00
5.490196078431373028e-01 7.887642272672867882e+00
5.529411764705882693e-01 6.538946791435996886e+00
5.568627450980392357e-01 7.743073924800904173e+00
5.607843137254902022e-01 9.511985914162421452e+00
5.647058823529411686e-01 8.975415252587655601e+00
5.686274509803921351e-01 7.163846855026724469e+00
5.725490196078431016e-01 7.429538742161017950e+00
5.764705882352940680e-01 9.343700266680345479e+00
5.803921568627450345e-01 7.468581010546812671e+00
5.843137254901961120e-01 8.600400932122232334e+00
5.882352941176470784e-01 8.938211232661849692e+00
5.921568627450980449e-01 9.184178185026992125e+00
5.960784313725490113e-01 8.123362254839756602e+00
5.999999999999999778e-01 8.695304924822069736e+00
6.039215686274509443e-01 6.690946110291277726e+00
6.078431372549019107e-01 7.089074875244251395e+00
6.117647058823529882e-01 9.287464589239522894e+00
6.156862745098039547e-01 1.125511092272333791e+01
6.196078431372549211e-01 9.880421521748687042e+00
6.235294117647058876e-01 7.233467137218085874e+00
6.274509803921568540e-01 6.710722984494583265e+00
6.313725490196078205e-01 9.828866580953011578e+00
6.352941176470587870e-01 9.760051664901377322e+00
6.392156862745097534e-01 8.842454039324987747e+00
6.431372549019607199e-01 9.728560101417567552e+00
6.470588235294117974e-01 8.556673821612307052e+00
6.509803921568627638e-01 9.234053034872992782e+00
6.549019607843137303e-01 8.106166437241192568e+00
6.588235294117646967e-01 9.632996397894606488e+00
6.627450980392156632e-01 8.010338850620943418e+00
6.666666666666666297e-01 1.048035015084061072e+01
6.705882352941175961e-01 1.117311797526828698e+01
6.745098039215686736e-01 8.134057875941998361e+00
6.784313725490196401e-01 9.911988023348969890e+00
6.823529411764706065e-01 1.056540084083349740e+01
6.862745098039215730e-01 9.433588095430845755e+00
6.901960784313725394e-01 8.765508667288306910e+00
6.941176470588235059e-01 8.859752838595310820e+00
6.980392156862744724e-01 1.105868568108157746e+01
7.019607843137254388e-01 9.505874735894355609e+00
7.058823529411764053e-01 1.006534091291366195e+01
7.098039215686274828e-01 8.669887533109715605e+00
7.137254901960784492e-01 8.967246573580558433e+00
7.176470588235294157e-01 8.749947077584328881e+00
7.215686274509803821e-01 9.676267637934298449e+00
7.254901960784313486e-01 8.729621875791902852e+00
7.294117647058823151e-01 8.198446190691903723e+00
7.333333333333332815e-01 8.461642619357986561e+00
7.372549019607843590e-01 9.393109487595001639e+00
7.411764705882353255e-01 9.428732576013869604e+00
7.450980392156862919e-01 9.337944766640474015e+00
7.490196078431372584e-01 1.079379899574856339e+01
7.529411764705882248e-01 9.608708153221002135e+00
7.568627450980391913e-01 8.875351063992468426e+00
7.607843137254901578e-01 9.283695364958292728e+00
7.647058823529411242e-01 7.952089686572334948e+00
7.686274509803920907e-01 9.958322487220153008e+00
7.725490196078431682e-01 1.077733853131464059e+01
7.764705882352941346e-01 1.105030918385669914e+01
7.803921568627451011e-01 1.022867440655423543e+01
7.843137254901960675e-01 1.060931408034475254e+01
7.882352941176470340e-01 8.743077100355669984e+00
7.921568627450980005e-01 9.350643010250003329e+00
7.960784313725489669e-01 9.038113809677808419e+00
8.000000000000000444e-01 8.730634480545717224e+00
8.039215686274510109e-01 9.061817898301301355e+00
8.078431372549019773e-01 9.540960778343833937e+00
8.117647058823529438e-01 1.064251994678288682e+01
8.156862745098039102e-01 9.006022444378567471e+00
8.196078431372548767e-01 1.044459566207402901e+01
8.235294117647058432e-01 9.788929550552859737e+00
8.274509803921568096e-01 9.248024349229721608e+00
8.313725490196077761e-01 9.303329491484753078e+00
8.352941176470588536e-01 9.526671616407037746e+00
8.392156862745098200e-01 8.713466160676921035e+00
8.431372549019607865e-01 9.612176278072233515e+00
8.470588235294117530e-01 9.267007841263563250e+00
8.509803921568627194e-01 1.035553314406833891e+01
8.549019607843136859e-01 1.087640534232382805e+01
8.588235294117646523e-01 1.006782351169344025e+01
8.627450980392157298e-01 8.475207349253967237e+00
8.666666666666666963e-01 1.119459585021702175e+01
8.705882352941176627e-01 9.273430519620244894e+00
8.745098039215686292e-01 1.045856383713767102e+01
8.784313725490195957e-01 1.012407008791561935e+01
8.823529411764705621e-01 1.102284784416040253e+01
8.862745098039215286e-01 8.474691560905403875e+00
8.901960784313724950e-01 9.578206907330468312e+00
8.941176470588234615e-01 8.483975307811292055e+00
8.980392156862745390e-01 8.824978056049456399e+00
9.019607843137255054e-01 9.920120919673301785e+00
9.058823529411764719e-01 9.716286877730597737e+00
9.098039215686274384e-01 8.837210456401320968e+00
9.137254901960784048e-01 8.459017493148364153e+00
9.176470588235293713e-01 8.629383647666232449e+00
9.215686274509803377e-01 7.249796733929711579e+00
9.254901960784314152e-01 8.001891296039236323e+00
9.294117647058823817e-01 7.540477849500798690e+00
9.333333333333333481e-01 7.705682131701546922e+00
9.372549019607843146e-01 7.432375743965195625e+00
9.411764705882352811e-01 8.476757141548825203e+00
9.450980392156862475e-01 7.089418402527899232e+00
9.490196078431372140e-01 7.597101512317347982e+00
9.529411764705881804e-01 8.007044109163643952e+00
9.568627450980391469e-01 7.322377817718757953e+00
9.607843137254902244e-01 7.421571336211437497e+00
9.647058823529411908e-01 6.565146627978684535e+00
9.686274509803921573e-01 4.633581785884834936e+00
9.725490196078431238e-01 6.739707231526733011e+00
9.764705882352940902e-01 8.270338690344429367e+00
9.803921568627450567e-01 6.516873443594167981e+00
9.843137254901960231e-01 6.630759065782771522e+00
9.882352941176471006e-01 7.449927697177258779e+00
9.921568627450980671e-01 6.276958973182782842e+00
9.960784313725490335e-01 6.360951532089921479e+00
1.000000000000000000e+00 5.897384854279795974e+00
