0.000000000000000000e+00 3.786865672124602789e+00
3.921568627450980338e-03 4.992008418474007669e+00
7.843137254901960675e-03 4.391704629446757657e+00
1.176470588235294101e-02 3.194474767634085666e+00
1.568627450980392135e-02 5.010932686898210697e+00
1.960784313725490169e-02 5.871872305121158320e+00
2.352941176470588203e-02 4.359850995121091088e+00
2.745098039215686236e-02 5.982000916997153972e+00
3.137254901960784270e-02 5.496655492769983553e+00
3.529411764705882304e-02 3.145600069337284310e+00
3.921568627450980338e-02 5.961382606838290243e+00
4.313725490196078372e-02 5.305223485377747572e+00
4.705882352941176405e-02 6.198085837745581195e+00
5.098039215686274439e-02 6.248863116880865931e+00
5.490196078431372473e-02 4.324731203786702949e+00
5.882352941176470507e-02 6.375168659054589071e+00
6.274509803921568540e-02 5.444449639653159423e+00
6.666666666666666574e-02 4.025791277025594361e+00
7.058823529411764608e-02 6.061004793327696483e+00
7.450980392156862642e-02 3.438573535117894764e+00
7.843137254901960675e-02 6.979239181044443185e+00
8.235294117647058709e-02 6.198786523982751540e+00
8.627450980392156743e-02 5.407570755932278317e+00
9.019607843137254777e-02 5.345456681199120652e+00
9.411764705882352811e-02 6.309111998800707610e+00
9.803921568627450844e-02 7.245782366532692365e+00
1.019607843137254888e-01 7.580689656604199911e+00
1.058823529411764691e-01 6.173937290324762905e+00
1.098039215686274495e-01 6.875388836159929795e+00
1.137254901960784298e-01 8.691201469585790207e+00
1.176470588235294101e-01 7.232096987584367476e+00
1.215686274509803905e-01 6.212326011268290316e+00
1.254901960784313708e-01 5.911075019296017530e+00
1.294117647058823373e-01 8.174115953686481362e+00
1.333333333333333315e-01 6.372258167009536400e+00
1.372549019607843257e-01 6.869968618652725567e+00
1.411764705882352922e-01 6.975306717831202263e+00
1.450980392156862586e-01 7.510732683882906713e+00
1.490196078431372528e-01 4.768335717781242877e+00
1.529411764705882470e-01 5.708261219358542249e+00
1.568627450980392135e-01 6.814626260443232830e+00
1.607843137254901800e-01 6.186685430178574308e+00
1.647058823529411742e-01 7.385997745975600992e+00
1.686274509803921684e-01 5.805610107287102473e+00
1.725490196078431349e-01 6.271170859075760440e+00
1.764705882352941013e-01 3.965812188474965971e+00
1.803921568627450955e-01 7.154983798257169347e+00
1.843137254901960898e-01 5.924468885959202069e+00
1.882352941176470562e-01 6.296850991997978930e+00
1.921568627450980227e-01 7.292642681030407914e+00
1.960784313725490169e-01 6.989846724121429489e+00
2.000000000000000111e-01 6.485854025905307019e+00
2.039215686274509776e-01 4.669826316909707842e+00
2.078431372549019440e-01 5.847400808384024984e+00
2.117647058823529382e-01 5.957630559619229160e+00
2.156862745098039325e-01 6.984659023334896411e+00
2.196078431372548989e-01 6.828537913879547894e+00
2.235294117647058654e-01 7.898731326681563303e+00
2.274509803921568596e-01 5.892867724330521639e+00
2.313725490196078538e-01 7.379565331893998881e+00
2.352941176470588203e-01 6.886994252596081445e+00
2.392156862745097867e-01 8.432398564183468892e+00
2.431372549019607809e-01 6.302817247439460147e+00
2.470588235294117752e-01 6.095207940255677137e+00
2.509803921568627416e-01 4.839682529686077039e+00
2.549019607843137081e-01 7.370463344351225743e+00
2.588235294117646745e-01 7.674355484797071192e+00
2.627450980392156965e-01 4.343191379856737200e+00
2.666666666666666630e-01 6.609615115170568878e+00
2.705882352941176294e-01 7.188213973225606956e+00
2.745098039215686514e-01 7.044696269652065190e+00
2.784313725490196179e-01 6.037488303951130675e+00
2.823529411764705843e-01 6.058571902923385544e+00
2.862745098039215508e-01 5.757966550600272626e+00
2.901960784313725172e-01 7.270470389464160021e+00
2.941176470588235392e-01 6.870026023775025692e+00
2.980392156862745057e-01 7.459915974459659260e+00
3.019607843137254721e-01 7.484000471975896573e+00
3.058823529411764941e-01 6.240315792529494310e+00
3.098039215686274606e-01 7.171109321527814551e+00
3.137254901960784270e-01 7.748391931675453037e+00
3.176470588235293935e-01 5.223016432845767554e+00
3.215686274509803599e-01 6.947473012499461475e+00
3.254901960784313819e-01 6.351647399368721025e+00
3.294117647058823484e-01 6.950749454625661627e+00
3.333333333333333148e-01 4.468140471090380927e+00
3.372549019607843368e-01 5.710255239529786309e+00
3.411764705882353033e-01 5.547631452679122610e+00
3.450980392156862697e-01 5.891489522653997390e+00
3.490196078431372362e-01 6.600628036413045407e+00
3.529411764705882026e-01 6.500629192138800860e+00
3.568627450980392246e-01 8.001236248668025297e+00
3.607843137254901911e-01 6.764084661384973884e+00
3.647058823529411575e-01 6.199897892608999150e+00
3.686274509803921795e-01 7.490502653623519080e+00
3.725490196078431460e-01 5.406809627698553555e+00
3.764705882352941124e-01 6.457038230456422667e+00
3.803921568627450789e-01 7.021967355843944603e+00
3.843137254901960453e-01 6.433749918875211193e+00
3.882352941176470673e-01 4.846139675379285805e+00
3.921568627450980338e-01 6.227257987998702227e+00
3.960784313725490002e-01 5.372364060636428462e+00
4.000000000000000222e-01 5.671705574343727463e+00
4.039215686274509887e-01 7.185525201119263627e+00
4.078431372549019551e-01 5.586895006392647467e+00
4.117647058823529216e-01 5.479270993712656690e+00
4.156862745098038880e-01 5.668301493508590916e+00
4.196078431372549100e-01 5.662661117512449493e+00
4.235294117647058765e-01 6.716315363108445347e+00
4.274509803921568429e-01 6.206849087410859944e+00
4.313725490196078649e-01 5.604453126167388888e+00
4.352941176470588314e-01 5.394203926861281140e+00
4.392156862745097978e-01 6.453482060491626982e+00
4.431372549019607643e-01 5.445219085325050834e+00
4.470588235294117307e-01 6.232197823856346908e+00
4.509803921568627527e-01 5.697850879089086717e+00
4.549019607843137192e-01 4.102542103469565937e+00
4.588235294117646856e-01 7.824063717787199224e+00
4.627450980392157076e-01 5.548459387302909995e+00
4.666666666666666741e-01 6.566336274567855291e+00
4.705882352941176405e-01 4.915418090165593945e+00
4.745098039215686070e-01 6.803375753687043392e+00
4.784313725490195734e-01 6.508079925433997381e+00
4.823529411764705954e-01 5.444181796868482692e+00
4.862745098039215619e-01 6.434128435364228515e+00
4.901960784313725283e-01 4.126620784132120967e+00
4.941176470588235503e-01 4.786152999153729937e+00
4.980392156862745168e-01 6.350788636477164850e+00
5.019607843137254832e-01 6.235693068270593109e+00
5.058823529411764497e-01 7.172152218435261517e+00
5.098039215686274161e-01 6.251180771588821905e+00
5.137254901960783826e-01 7.554127807823741492e+00
5.176470588235293491e-01 5.196213650726665634e+00
5.215686274509804266e-01 5.118946724155999384e+00
5.254901960784313930e-01 4.299688890352602932e+00
5.294117647058823595e-01 4.265041833745548239e+00
5.333333333333333259e-01 4.506077227145677710e+00
5.372549019607842924e-01 4.642879225835979007e+00
5.411764705882352589e-01 4.492080852737532659e+00
5.450980392156862253e-01 5.627500011227894561e+00
5.490196078431373028e-01 7.479966522717755417e+00
5.529411764705882693e-01 6.802759716681624269e+00
5.568627450980392357e-01 5.206685585462437871e+00
5.607843137254902022e-01 3.491973024302442052e+00
5.647058823529411686e-01 6.337194585621032772e+00
5.686274509803921351e-01 3.972587594899751551e+00
5.725490196078431016e-01 6.394568922952509560e+00
5.764705882352940680e-01 5.304369367984478778e+00
5.803921568627450345e-01 5.472801081000687518e+00
5.843137254901961120e-01 7.591757830952859720e+00
5.882352941176470784e-01 4.449691153297123059e+00
5.921568627450980449e-01 5.297781718192689837e+00
5.960784313725490113e-01 2.993966803105600594e+00
5.999999999999999778e-01 5.005809823351016874e+00
6.039215686274509443e-01 4.760851372915898772e+00
6.078431372549019107e-01 3.373263711643365248e+00
6.117647058823529882e-01 5.363007535369796130e+00
6.156862745098039547e-01 7.181515804836007710e+00
6.196078431372549211e-01 5.753884824560401512e+00
6.235294117647058876e-01 5.175424548540889624e+00
6.274509803921568540e-01 4.470782174266338949e+00
6.313725490196078205e-01 5.400912882601160980e+00
6.352941176470587870e-01 4.522202014974087803e+00
6.392156862745097534e-01 6.264855077189317889e+00
6.431372549019607199e-01 6.241438792985410267e+00
6.470588235294117974e-01 4.208520600435491588e+00
6.509803921568627638e-01 5.715414540265406629e+00
6.549019607843137303e-01 4.681817269289031636e+00
6.588235294117646967e-01 6.256418040142607495e+00
6.627450980392156632e-01 4.877975996430707006e+00
6.666666666666666297e-01 3.649263164536309390e+00
6.705882352941175961e-01 4.147683140750005215e+00
6.745098039215686736e-01 4.137002001625435632e+00
6.784313725490196401e-01 4.590957541463130731e+00
6.823529411764706065e-01 5.756751664391391188e+00
6.862745098039215730e-01 3.876872806798742133e+00
6.901960784313725394e-01 4.751809617472181557e+00
6.941176470588235059e-01 3.432734342861077259e+00
6.980392156862744724e-01 5.750814118669648423e+00
7.019607843137254388e-01 5.446037840081358716e+00
7.058823529411764053e-01 5.525057994026553843e+00
7.098039215686274828e-01 4.955433826231452343e+00
7.137254901960784492e-01 4.995454337850950388e+00
7.176470588235294157e-01 3.247157247236717836e+00
7.215686274509803821e-01 3.306728229915130157e+00
7.254901960784313486e-01 4.186911808605312757e+00
7.294117647058823151e-01 2.913306318580457521e+00
7.333333333333332815e-01 4.197242283482288450e+00
7.372549019607843590e-01 2.981508129034746712e+00
7.411764705882353255e-01 4.592044247571629434e+00
7.450980392156862919e-01 2.734572380247913159e+00
7.490196078431372584e-01 2.967716003781760037e+00
7.529411764705882248e-01 4.329878375144310176e+00
7.568627450980391913e-01 2.858229632367276896e+00
7.607843137254901578e-01 3.701501545084421974e+00
7.647058823529411242e-01 4.349989766242357447e+00
7.686274509803920907e-01 3.207377611369757187e+00
7.725490196078431682e-01 3.214468761044117606e+00
7.764705882352941346e-01 4.267575115211935888e+00
7.803921568627451011e-01 6.703833335840938545e+00
7.843137254901960675e-01 2.986000580410782312e+00
7.882352941176470340e-01 4.740836658725845254e+00
7.921568627450980005e-01 3.372521253280038600e+00
7.960784313725489669e-01 3.392724446874324062e+00
8.000000000000000444e-01 3.614764425376971513e+00
8.039215686274510109e-01 2.503779442236438335e+00
8.078431372549019773e-01 3.801855284693195003e+00
8.117647058823529438e-01 2.973529496091676272e+00
8.156862745098039102e-01 5.463947096474575105e+00
8.196078431372548767e-01 1.775493558131126193e+00
8.235294117647058432e-01 4.506350456873169819e+00
8.274509803921568096e-01 3.791792262312487782e+00
8.313725490196077761e-01 4.224151509811093774e+00
8.352941176470588536e-01 2.773672607067831919e+00
8.392156862745098200e-01 2.837402363285769891e+00
8.431372549019607865e-01 3.404728006897089543e+00
8.470588235294117530e-01 4.204613491283057058e+00
8.509803921568627194e-01 4.831683700161778283e+00
8.549019607843136859e-01 3.885318724749385666e+00
8.588235294117646523e-01 5.529551843889681351e+00
8.627450980392157298e-01 4.859380680127075358e+00
8.666666666666666963e-01 4.004801316496521935e+00
8.705882352941176627e-01 2.885158440256176515e+00
8.745098039215686292e-01 2.469319751647236494e+00
8.784313725490195957e-01 3.798307510241822449e+00
8.823529411764705621e-01 3.166687246052730220e+00
8.862745098039215286e-01 1.794513522693923280e+00
8.901960784313724950e-01 4.032579534393615717e+00
8.941176470588234615e-01 3.152148468248321400e+00
8.980392156862745390e-01 4.318606083266407936e+00
9.019607843137255054e-01 2.338131479328148465e+00
9.058823529411764719e-01 3.061302825800844118e+00
9.098039215686274384e-01 2.037621989324531757e+00
9.137254901960784048e-01 3.729960581021651400e+00
9.176470588235293713e-01 2.452021197846111722e+00
9.215686274509803377e-01 2.403571401812677255e+00
9.254901960784314152e-01 3.987615125936724514e+00
9.294117647058823817e-01 3.327391613484014243e+00
9.333333333333333481e-01 1.107002949202432029e+00
9.372549019607843146e-01 4.745064868570968208e+00
9.411764705882352811e-01 2.790315549258153727e+00
9.450980392156862475e-01 1.947494670544499540e+00
9.490196078431372140e-01 1.909077743760264623e+00
9.529411764705881804e-01 -1.445389065798559081e-01
9.568627450980391469e-01 2.520925017034826965e+00
9.607843137254902244e-01 1.834734562982975214e+00
9.647058823529411908e-01 3.296044031061577062e+00
9.686274509803921573e-01 2.573438527493999040e+00
9.725490196078431238e-01 1.170281017456966666e+00
9.764705882352940902e-01 3.226837805515688551e+00
9.803921568627450567e-01 1.559563737950686146e+00
9.843137254901960231e-01 2.484700027703078629e+00
9.882352941176471006e-01 2.331718085325587886e+00
9.921568627450980671e-01 2.202525002251044306e+00
9.960784313725490335e-01 2.799688985726776380e+00
1.000000000000000000e+00 1.004677229730844168e+00
