0.000000000000000000e+00 1.620733828731588000e+00
3.921568627450980338e-03 1.418918657754270507e+00
7.843137254901960675e-03 1.496665610763195264e+00
1.176470588235294101e-02 6.937988447137377612e-02
1.568627450980392135e-02 1.629063444088026946e-01
1.960784313725490169e-02 2.018822171863306814e+00
2.352941176470588203e-02 1.597527639262956711e+00
2.745098039215686236e-02 2.257564315942039546e+00
3.137254901960784270e-02 1.274418835276370121e+00
3.529411764705882304e-02 1.194311482504994526e+00
3.921568627450980338e-02 2.391763018813887420e+00
4.313725490196078372e-02 1.546525401352903728e+00
4.705882352941176405e-02 2.272317628746097107e+00
5.098039215686274439e-02 -2.868548708980804829e-01
5.490196078431372473e-02 2.441347094622473346e+00
5.882352941176470507e-02 5.824166777610451096e-01
6.274509803921568540e-02 1.033534425395729706e+00
6.666666666666666574e-02 2.193093821870741866e+00
7.058823529411764608e-02 2.156467560693303032e+00
7.450980392156862642e-02 4.795784468422278124e+00
7.843137254901960675e-02 2.496203557934196127e+00
8.235294117647058709e-02 2.620095203220982327e+00
8.627450980392156743e-02 1.013067107087483487e+00
9.019607843137254777e-02 3.667528893880616092e+00
9.411764705882352811e-02 1.914772974577666487e+00
9.803921568627450844e-02 5.327772620210544652e-01
1.019607843137254888e-01 1.729505663744245636e+00
1.058823529411764691e-01 2.981275551551015646e+00
1.098039215686274495e-01 1.375045472646226008e+00
1.137254901960784298e-01 3.008806813352729481e+00
1.176470588235294101e-01 2.438169161585901357e+00
1.215686274509803905e-01 3.014509002526414516e+00
1.254901960784313708e-01 5.017761873800520966e+00
1.294117647058823373e-01 3.929994037848130173e+00
1.333333333333333315e-01 3.103605235287057340e+00
1.372549019607843257e-01 2.914867612312723288e+00
1.411764705882352922e-01 2.746901983931711477e+00
1.450980392156862586e-01 3.728235979717267057e+00
1.490196078431372528e-01 5.607643292971304483e+00
1.529411764705882470e-01 3.894976724463445450e+00
1.568627450980392135e-01 5.921269323539489093e+00
1.607843137254901800e-01 4.432418741432996967e+00
1.647058823529411742e-01 3.158555746883613402e+00
1.686274509803921684e-01 5.457259887823767031e+00
1.725490196078431349e-01 5.006474099248245047e+00
1.764705882352941013e-01 5.501156595662285653e+00
1.803921568627450955e-01 2.540528942194100193e+00
1.843137254901960898e-01 4.061155993452629787e+00
1.882352941176470562e-01 5.099008010141432123e+00
1.921568627450980227e-01 5.087220817258506500e+00
1.960784313725490169e-01 3.809906301611635904e+00
2.000000000000000111e-01 4.785024923051159895e+00
2.039215686274509776e-01 6.168189188810872636e+00
2.078431372549019440e-01 6.049676216438832910e+00
2.117647058823529382e-01 5.190654202627437819e+00
2.156862745098039325e-01 7.154789709869721293e+00
2.196078431372548989e-01 6.290928012023849547e+00
2.235294117647058654e-01 5.649778290889124754e+00
2.274509803921568596e-01 4.565818974220515969e+00
2.313725490196078538e-01 5.110350898717166856e+00
2.352941176470588203e-01 5.828725204907978963e+00
2.392156862745097867e-01 5.529293739515171779e+00
2.431372549019607809e-01 3.858045441648839446e+00
2.470588235294117752e-01 4.591051163751408204e+00
2.509803921568627416e-01 4.014798511842580631e+00
2.549019607843137081e-01 4.715724803359639949e+00
2.588235294117646745e-01 5.959062147590050706e+00
2.627450980392156965e-01 4.863502589899352913e+00
2.666666666666666630e-01 5.025443948212172884e+00
2.705882352941176294e-01 5.732728691991812120e+00
2.745098039215686514e-01 6.229159749812179570e+00
2.784313725490196179e-01 3.872995970027948154e+00
2.823529411764705843e-01 5.370368662822638584e+00
2.862745098039215508e-01 5.706413496151194309e+00
2.901960784313725172e-01 7.476941671336549078e+00
2.941176470588235392e-01 5.954267230383383236e+00
2.980392156862745057e-01 5.286831563895320940e+00
3.019607843137254721e-01 4.489967365842956859e+00
3.058823529411764941e-01 5.866104664835640747e+00
3.098039215686274606e-01 6.577223876231092170e+00
3.137254901960784270e-01 6.568413399028601773e+00
3.176470588235293935e-01 5.360266274078322013e+00
3.215686274509803599e-01 7.678837127270970342e+00
3.254901960784313819e-01 6.729193619441302232e+00
3.294117647058823484e-01 6.832953121144953457e+00
3.333333333333333148e-01 8.676116306654828136e+00
3.372549019607843368e-01 4.830002310662730558e+00
3.411764705882353033e-01 5.486931287011521441e+00
3.450980392156862697e-01 5.490656630806084237e+00
3.490196078431372362e-01 5.236628360046548636e+00
3.529411764705882026e-01 7.015312704029323498e+00
3.568627450980392246e-01 5.576844522127573534e+00
3.607843137254901911e-01 5.468693418044124677e+00
3.647058823529411575e-01 6.745748883839938870e+00
3.686274509803921795e-01 5.505751382197752619e+00
3.725490196078431460e-01 6.204861002087869615e+00
3.764705882352941124e-01 3.986260803901832794e+00
3.803921568627450789e-01 5.735775297642488724e+00
3.843137254901960453e-01 5.732963152492740910e+00
3.882352941176470673e-01 6.093722500056413693e+00
3.921568627450980338e-01 6.899560135714621012e+00
3.960784313725490002e-01 9.569293460050673161e+00
4.000000000000000222e-01 5.479683185275337820e+00
4.039215686274509887e-01 6.389177419074858477e+00
4.078431372549019551e-01 5.062522514414673935e+00
4.117647058823529216e-01 5.088244802408995682e+00
4.156862745098038880e-01 7.182586093570133556e+00
4.196078431372549100e-01 7.556413656828500969e+00
4.235294117647058765e-01 7.328764684400545626e+00
4.274509803921568429e-01 7.585646806151908450e+00
4.313725490196078649e-01 6.638014106305675455e+00
4.352941176470588314e-01 6.645480298262470775e+00
4.392156862745097978e-01 6.529556108877056175e+00
4.431372549019607643e-01 7.431869932681987478e+00
4.470588235294117307e-01 6.915742062151675640e+00
4.509803921568627527e-01 6.364117621078429821e+00
4.549019607843137192e-01 4.643011686933277815e+00
4.588235294117646856e-01 4.816118235541745563e+00
4.627450980392157076e-01 6.519056638288211580e+00
4.666666666666666741e-01 5.023158818785146806e+00
4.705882352941176405e-01 7.303447184681855830e+00
4.745098039215686070e-01 5.878947604034169494e+00
4.784313725490195734e-01 7.461116701890874836e+00
4.823529411764705954e-01 5.762819117949338654e+00
4.862745098039215619e-01 4.927998202521782112e+00
4.901960784313725283e-01 6.567289038876714891e+00
4.941176470588235503e-01 6.987836723629285096e+00
4.980392156862745168e-01 7.642574102719678741e+00
5.019607843137254832e-01 7.087299933289333609e+00
5.058823529411764497e-01 6.595205219599781898e+00
5.098039215686274161e-01 6.631141581642043370e+00
5.137254901960783826e-01 5.207930966178228260e+00
5.176470588235293491e-01 6.324171254009004706e+00
5.215686274509804266e-01 6.884370340899694796e+00
5.254901960784313930e-01 5.272070082324512796e+00
5.294117647058823595e-01 7.427648955991331903e+00
5.333333333333333259e-01 5.416415394871314959e+00
5.372549019607842924e-01 6.081525521199948159e+00
5.411764705882352589e-01 5.579907107522580567e+00
5.450980392156862253e-01 5.839099830922823031e+00
5.490196078431373028e-01 8.414717423798155238e+00
5.529411764705882693e-01 6.095655064076236584e+00
5.568627450980392357e-01 7.363043695271017874e+00
5.607843137254902022e-01 5.739461743675668082e+00
5.647058823529411686e-01 5.858957723486561520e+00
5.686274509803921351e-01 5.832122537478340085e+00
5.725490196078431016e-01 6.285151707480361338e+00
5.764705882352940680e-01 7.037818390417045933e+00
5.803921568627450345e-01 5.835996958367023701e+00
5.843137254901961120e-01 6.270359387804797180e+00
5.882352941176470784e-01 5.042576927424799571e+00
5.921568627450980449e-01 7.998095494282239315e+00
5.960784313725490113e-01 7.865452903677699226e+00
5.999999999999999778e-01 6.572685939273843481e+00
6.039215686274509443e-01 7.761857017202490105e+00
6.078431372549019107e-01 7.648426813836671556e+00
6.117647058823529882e-01 5.516146740973648654e+00
6.156862745098039547e-01 4.013786390773820045e+00
6.196078431372549211e-01 6.658208577669832096e+00
6.235294117647058876e-01 6.149964165348984046e+00
6.274509803921568540e-01 6.051976212049895665e+00
6.313725490196078205e-01 7.189604129726454573e+00
6.352941176470587870e-01 5.922586925869663510e+00
6.392156862745097534e-01 7.425023556102480882e+00
6.431372549019607199e-01 6.715865270617697114e+00
6.470588235294117974e-01 4.753606274917035357e+00
6.509803921568627638e-01 6.966658014964743018e+00
6.549019607843137303e-01 6.642733759884151823e+00
6.588235294117646967e-01 4.583917465346694087e+00
6.627450980392156632e-01 5.586294367294542873e+00
6.666666666666666297e-01 6.002465635075429518e+00
6.705882352941175961e-01 7.734007214998264601e+00
6.745098039215686736e-01 5.506840321834976848e+00
6.784313725490196401e-01 6.123090248043602024e+00
6.823529411764706065e-01 5.514871991788441896e+00
6.862745098039215730e-01 6.957201787533611181e+00
6.901960784313725394e-01 6.616859050069490600e+00
6.941176470588235059e-01 6.449976418799521660e+00
6.980392156862744724e-01 6.226559174375729810e+00
7.019607843137254388e-01 6.632782736527417455e+00
7.058823529411764053e-01 5.416762161284235155e+00
7.098039215686274828e-01 5.055069322613934268e+00
7.137254901960784492e-01 7.146737131002200982e+00
7.176470588235294157e-01 6.170889525721775293e+00
7.215686274509803821e-01 7.001544818809552595e+00
7.254901960784313486e-01 5.593246931095801067e+00
7.294117647058823151e-01 4.637030444545114705e+00
7.333333333333332815e-01 4.984969343429392019e+00
7.372549019607843590e-01 6.587504858355307746e+00
7.411764705882353255e-01 4.900279231421772685e+00
7.450980392156862919e-01 4.632455146080721953e+00
7.490196078431372584e-01 7.791332949302345767e+00
7.529411764705882248e-01 5.578945525611172407e+00
7.568627450980391913e-01 5.348586183922505732e+00
7.607843137254901578e-01 4.780722379221625573e+00
7.647058823529411242e-01 5.161407815413267208e+00
7.686274509803920907e-01 4.138542447387869139e+00
7.725490196078431682e-01 6.917872318455885683e+00
7.764705882352941346e-01 7.136354430019897777e+00
7.803921568627451011e-01 4.153817634899262146e+00
7.843137254901960675e-01 4.660581371431210762e+00
7.882352941176470340e-01 4.388362234507641624e+00
7.921568627450980005e-01 5.187412557996696982e+00
7.960784313725489669e-01 2.895044782556112750e+00
8.000000000000000444e-01 6.592307273521045730e+00
8.039215686274510109e-01 3.919245385411480598e+00
8.078431372549019773e-01 4.920498530898600009e+00
8.117647058823529438e-01 4.202201300668627404e+00
8.156862745098039102e-01 2.826709546012590835e+00
8.196078431372548767e-01 5.318955203951791333e+00
8.235294117647058432e-01 5.427641575352538439e+00
8.274509803921568096e-01 5.966232195937707594e+00
8.313725490196077761e-01 5.010270404825308610e+00
8.352941176470588536e-01 4.248667725502237147e+00
8.392156862745098200e-01 5.162618842968540456e+00
8.431372549019607865e-01 6.427036642346752870e+00
8.470588235294117530e-01 5.763549611503411718e+00
8.509803921568627194e-01 5.671079929478417547e+00
8.549019607843136859e-01 5.887392686057796531e+00
8.588235294117646523e-01 1.705798081316698411e+00
8.627450980392157298e-01 3.801487494755899643e+00
8.666666666666666963e-01 5.603770311833757845e+00
8.705882352941176627e-01 6.448459058182507420e+00
8.745098039215686292e-01 5.619400841585020068e+00
8.784313725490195957e-01 4.483140553978551601e+00
8.823529411764705621e-01 3.634347757033544291e+00
8.862745098039215286e-01 4.248979773996130582e+00
8.901960784313724950e-01 3.253528174096798509e+00
8.941176470588234615e-01 5.144590799796995739e+00
8.980392156862745390e-01 5.679663864212397328e+00
9.019607843137255054e-01 5.142632211775714168e+00
9.058823529411764719e-01 4.443083097765457623e+00
9.098039215686274384e-01 4.001399188062683798e+00
9.137254901960784048e-01 3.558182211066926559e+00
9.176470588235293713e-01 3.329459711838407276e+00
9.215686274509803377e-01 4.973997081741166504e+00
9.254901960784314152e-01 4.243736263215555304e+00
9.294117647058823817e-01 5.537266079054930401e+00
9.333333333333333481e-01 3.699173471733719687e+00
9.372549019607843146e-01 4.209426423768768188e+00
9.411764705882352811e-01 7.002089268778812325e+00
9.450980392156862475e-01 5.009226437126201859e+00
9.490196078431372140e-01 2.231240387406062009e+00
9.529411764705881804e-01 3.281959228057734101e+00
9.568627450980391469e-01 6.055165362308417620e+00
9.607843137254902244e-01 4.427893308347383261e+00
9.647058823529411908e-01 5.606024754022129741e+00
9.686274509803921573e-01 4.034756916416613493e+00
9.725490196078431238e-01 5.580716135618667195e+00
9.764705882352940902e-01 3.591042501580259838e+00
9.803921568627450567e-01 4.758742524055143974e+00
9.843137254901960231e-01 5.673434702551003461e+00
9.882352941176471006e-01 5.184398341124500931e+00
9.921568627450980671e-01 3.667690501017266236e+00
9.960784313725490335e-01 4.602653438867024605e+00
1.000000000000000000e+00 4.546248699408288019e+00
