0.000000000000000000e+00 5.334518333826570924e+00
3.921568627450980338e-03 5.413221503955784719e+00
7.843137254901960675e-03 4.499876262515009273e+00
1.176470588235294101e-02 4.871018588243074987e+00
1.568627450980392135e-02 4.828686492593023516e+00
1.960784313725490169e-02 4.612712401405572926e+00
2.352941176470588203e-02 4.945069846755916210e+00
2.745098039215686236e-02 4.680866308446523405e+00
3.137254901960784270e-02 3.475112271796563235e+00
3.529411764705882304e-02 4.396365553015757044e+00
3.921568627450980338e-02 3.912256682437087463e+00
4.313725490196078372e-02 4.762053402189538431e+00
4.705882352941176405e-02 4.260052841079524200e+00
5.098039215686274439e-02 3.371575218264986518e+00
5.490196078431372473e-02 4.270176895549774088e+00
5.882352941176470507e-02 3.157563791927563202e+00
6.274509803921568540e-02 5.096973372246421441e+00
6.666666666666666574e-02 3.775852861244204828e+00
7.058823529411764608e-02 3.790144343337454647e+00
7.450980392156862642e-02 4.185225959637089765e+00
7.843137254901960675e-02 4.270133190462761519e+00
8.235294117647058709e-02 3.924811834015810241e+00
8.627450980392156743e-02 2.673666600707894414e+00
9.019607843137254777e-02 3.151988690322716558e+00
9.411764705882352811e-02 2.259292359158715513e+00
9.803921568627450844e-02 2.997936867659277915e+00
1.019607843137254888e-01 4.124672842501627024e+00
1.058823529411764691e-01 4.480354457992815398e+00
1.098039215686274495e-01 3.171460290602034160e+00
1.137254901960784298e-01 2.372931764107651720e+00
1.176470588235294101e-01 3.484997291010448528e+00
1.215686274509803905e-01 1.643505475372955660e+00
1.254901960784313708e-01 5.297905072718043229e+00
1.294117647058823373e-01 3.127828072738169318e+00
1.333333333333333315e-01 3.207834666964404668e+00
1.372549019607843257e-01 1.405945086091108909e+00
1.411764705882352922e-01 4.759449498480193164e+00
1.450980392156862586e-01 4.687857768088806054e+00
1.490196078431372528e-01 4.778011905160366446e+00
1.529411764705882470e-01 2.608161514418357640e+00
1.568627450980392135e-01 1.969394129299451679e+00
1.607843137254901800e-01 2.970217239955724065e+00
1.647058823529411742e-01 2.277871894961437604e+00
1.686274509803921684e-01 2.248339102010582291e+00
1.725490196078431349e-01 2.818393946683739770e+00
1.764705882352941013e-01 3.147899009346488697e+00
1.803921568627450955e-01 3.594187904206409989e+00
1.843137254901960898e-01 2.883103093169257392e+00
1.882352941176470562e-01 4.284072029901989431e+00
1.921568627450980227e-01 2.225228966280210940e+00
1.960784313725490169e-01 4.429315112556145628e+00
2.000000000000000111e-01 5.248945969781218857e+00
2.039215686274509776e-01 6.000990007532118753e+00
2.078431372549019440e-01 4.411283798650918797e+00
2.117647058823529382e-01 2.206870101198113776e+00
2.156862745098039325e-01 2.525106458189808833e+00
2.196078431372548989e-01 5.307600192626344082e+00
2.235294117647058654e-01 5.011448341876754142e+00
2.274509803921568596e-01 4.082137855070919308e+00
2.313725490196078538e-01 4.406266168216159684e+00
2.352941176470588203e-01 4.320005187307115690e+00
2.392156862745097867e-01 6.083835901298204618e+00
2.431372549019607809e-01 1.538428087928283894e+00
2.470588235294117752e-01 4.771109231507264070e+00
2.509803921568627416e-01 2.869844314635302318e+00
2.549019607843137081e-01 3.978973218222029651e+00
2.588235294117646745e-01 2.358986254849766873e+00
2.627450980392156965e-01 5.236718632967820142e+00
2.666666666666666630e-01 4.687514807144078866e+00
2.705882352941176294e-01 4.875835118586607564e+00
2.745098039215686514e-01 4.238409354158144460e+00
2.784313725490196179e-01 5.291649665117155621e+00
2.823529411764705843e-01 4.042114115668121066e+00
2.862745098039215508e-01 6.380458612211753255e+00
2.901960784313725172e-01 1.433981461211869313e+00
2.941176470588235392e-01 5.094725151868733981e+00
2.980392156862745057e-01 6.041824083999967954e+00
3.019607843137254721e-01 3.585563009995562211e+00
3.058823529411764941e-01 5.146482295864927003e+00
3.098039215686274606e-01 6.701594003265447519e+00
3.137254901960784270e-01 5.451777257587433034e+00
3.176470588235293935e-01 6.355273279938313813e+00
3.215686274509803599e-01 4.807701407615819988e+00
3.254901960784313819e-01 4.463358365774701575e+00
3.294117647058823484e-01 5.349307759853163979e+00
3.333333333333333148e-01 3.819261821024066528e+00
3.372549019607843368e-01 4.591814789649951933e+00
3.411764705882353033e-01 5.503055125861999741e+00
3.450980392156862697e-01 7.179099627809215178e+00
3.490196078431372362e-01 5.249335955275428844e+00
3.529411764705882026e-01 5.006187013987349665e+00
3.568627450980392246e-01 6.125303412452137053e+00
3.607843137254901911e-01 5.065229718127366887e+00
3.647058823529411575e-01 2.586037689828714736e+00
3.686274509803921795e-01 5.747888690157880731e+00
3.725490196078431460e-01 5.769395349906988102e+00
3.764705882352941124e-01 6.143404075684606447e+00
3.803921568627450789e-01 6.349776856329578223e+00
3.843137254901960453e-01 5.742155616170300014e+00
3.882352941176470673e-01 4.384405726431079842e+00
3.921568627450980338e-01 6.474193579858666503e+00
3.960784313725490002e-01 4.317858891091429285e+00
4.000000000000000222e-01 5.761487607964332014e+00
4.039215686274509887e-01 5.919518770377671046e+00
4.078431372549019551e-01 8.605771210659833415e+00
4.117647058823529216e-01 6.434962248103863303e+00
4.156862745098038880e-01 5.723160438028449093e+00
4.196078431372549100e-01 6.195365397541013230e+00
4.235294117647058765e-01 7.524846566150401372e+00
4.274509803921568429e-01 5.714511162513649545e+00
4.313725490196078649e-01 4.677174480987940086e+00
4.352941176470588314e-01 6.046874302966736892e+00
4.392156862745097978e-01 5.514903953305790196e+00
4.431372549019607643e-01 7.217539243999357979e+00
4.470588235294117307e-01 6.884491763001515885e+00
4.509803921568627527e-01 5.516303810901687754e+00
4.549019607843137192e-01 8.253457864103797448e+00
4.588235294117646856e-01 6.367000514302996628e+00
4.627450980392157076e-01 7.834839702926455374e+00
4.666666666666666741e-01 6.757134537188698609e+00
4.705882352941176405e-01 5.359688020573209144e+00
4.745098039215686070e-01 6.449852419675204729e+00
4.784313725490195734e-01 7.501048232302355068e+00
4.823529411764705954e-01 6.333079947980261082e+00
4.862745098039215619e-01 5.361129193168984841e+00
4.901960784313725283e-01 5.519812242540400149e+00
4.941176470588235503e-01 6.179947339834254372e+00
4.980392156862745168e-01 7.349027376517950572e+00
5.019607843137254832e-01 7.095612180822203463e+00
5.058823529411764497e-01 6.692130941609553574e+00
5.098039215686274161e-01 6.912660393189325347e+00
5.137254901960783826e-01 7.064746907744851256e+00
5.176470588235293491e-01 6.962154069412372692e+00
5.215686274509804266e-01 8.378629171945199516e+00
5.254901960784313930e-01 5.934902202816028094e+00
5.294117647058823595e-01 6.218484496409761419e+00
5.333333333333333259e-01 8.377491157923742549e+00
5.372549019607842924e-01 7.904990062876796841e+00
5.411764705882352589e-01 8.373569031043681221e+00
5.450980392156862253e-01 7.169757160064508028e+00
5.490196078431373028e-01 7.085701527868254246e+00
5.529411764705882693e-01 7.015509525571634875e+00
5.568627450980392357e-01 5.937180233174348842e+00
5.607843137254902022e-01 7.719400949230863063e+00
5.647058823529411686e-01 8.265425225823348043e+00
5.686274509803921351e-01 7.053129261090743896e+00
5.725490196078431016e-01 8.619077432775512193e+00
5.764705882352940680e-01 7.095907667826938159e+00
5.803921568627450345e-01 8.081855745358213383e+00
5.843137254901961120e-01 9.372724266840918972e+00
5.882352941176470784e-01 8.313927733422785238e+00
5.921568627450980449e-01 7.037359596959142927e+00
5.960784313725490113e-01 8.109809564258789294e+00
5.999999999999999778e-01 6.950530864507798334e+00
6.039215686274509443e-01 8.438104621823775631e+00
6.078431372549019107e-01 7.519094987762543703e+00
6.117647058823529882e-01 6.349789060824573284e+00
6.156862745098039547e-01 8.463234969169024069e+00
6.196078431372549211e-01 7.429027319161435550e+00
6.235294117647058876e-01 7.050671640144621222e+00
6.274509803921568540e-01 6.134484869027168052e+00
6.313725490196078205e-01 7.890091837413616638e+00
6.352941176470587870e-01 8.655645425932577908e+00
6.392156862745097534e-01 7.221322632729227031e+00
6.431372549019607199e-01 6.727507758203769228e+00
6.470588235294117974e-01 8.494846689312435473e+00
6.509803921568627638e-01 8.012224546148917881e+00
6.549019607843137303e-01 9.034799922365033709e+00
6.588235294117646967e-01 7.920844588215158133e+00
6.627450980392156632e-01 8.471585899569699762e+00
6.666666666666666297e-01 8.479868705615896118e+00
6.705882352941175961e-01 8.801893327452559035e+00
6.745098039215686736e-01 6.726395456789285632e+00
6.784313725490196401e-01 8.606078422413208528e+00
6.823529411764706065e-01 6.833320136641699349e+00
6.862745098039215730e-01 7.633231258992786650e+00
6.901960784313725394e-01 8.855809326300978057e+00
6.941176470588235059e-01 8.461721717067264947e+00
6.980392156862744724e-01 6.695751379635863643e+00
7.019607843137254388e-01 9.618354622745895810e+00
7.058823529411764053e-01 8.404033092901139312e+00
7.098039215686274828e-01 6.322918498296508538e+00
7.137254901960784492e-01 8.340348403631423935e+00
7.176470588235294157e-01 8.293361686466836247e+00
7.215686274509803821e-01 7.806145648218909550e+00
7.254901960784313486e-01 8.564315614654276487e+00
7.294117647058823151e-01 6.758505959143279895e+00
7.333333333333332815e-01 8.955072660803399032e+00
7.372549019607843590e-01 9.278155326702894001e+00
7.411764705882353255e-01 7.517033967397597216e+00
7.450980392156862919e-01 6.909091791334558863e+00
7.490196078431372584e-01 8.713043873288242480e+00
7.529411764705882248e-01 8.542948318755646753e+00
7.568627450980391913e-01 8.323503265781988958e+00
7.607843137254901578e-01 9.410205874144846661e+00
7.647058823529411242e-01 1.029617050651829224e+01
7.686274509803920907e-01 9.680760786693692665e+00
7.725490196078431682e-01 9.001927934472769621e+00
7.764705882352941346e-01 7.604787185386416404e+00
7.803921568627451011e-01 7.843645132053209679e+00
7.843137254901960675e-01 7.599996961263834727e+00
7.882352941176470340e-01 7.372863320594234438e+00
7.921568627450980005e-01 7.978043013143712336e+00
7.960784313725489669e-01 6.899758961272097757e+00
8.000000000000000444e-01 9.328645450521719340e+00
8.039215686274510109e-01 9.834935757234568143e+00
8.078431372549019773e-01 9.463701483024300032e+00
8.117647058823529438e-01 7.596885934250038552e+00
8.156862745098039102e-01 8.178167115659615405e+00
8.196078431372548767e-01 8.730595119137152693e+00
8.235294117647058432e-01 8.466334271301311887e+00
8.274509803921568096e-01 7.661505014149299519e+00
8.313725490196077761e-01 8.503353766750977982e+00
8.352941176470588536e-01 8.225442526430047252e+00
8.392156862745098200e-01 8.070113828795529187e+00
8.431372549019607865e-01 6.937816195278357689e+00
8.470588235294117530e-01 8.688208516221083144e+00
8.509803921568627194e-01 7.739940158609012855e+00
8.549019607843136859e-01 8.280245826649318630e+00
8.588235294117646523e-01 7.892534521228185440e+00
8.627450980392157298e-01 7.726102175855087850e+00
8.666666666666666963e-01 8.823562880267928676e+00
8.705882352941176627e-01 8.841896342975230638e+00
8.745098039215686292e-01 9.416860072527621028e+00
8.784313725490195957e-01 8.160772456781932860e+00
8.823529411764705621e-01 8.787696513456094038e+00
8.862745098039215286e-01 9.389822247136986988e+00
8.901960784313724950e-01 7.033737835265848837e+00
8.941176470588234615e-01 7.632789297812964335e+00
8.980392156862745390e-01 1.020691565958635394e+01
9.019607843137255054e-01 8.760798464226638771e+00
9.058823529411764719e-01 7.483996354836896181e+00
9.098039215686274384e-01 8.645426358617557483e+00
9.137254901960784048e-01 7.006545711065044202e+00
9.176470588235293713e-01 8.339264598837722531e+00
9.215686274509803377e-01 1.003426544625241412e+01
9.254901960784314152e-01 9.272872520729215751e+00
9.294117647058823817e-01 1.002318983879007597e+01
9.333333333333333481e-01 9.538135138684818770e+00
9.372549019607843146e-01 7.939277176300155503e+00
9.411764705882352811e-01 8.148581382399827433e+00
9.450980392156862475e-01 9.489108367759538254e+00
9.490196078431372140e-01 8.246568957062290650e+00
9.529411764705881804e-01 7.702642625231359119e+00
9.568627450980391469e-01 9.046493259749473381e+00
9.607843137254902244e-01 1.013872962008751522e+01
9.647058823529411908e-01 9.356171801925315279e+00
9.686274509803921573e-01 8.570611146100702626e+00
9.725490196078431238e-01 8.454060779892955679e+00
9.764705882352940902e-01 8.640454235731056087e+00
9.803921568627450567e-01 8.987330390543123215e+00
9.843137254901960231e-01 1.010947090162581219e+01
9.882352941176471006e-01 1.245675755298132792e+01
9.921568627450980671e-01 1.029011353899593928e+01
9.960784313725490335e-01 8.928232397422513955e+00
1.000000000000000000e+00 8.933562980888680727e+00
