0.000000000000000000e+00 3.485041196047415024e+00
3.921568627450980338e-03 2.918959010925852748e+00
7.843137254901960675e-03 1.945728083137957087e+00
1.176470588235294101e-02 3.808097778601216010e+00
1.568627450980392135e-02 3.637196135356536519e+00
1.960784313725490169e-02 2.830607964016980116e+00
2.352941176470588203e-02 3.110031973467067612e+00
2.745098039215686236e-02 1.408459911875835857e+00
3.137254901960784270e-02 1.820340898271725960e+00
3.529411764705882304e-02 2.474804861808413303e+00
3.921568627450980338e-02 2.159248482745244502e+00
4.313725490196078372e-02 3.230400293289090285e+00
4.705882352941176405e-02 3.527997299884334303e+00
5.098039215686274439e-02 2.874446663563346327e+00
5.490196078431372473e-02 2.684481421264666601e+00
5.882352941176470507e-02 2.885285817766188199e+00
6.274509803921568540e-02 2.063875122881174029e+00
6.666666666666666574e-02 2.797600073828860889e+00
7.058823529411764608e-02 4.293744319756174654e+00
7.450980392156862642e-02 2.315339612787572054e+00
7.843137254901960675e-02 3.971721863823982623e+00
8.235294117647058709e-02 1.542848817121219351e+00
8.627450980392156743e-02 2.474132428752507273e+00
9.019607843137254777e-02 1.881279419052680257e+00
9.411764705882352811e-02 2.367364219873640430e+00
9.803921568627450844e-02 3.525827228506202005e+00
1.019607843137254888e-01 2.451367235131623357e+00
1.058823529411764691e-01 1.935850567410419387e+00
1.098039215686274495e-01 3.082443303701869919e+00
1.137254901960784298e-01 2.742301873570477611e+00
1.176470588235294101e-01 2.716989401631178858e+00
1.215686274509803905e-01 3.111747792420449965e+00
1.254901960784313708e-01 2.595007372253686828e+00
1.294117647058823373e-01 2.483700724536502591e+00
1.333333333333333315e-01 3.136545745090298709e+00
1.372549019607843257e-01 -2.265187690242109753e-01
1.411764705882352922e-01 3.548239404445801881e+00
1.450980392156862586e-01 2.411006832276516576e+00
1.490196078431372528e-01 2.128409006376855039e+00
1.529411764705882470e-01 3.383757266644998651e+00
1.568627450980392135e-01 4.101558249775171028e+00
1.607843137254901800e-01 2.530442663255404678e+00
1.647058823529411742e-01 2.617288950410668669e+00
1.686274509803921684e-01 3.888468501990699266e+00
1.725490196078431349e-01 2.791088331170730186e+00
1.764705882352941013e-01 3.939086621565085267e+00
1.803921568627450955e-01 1.119061521521387492e+00
1.843137254901960898e-01 2.543577169221794776e+00
1.882352941176470562e-01 2.327537851342705633e+00
1.921568627450980227e-01 2.480957328886010949e+00
1.960784313725490169e-01 4.009197943092887684e+00
2.000000000000000111e-01 3.711118846261131310e+00
2.039215686274509776e-01 2.980204390298685446e+00
2.078431372549019440e-01 2.346321365347901811e+00
2.117647058823529382e-01 8.004380721216919348e-01
2.156862745098039325e-01 4.233167331620982132e+00
2.196078431372548989e-01 3.140947113858874928e+00
2.235294117647058654e-01 3.606762806365916507e+00
2.274509803921568596e-01 5.249977262309320380e+00
2.313725490196078538e-01 2.058797501470984948e+00
2.352941176470588203e-01 2.910551659611896547e+00
2.392156862745097867e-01 3.832814528049067970e+00
2.431372549019607809e-01 3.525215583205057346e+00
2.470588235294117752e-01 3.036432392103061595e+00
2.509803921568627416e-01 3.212007293311227585e+00
2.549019607843137081e-01 4.439255061745413400e+00
2.588235294117646745e-01 3.279047710394856097e+00
2.627450980392156965e-01 3.538436347096824530e+00
2.666666666666666630e-01 2.487363644415328423e+00
2.705882352941176294e-01 4.136738386585801841e+00
2.745098039215686514e-01 3.104775367198087999e+00
2.784313725490196179e-01 5.699409861383037956e+00
2.823529411764705843e-01 4.269695866757972524e+00
2.862745098039215508e-01 4.136141798556132620e+00
2.901960784313725172e-01 4.058681415946232107e+00
2.941176470588235392e-01 5.341859326712937950e+00
2.980392156862745057e-01 4.119338437235323447e+00
3.019607843137254721e-01 5.528236818491782500e+00
3.058823529411764941e-01 4.735148107494569381e+00
3.098039215686274606e-01 4.345579377137199550e+00
3.137254901960784270e-01 3.964881288132999337e+00
3.176470588235293935e-01 5.851829706983868284e+00
3.215686274509803599e-01 4.327575859020062587e+00
3.254901960784313819e-01 5.141086540267861160e+00
3.294117647058823484e-01 3.879739442849411191e+00
3.333333333333333148e-01 5.925972442918840954e+00
3.372549019607843368e-01 4.613465721146998710e+00
3.411764705882353033e-01 5.265321014166288727e+00
3.450980392156862697e-01 4.365528146110107421e+00
3.490196078431372362e-01 5.789192355427497994e+00
3.529411764705882026e-01 6.063869322720836230e+00
3.568627450980392246e-01 5.048118622199778471e+00
3.607843137254901911e-01 3.612697668832824949e+00
3.647058823529411575e-01 5.024530048864532361e+00
3.686274509803921795e-01 3.310306345844188147e+00
3.725490196078431460e-01 5.657353242309469010e+00
3.764705882352941124e-01 4.324824180521217087e+00
3.803921568627450789e-01 6.569561550020186047e+00
3.843137254901960453e-01 5.801040678942629647e+00
3.882352941176470673e-01 7.236441044235069953e+00
3.921568627450980338e-01 6.081947565445371851e+00
3.960784313725490002e-01 5.739009923945159741e+00
4.000000000000000222e-01 3.796253186792029943e+00
4.039215686274509887e-01 6.452049918096318670e+00
4.078431372549019551e-01 6.520478521527598659e+00
4.117647058823529216e-01 6.313132204118405255e+00
4.156862745098038880e-01 5.323998678513360616e+00
4.196078431372549100e-01 7.192707319894211970e+00
4.235294117647058765e-01 6.692758914064196318e+00
4.274509803921568429e-01 5.654558997762003436e+00
4.313725490196078649e-01 8.534779767709641973e+00
4.352941176470588314e-01 6.726703924685366154e+00
4.392156862745097978e-01 5.642780457104094261e+00
4.431372549019607643e-01 7.145078067162435431e+00
4.470588235294117307e-01 8.051277518680267420e+00
4.509803921568627527e-01 5.504189792004783754e+00
4.549019607843137192e-01 8.441588655177183043e+00
4.588235294117646856e-01 8.211860054122540831e+00
4.627450980392157076e-01 6.771659897935835559e+00
4.666666666666666741e-01 8.509055178864743496e+00
4.705882352941176405e-01 7.588127573269479065e+00
4.745098039215686070e-01 5.607673060256884945e+00
4.784313725490195734e-01 8.223820732942954237e+00
4.823529411764705954e-01 8.676479723645559972e+00
4.862745098039215619e-01 7.374895150117422915e+00
4.901960784313725283e-01 6.048762495879761225e+00
4.941176470588235503e-01 8.676970073555505536e+00
4.980392156862745168e-01 8.270349885452016991e+00
5.019607843137254832e-01 8.175283769731191086e+00
5.058823529411764497e-01 7.625873442124479595e+00
5.098039215686274161e-01 7.936182069759214031e+00
5.137254901960783826e-01 8.660407203940124532e+00
5.176470588235293491e-01 9.355852500915105452e+00
5.215686274509804266e-01 8.626354199602777939e+00
5.254901960784313930e-01 9.292786187783718788e+00
5.294117647058823595e-01 6.430999401153831840e+00
5.333333333333333259e-01 8.518679328078455626e+00
5.372549019607842924e-01 8.561131360720645844e+00
5.411764705882352589e-01 6.371560048468871251e+00
5.450980392156862253e-01 7.483399678136295030e+00
5.490196078431373028e-01 1.001249901890536442e+01
5.529411764705882693e-01 8.472245745766915803e+00
5.568627450980392357e-01 8.710590450785867134e+00
5.607843137254902022e-01 7.865694172679625673e+00
5.647058823529411686e-01 8.935164265989991250e+00
5.686274509803921351e-01 8.399128986840247890e+00
5.725490196078431016e-01 8.555402105719732475e+00
5.764705882352940680e-01 7.815810593692923192e+00
5.803921568627450345e-01 8.527284359512117717e+00
5.843137254901961120e-01 9.369776459727320983e+00
5.882352941176470784e-01 8.381036631638476564e+00
5.921568627450980449e-01 8.935468087277326887e+00
5.960784313725490113e-01 8.711898173174766669e+00
5.999999999999999778e-01 9.793820307337869124e+00
6.039215686274509443e-01 8.881531645246223405e+00
6.078431372549019107e-01 8.392074309076614114e+00
6.117647058823529882e-01 8.797702277077721789e+00
6.156862745098039547e-01 9.613265896827329016e+00
6.196078431372549211e-01 9.662215302259591354e+00
6.235294117647058876e-01 6.567289641753666807e+00
6.274509803921568540e-01 1.000818580166784244e+01
6.313725490196078205e-01 9.445060932397991493e+00
6.352941176470587870e-01 9.142687416151723312e+00
6.392156862745097534e-01 9.113014379189808167e+00
6.431372549019607199e-01 7.964171536834421694e+00
6.470588235294117974e-01 1.065791210369208564e+01
6.509803921568627638e-01 1.066252645256506959e+01
6.549019607843137303e-01 1.015323133051922255e+01
6.588235294117646967e-01 1.179028583029334598e+01
6.627450980392156632e-01 9.698226492966380619e+00
6.666666666666666297e-01 7.893830934953058431e+00
6.705882352941175961e-01 9.345230788964130397e+00
6.745098039215686736e-01 9.216135763515257651e+00
6.784313725490196401e-01 8.519447879731199436e+00
6.823529411764706065e-01 1.110305170618558712e+01
6.862745098039215730e-01 1.010050630946865802e+01
6.901960784313725394e-01 9.022612647240883632e+00
6.941176470588235059e-01 8.409156157688851607e+00
6.980392156862744724e-01 1.106342306158683009e+01
7.019607843137254388e-01 8.974990048182716507e+00
7.058823529411764053e-01 8.545784886555409798e+00
7.098039215686274828e-01 9.787308475163012389e+00
7.137254901960784492e-01 9.429554493522038783e+00
7.176470588235294157e-01 1.078656110172956240e+01
7.215686274509803821e-01 1.046297921590324798e+01
7.254901960784313486e-01 9.224823567151497983e+00
7.294117647058823151e-01 1.014841914759730024e+01
7.333333333333332815e-01 9.921999375745127026e+00
7.372549019607843590e-01 7.881508334123978443e+00
7.411764705882353255e-01 9.920530982764370620e+00
7.450980392156862919e-01 9.661706083999781924e+00
7.490196078431372584e-01 9.556904029818774404e+00
7.529411764705882248e-01 9.567179576484736714e+00
7.568627450980391913e-01 9.401716111455973746e+00
7.607843137254901578e-01 1.017067740099051498e+01
7.647058823529411242e-01 7.792094724766249314e+00
7.686274509803920907e-01 1.022190763932206181e+01
7.725490196078431682e-01 8.010114218510066664e+00
7.764705882352941346e-01 8.715540816832625381e+00
7.803921568627451011e-01 8.702735429235803011e+00
7.843137254901960675e-01 9.085412789333773276e+00
7.882352941176470340e-01 8.461469447110786746e+00
7.921568627450980005e-01 9.811902329182785820e+00
7.960784313725489669e-01 7.108129179103034545e+00
8.000000000000000444e-01 8.794745609821749355e+00
8.039215686274510109e-01 1.069632981455547771e+01
8.078431372549019773e-01 9.892545230316638794e+00
8.117647058823529438e-01 1.004552650074601061e+01
8.156862745098039102e-01 8.570766157689222453e+00
8.196078431372548767e-01 9.487071325425603163e+00
8.235294117647058432e-01 1.000678086535983979e+01
8.274509803921568096e-01 9.472061800711275126e+00
8.313725490196077761e-01 8.889893289027497758e+00
8.352941176470588536e-01 9.691080695540366108e+00
8.392156862745098200e-01 8.875334686370470294e+00
8.431372549019607865e-01 1.064317334154499761e+01
8.470588235294117530e-01 8.508873662367834712e+00
8.509803921568627194e-01 9.062057614268827166e+00
8.549019607843136859e-01 1.040666045548727858e+01
8.588235294117646523e-01 1.002151648244542059e+01
8.627450980392157298e-01 9.089148211614006101e+00
8.666666666666666963e-01 8.194417426782910852e+00
8.705882352941176627e-01 9.100944140742848631e+00
8.745098039215686292e-01 9.099583029211665064e+00
8.784313725490195957e-01 1.023049315016068839e+01
8.823529411764705621e-01 8.798348811554744131e+00
8.862745098039215286e-01 9.868805528304285701e+00
8.901960784313724950e-01 8.256294544481647790e+00
8.941176470588234615e-01 1.047241953475100651e+01
8.980392156862745390e-01 8.470975222439570018e+00
9.019607843137255054e-01 8.543978402263176619e+00
9.058823529411764719e-01 1.021436831087628505e+01
9.098039215686274384e-01 7.543158293045518548e+00
9.137254901960784048e-01 1.031384404121799037e+01
9.176470588235293713e-01 8.419602332110471821e+00
9.215686274509803377e-01 8.712009265901096811e+00
9.254901960784314152e-01 6.145070941553903765e+00
9.294117647058823817e-01 7.889162041466312836e+00
9.333333333333333481e-01 8.014286608068664108e+00
9.372549019607843146e-01 9.665691788405000651e+00
9.411764705882352811e-01 7.454689475915731833e+00
9.450980392156862475e-01 8.229657558496995762e+00
9.490196078431372140e-01 9.049775996975839121e+00
9.529411764705881804e-01 8.075862879126377791e+00
9.568627450980391469e-01 9.242382746001116089e+00
9.607843137254902244e-01 8.555801459455771862e+00
9.647058823529411908e-01 9.198686012925312738e+00
9.686274509803921573e-01 9.354756429667164142e+00
9.725490196078431238e-01 8.443093396906030890e+00
9.764705882352940902e-01 7.903892861608682097e+00
9.803921568627450567e-01 8.026366373182334257e+00
9.843137254901960231e-01 9.442112659902951677e+00
9.882352941176471006e-01 7.351529261369182500e+00
9.921568627450980671e-01 8.693507624401343392e+00
9.960784313725490335e-01 8.055351669610686827e+00
1.000000000000000000e+00 7.459030695748865902e+00
