0.000000000000000000e+00 9.991072978240616020e-01
3.921568627450980338e-03 5.871343243751282470e-01
7.843137254901960675e-03 1.379811633853502695e-01
1.176470588235294101e-02 2.224375049650183733e+00
1.568627450980392135e-02 2.555409262880266930e+00
1.960784313725490169e-02 4.021609538075354706e-01
2.352941176470588203e-02 3.008195462144725774e+00
2.745098039215686236e-02 1.177704239937116482e+00
3.137254901960784270e-02 2.342787309541702001e+00
3.529411764705882304e-02 3.281364224973482902e+00
3.921568627450980338e-02 2.909467783805565588e+00
4.313725490196078372e-02 2.962889999913365102e+00
4.705882352941176405e-02 1.850155107582102332e+00
5.098039215686274439e-02 8.595877998066508985e-01
5.490196078431372473e-02 9.897266436827208969e-01
5.882352941176470507e-02 5.929142756920042778e-01
6.274509803921568540e-02 5.074586141961983099e-01
6.666666666666666574e-02 2.276798118053336317e+00
7.058823529411764608e-02 2.764874930101636874e+00
7.450980392156862642e-02 2.374491344002831461e+00
7.843137254901960675e-02 2.054215377963934053e+00
8.235294117647058709e-02 1.023090827213508636e+00
8.627450980392156743e-02 5.877380954487663178e-01
9.019607843137254777e-02 1.589290888962549886e+00
9.411764705882352811e-02 2.751430249886395174e+00
9.803921568627450844e-02 4.276377835930079030e+00
1.019607843137254888e-01 2.387180036926024318e+00
1.058823529411764691e-01 7.378780325613889524e-01
1.098039215686274495e-01 2.773072876464668823e+00
1.137254901960784298e-01 1.106012543557265637e+00
1.176470588235294101e-01 1.218796331898928331e+00
1.215686274509803905e-01 6.112055701471148517e-01
1.254901960784313708e-01 3.030201882149748727e+00
1.294117647058823373e-01 2.346968290591828321e+00
1.333333333333333315e-01 7.078573782847663587e-01
1.372549019607843257e-01 2.722202681903378885e+00
1.411764705882352922e-01 2.330883602448265979e+00
1.450980392156862586e-01 8.089101792237531896e-01
1.490196078431372528e-01 7.688690212592996787e-01
1.529411764705882470e-01 4.319759531274216080e+00
1.568627450980392135e-01 9.284018570711483065e-01
1.607843137254901800e-01 3.495103613920536034e+00
1.647058823529411742e-01 2.116952620063053292e+00
1.686274509803921684e-01 3.811371572487969317e+00
1.725490196078431349e-01 2.379353631231951205e+00
1.764705882352941013e-01 2.334151533984737625e+00
1.803921568627450955e-01 2.255815729504044853e+00
1.843137254901960898e-01 1.293965394949252889e+00
1.882352941176470562e-01 1.728780144255523954e+00
1.921568627450980227e-01 1.914882049561951849e+00
1.960784313725490169e-01 3.107092045640505784e+00
2.000000000000000111e-01 3.429839656656115565e+00
2.039215686274509776e-01 2.837280952140215806e+00
2.078431372549019440e-01 2.164377798617413973e+00
2.117647058823529382e-01 3.853370457416911865e+00
2.156862745098039325e-01 7.089504111120557006e-01
2.196078431372548989e-01 2.331199802735383741e+00
2.235294117647058654e-01 2.648494107604329351e+00
2.274509803921568596e-01 1.054932858182206834e+00
2.313725490196078538e-01 2.999632280956610497e+00
2.352941176470588203e-01 2.732730639882739787e+00
2.392156862745097867e-01 1.684638339675741392e+00
2.431372549019607809e-01 3.703994061141301142e+00
2.470588235294117752e-01 1.407468218672882410e+00
2.509803921568627416e-01 2.412703272688947465e+00
2.549019607843137081e-01 3.519806871815566840e+00
2.588235294117646745e-01 2.532155917712112458e+00
2.627450980392156965e-01 2.931554459916484667e+00
2.666666666666666630e-01 3.190420325204169849e+00
2.705882352941176294e-01 4.334592651441529831e+00
2.745098039215686514e-01 1.919157063834204369e+00
2.784313725490196179e-01 2.438766273437332543e+00
2.823529411764705843e-01 2.496226343186012109e+00
2.862745098039215508e-01 2.852667604037295135e+00
2.901960784313725172e-01 1.828083568750266785e+00
2.941176470588235392e-01 2.995741764511966387e+00
2.980392156862745057e-01 3.613959775448363221e+00
3.019607843137254721e-01 9.546127794749104112e-01
3.058823529411764941e-01 3.392349313444545267e+00
3.098039215686274606e-01 2.815086164596635854e+00
3.137254901960784270e-01 3.526333903486581267e+00
3.176470588235293935e-01 2.909982005733966481e+00
3.215686274509803599e-01 3.688019111793876537e+00
3.254901960784313819e-01 2.444110495561008012e+00
3.294117647058823484e-01 2.704568506859043708e+00
3.333333333333333148e-01 2.673239446761934701e+00
3.372549019607843368e-01 4.579359231107266837e+00
3.411764705882353033e-01 3.045946559194675274e+00
3.450980392156862697e-01 2.957605397248319612e+00
3.490196078431372362e-01 4.445532724072654318e+00
3.529411764705882026e-01 2.826805301317395269e+00
3.568627450980392246e-01 1.923505180855501706e+00
3.607843137254901911e-01 4.029112157104917102e+00
3.647058823529411575e-01 1.531093501513551391e+00
3.686274509803921795e-01 2.783343632448926019e+00
3.725490196078431460e-01 2.530114488319228805e+00
3.764705882352941124e-01 3.329804732859754424e+00
3.803921568627450789e-01 3.834304854459260170e+00
3.843137254901960453e-01 3.253332246313275444e+00
3.882352941176470673e-01 3.179380178471761909e+00
3.921568627450980338e-01 4.182422739078295315e+00
3.960784313725490002e-01 1.432519629097904756e+00
4.000000000000000222e-01 2.805104858008809821e+00
4.039215686274509887e-01 3.346057678931597223e+00
4.078431372549019551e-01 2.895150367791255341e+00
4.117647058823529216e-01 3.902562441185654318e+00
4.156862745098038880e-01 4.337202362536274336e+00
4.196078431372549100e-01 4.591600468725458128e+00
4.235294117647058765e-01 3.059714027657753910e+00
4.274509803921568429e-01 2.930852490219683748e+00
4.313725490196078649e-01 3.782668521016522956e+00
4.352941176470588314e-01 3.188483725516717993e+00
4.392156862745097978e-01 2.458275138344429234e+00
4.431372549019607643e-01 1.518514163880657852e+00
4.470588235294117307e-01 2.334182438168415530e+00
4.509803921568627527e-01 2.922354345190639968e+00
4.549019607843137192e-01 2.843126954267191753e+00
4.588235294117646856e-01 2.576359567534753925e+00
4.627450980392157076e-01 3.120006381627335124e+00
4.666666666666666741e-01 3.212388230808138179e+00
4.705882352941176405e-01 3.348728655791946451e+00
4.745098039215686070e-01 4.907734468641905323e+00
4.784313725490195734e-01 3.483370440203797713e+00
4.823529411764705954e-01 2.068970042470546389e+00
4.862745098039215619e-01 4.111728853888299895e+00
4.901960784313725283e-01 2.184881377905693700e+00
4.941176470588235503e-01 3.716614755475784904e+00
4.980392156862745168e-01 5.693708397843029623e+00
5.019607843137254832e-01 2.284845515844863950e+00
5.058823529411764497e-01 3.399851689964361601e+00
5.098039215686274161e-01 3.415442078174339091e+00
5.137254901960783826e-01 3.245817695936092928e+00
5.176470588235293491e-01 2.606692204884626829e+00
5.215686274509804266e-01 2.564507209724629977e+00
5.254901960784313930e-01 4.217913949816088248e+00
5.294117647058823595e-01 2.023371555947684364e+00
5.333333333333333259e-01 3.446697877517048703e+00
5.372549019607842924e-01 3.024993918989467456e+00
5.411764705882352589e-01 1.962825287604977431e+00
5.450980392156862253e-01 2.533521362654206133e+00
5.490196078431373028e-01 1.985699198072699234e+00
5.529411764705882693e-01 4.102544190718869110e+00
5.568627450980392357e-01 4.039028601242057093e+00
5.607843137254902022e-01 3.923520697773461130e+00
5.647058823529411686e-01 2.888459615543498948e+00
5.686274509803921351e-01 2.637004705653691161e+00
5.725490196078431016e-01 2.805528343989778239e+00
5.764705882352940680e-01 3.475381066785246276e+00
5.803921568627450345e-01 2.068148003548430758e+00
5.843137254901961120e-01 1.763129205289679202e+00
5.882352941176470784e-01 4.127873903058636884e+00
5.921568627450980449e-01 2.821625063813234746e+00
5.960784313725490113e-01 4.821010911162329826e+00
5.999999999999999778e-01 3.262200672318080308e+00
6.039215686274509443e-01 1.863488569677084206e+00
6.078431372549019107e-01 5.018634954475722054e+00
6.117647058823529882e-01 3.543675310701225989e+00
6.156862745098039547e-01 2.148608411166740062e+00
6.196078431372549211e-01 2.115097468602693542e+00
6.235294117647058876e-01 2.910648573031563213e+00
6.274509803921568540e-01 1.928754136652502948e+00
6.313725490196078205e-01 3.307464221279634575e+00
6.352941176470587870e-01 4.130476886527834068e+00
6.392156862745097534e-01 4.114929379209062432e+00
6.431372549019607199e-01 2.673246721560507133e+00
6.470588235294117974e-01 2.420193475337546474e+00
6.509803921568627638e-01 2.639117747714589957e+00
6.549019607843137303e-01 3.320488130186979969e+00
6.588235294117646967e-01 3.493475477830983333e+00
6.627450980392156632e-01 2.825858591206133141e+00
6.666666666666666297e-01 3.270475887449715735e+00
6.705882352941175961e-01 3.023077592234298283e+00
6.745098039215686736e-01 4.211859753537296136e+00
6.784313725490196401e-01 2.248995190642648634e+00
6.823529411764706065e-01 4.010243459576274816e+00
6.862745098039215730e-01 2.618793774419874598e+00
6.901960784313725394e-01 1.235285635294326445e+00
6.941176470588235059e-01 1.234111436262820272e+00
6.980392156862744724e-01 3.219137323943529694e+00
7.019607843137254388e-01 3.269866174122416869e+00
7.058823529411764053e-01 1.760347453830971132e+00
7.098039215686274828e-01 2.339832719088278612e+00
7.137254901960784492e-01 1.920963840442466930e+00
7.176470588235294157e-01 2.647723758722353438e+00
7.215686274509803821e-01 2.816017732889559255e+00
7.254901960784313486e-01 4.155361934546084157e+00
7.294117647058823151e-01 3.590426089697374312e+00
7.333333333333332815e-01 2.870571976804096703e+00
7.372549019607843590e-01 1.744388884963658848e+00
7.411764705882353255e-01 4.179887081332497090e+00
7.450980392156862919e-01 1.656525714888413825e+00
7.490196078431372584e-01 4.661012730813796523e+00
7.529411764705882248e-01 2.765088640471082826e+00
7.568627450980391913e-01 4.040865129966491942e+00
7.607843137254901578e-01 4.881985128757714065e+00
7.647058823529411242e-01 1.369527351202655341e+00
7.686274509803920907e-01 3.226232047089633070e+00
7.725490196078431682e-01 3.012776494011481621e+00
7.764705882352941346e-01 3.083232101122929336e+00
7.803921568627451011e-01 3.171950689399346768e+00
7.843137254901960675e-01 4.400843348404889888e+00
7.882352941176470340e-01 2.638885228842651198e+00
7.921568627450980005e-01 3.372043263978344640e+00
7.960784313725489669e-01 3.747459259213440586e+00
8.000000000000000444e-01 1.003847318264499799e+00
8.039215686274510109e-01 2.435896918256993615e+00
8.078431372549019773e-01 2.861613181791679672e+00
8.117647058823529438e-01 2.336036609737127900e+00
8.156862745098039102e-01 2.172830239119115880e+00
8.196078431372548767e-01 3.458010917750768076e+00
8.235294117647058432e-01 1.610452847042345370e+00
8.274509803921568096e-01 4.886284911949773324e+00
8.313725490196077761e-01 9.295811836694671815e-01
8.352941176470588536e-01 2.854139195922505756e+00
8.392156862745098200e-01 3.381435904480486254e+00
8.431372549019607865e-01 1.720864785328125590e+00
8.470588235294117530e-01 3.056125279412876594e+00
8.509803921568627194e-01 1.383476055944159677e+00
8.549019607843136859e-01 1.928271505763332838e+00
8.588235294117646523e-01 3.547932403063999374e+00
8.627450980392157298e-01 2.190679732085075937e+00
8.666666666666666963e-01 2.952485657520580009e+00
8.705882352941176627e-01 3.282044489074914750e+00
8.745098039215686292e-01 3.173223111797421225e+00
8.784313725490195957e-01 3.094002935875851179e+00
8.823529411764705621e-01 2.027321018266238006e+00
8.862745098039215286e-01 3.219512358009601449e+00
8.901960784313724950e-01 1.824226315622569539e+00
8.941176470588234615e-01 1.865131666641387076e+00
8.980392156862745390e-01 1.792876045614998359e+00
9.019607843137255054e-01 1.928635265369448959e+00
9.058823529411764719e-01 2.637717730215337397e+00
9.098039215686274384e-01 1.870717801622599596e+00
9.137254901960784048e-01 1.009112956452788312e+00
9.176470588235293713e-01 1.580406238760845516e+00
9.215686274509803377e-01 1.909597104219390440e+00
9.254901960784314152e-01 1.527581590506596143e+00
9.294117647058823817e-01 2.293946108717585641e+00
9.333333333333333481e-01 1.811045313712708493e+00
9.372549019607843146e-01 8.169494843580892285e-01
9.411764705882352811e-01 3.822704000184814710e+00
9.450980392156862475e-01 9.820560711542223320e-01
9.490196078431372140e-01 1.824870556090089968e+00
9.529411764705881804e-01 2.149683152262461761e+00
9.568627450980391469e-01 1.370843786929988095e+00
9.607843137254902244e-01 1.558386092742946483e+00
9.647058823529411908e-01 1.202437391665585054e+00
9.686274509803921573e-01 1.388150345105223726e+00
9.725490196078431238e-01 6.371516606452828357e-01
9.764705882352940902e-01 7.254561696389539849e-01
9.803921568627450567e-01 1.354907362727228781e+00
9.843137254901960231e-01 -2.315461605053545924e-01
9.882352941176471006e-01 2.562722705595597894e+00
9.921568627450980671e-01 2.440067975490424423e+00
9.960784313725490335e-01 2.409598440700336575e+00
1.000000000000000000e+00 2.472255668259049077e-01
