0.000000000000000000e+00 7.856974693344080052e+00
3.921568627450980338e-03 9.134289794365020754e+00
7.843137254901960675e-03 9.087120609029764040e+00
1.176470588235294101e-02 7.337638086214232302e+00
1.568627450980392135e-02 1.026337157728398886e+01
1.960784313725490169e-02 8.686301955735117986e+00
2.352941176470588203e-02 8.071659264784495136e+00
2.745098039215686236e-02 8.571094025264534011e+00
3.137254901960784270e-02 1.102732336177705186e+01
3.529411764705882304e-02 9.111641789498010624e+00
3.921568627450980338e-02 8.614076658796449237e+00
4.313725490196078372e-02 7.738577759191307415e+00
4.705882352941176405e-02 9.183558477079220239e+00
5.098039215686274439e-02 9.515241174127069712e+00
5.490196078431372473e-02 8.665740186479510498e+00
5.882352941176470507e-02 8.968080397198807674e+00
6.274509803921568540e-02 8.646799031321169338e+00
6.666666666666666574e-02 9.404502240022626580e+00
7.058823529411764608e-02 9.261926262442234048e+00
7.450980392156862642e-02 7.594549232633582392e+00
7.843137254901960675e-02 8.464313872695642615e+00
8.235294117647058709e-02 1.075945601456510303e+01
8.627450980392156743e-02 8.691518242741498312e+00
9.019607843137254777e-02 8.066879081873885582e+00
9.411764705882352811e-02 8.493032794361003113e+00
9.803921568627450844e-02 8.733840596609166340e+00
1.019607843137254888e-01 7.935040672547844842e+00
1.058823529411764691e-01 8.165582321479032402e+00
1.098039215686274495e-01 8.938477794174177760e+00
1.137254901960784298e-01 8.822254548569050669e+00
1.176470588235294101e-01 9.771160744810869048e+00
1.215686274509803905e-01 8.735138885242268003e+00
1.254901960784313708e-01 8.515782786992321718e+00
1.294117647058823373e-01 8.137230139271146356e+00
1.333333333333333315e-01 7.178726885198465801e+00
1.372549019607843257e-01 8.385085161781214325e+00
1.411764705882352922e-01 8.644073043539973966e+00
1.450980392156862586e-01 8.493937242080736638e+00
1.490196078431372528e-01 1.054614724618002342e+01
1.529411764705882470e-01 6.599765176240678599e+00
1.568627450980392135e-01 7.869616967768597426e+00
1.607843137254901800e-01 8.100146098210824874e+00
1.647058823529411742e-01 7.981822843214260388e+00
1.686274509803921684e-01 8.394463032797075286e+00
1.725490196078431349e-01 8.659454617651753949e+00
1.764705882352941013e-01 8.793050350627295231e+00
1.803921568627450955e-01 8.043989607090281879e+00
1.843137254901960898e-01 6.134911294992523523e+00
1.882352941176470562e-01 8.447419319134500171e+00
1.921568627450980227e-01 7.715689215822498781e+00
1.960784313725490169e-01 6.559622155172114333e+00
2.000000000000000111e-01 8.704777096746576959e+00
2.039215686274509776e-01 7.893538256414437626e+00
2.078431372549019440e-01 9.184515967305978634e+00
2.117647058823529382e-01 7.625045772943763289e+00
2.156862745098039325e-01 8.756213459319342363e+00
2.196078431372548989e-01 8.272543239065157650e+00
2.235294117647058654e-01 7.716283184146444540e+00
2.274509803921568596e-01 8.703481618974830525e+00
2.313725490196078538e-01 7.211741473623142440e+00
2.352941176470588203e-01 7.939385089543211649e+00
2.392156862745097867e-01 7.277138791952051378e+00
2.431372549019607809e-01 8.201973410036812240e+00
2.470588235294117752e-01 6.478351646142635367e+00
2.509803921568627416e-01 8.329602275744031559e+00
2.549019607843137081e-01 7.926772204840988323e+00
2.588235294117646745e-01 7.089318524696707868e+00
2.627450980392156965e-01 9.141776164570654117e+00
2.666666666666666630e-01 8.390878665760491018e+00
2.705882352941176294e-01 7.271479527493507788e+00
2.745098039215686514e-01 9.501737575640646583e+00
2.784313725490196179e-01 9.040699026287990492e+00
2.823529411764705843e-01 7.318454099724628570e+00
2.862745098039215508e-01 6.491046953112293849e+00
2.901960784313725172e-01 9.017944773689180238e+00
2.941176470588235392e-01 5.989026106848609032e+00
2.980392156862745057e-01 7.997102693827892850e+00
3.019607843137254721e-01 7.374766819036342014e+00
3.058823529411764941e-01 9.049051276500792440e+00
3.098039215686274606e-01 6.945163867630492760e+00
3.137254901960784270e-01 8.128317660800520983e+00
3.176470588235293935e-01 8.190609743044500846e+00
3.215686274509803599e-01 6.579521851658609144e+00
3.254901960784313819e-01 7.807457018982401742e+00
3.294117647058823484e-01 7.120780282062273869e+00
3.333333333333333148e-01 8.140520626104233770e+00
3.372549019607843368e-01 6.657983377091876598e+00
3.411764705882353033e-01 6.188579931419829983e+00
3.450980392156862697e-01 6.785292204027358665e+00
3.490196078431372362e-01 7.608520296110528491e+00
3.529411764705882026e-01 7.373938480523857919e+00
3.568627450980392246e-01 7.037139796240590606e+00
3.607843137254901911e-01 5.045151738724705126e+00
3.647058823529411575e-01 6.704534950168554275e+00
3.686274509803921795e-01 7.746616001214149172e+00
3.725490196078431460e-01 8.902200741631439485e+00
3.764705882352941124e-01 6.418362574282505228e+00
3.803921568627450789e-01 7.255254345692217832e+00
3.843137254901960453e-01 8.518816845170841034e+00
3.882352941176470673e-01 8.512168482321477825e+00
3.921568627450980338e-01 8.528913537128827826e+00
3.960784313725490002e-01 6.300116477440135476e+00
4.000000000000000222e-01 6.878472445982014349e+00
4.039215686274509887e-01 8.030411351519102681e+00
4.078431372549019551e-01 6.818685821060240571e+00
4.117647058823529216e-01 5.815282020774135141e+00
4.156862745098038880e-01 7.056295525769298749e+00
4.196078431372549100e-01 6.268050166884412633e+00
4.235294117647058765e-01 9.140717721055910516e+00
4.274509803921568429e-01 7.323401349034179830e+00
4.313725490196078649e-01 5.340354043607391965e+00
4.352941176470588314e-01 6.666141557000677231e+00
4.392156862745097978e-01 7.536676617140646961e+00
4.431372549019607643e-01 7.262707083155176768e+00
4.470588235294117307e-01 5.972494096127189067e+00
4.509803921568627527e-01 5.136549092895805302e+00
4.549019607843137192e-01 7.938406281043380197e+00
4.588235294117646856e-01 6.088682794050623848e+00
4.627450980392157076e-01 6.295777383900821533e+00
4.666666666666666741e-01 8.101966264533817963e+00
4.705882352941176405e-01 7.840125545786084338e+00
4.745098039215686070e-01 4.083160619060818064e+00
4.784313725490195734e-01 6.841740109723055241e+00
4.823529411764705954e-01 7.636400457182986656e+00
4.862745098039215619e-01 6.534479941774543832e+00
4.901960784313725283e-01 7.634699575708334685e+00
4.941176470588235503e-01 6.601830118641717426e+00
4.980392156862745168e-01 5.870378182455743499e+00
5.019607843137254832e-01 5.624473952647313979e+00
5.058823529411764497e-01 6.819973631998261787e+00
5.098039215686274161e-01 6.551732795274822330e+00
5.137254901960783826e-01 6.916118561951877908e+00
5.176470588235293491e-01 5.393962138247127669e+00
5.215686274509804266e-01 5.780840857529471855e+00
5.254901960784313930e-01 5.499255756975106380e+00
5.294117647058823595e-01 5.873059695732053775e+00
5.333333333333333259e-01 5.204672275625758182e+00
5.372549019607842924e-01 6.233523149511124295e+00
5.411764705882352589e-01 7.892348259969248936e+00
5.450980392156862253e-01 6.388030784951845398e+00
5.490196078431373028e-01 5.515845690056526252e+00
5.529411764705882693e-01 6.578645443583284624e+00
5.568627450980392357e-01 5.849975099293796887e+00
5.607843137254902022e-01 6.769050055132571408e+00
5.647058823529411686e-01 5.556537577983966969e+00
5.686274509803921351e-01 5.738383883879013325e+00
5.725490196078431016e-01 6.516478379833646528e+00
5.764705882352940680e-01 7.656283176244864208e+00
5.803921568627450345e-01 5.974575542675622408e+00
5.843137254901961120e-01 6.909332989436120620e+00
5.882352941176470784e-01 6.619986894973275859e+00
5.921568627450980449e-01 7.049812073836704940e+00
5.960784313725490113e-01 5.323478262808432504e+00
5.999999999999999778e-01 5.213261978115562911e+00
6.039215686274509443e-01 8.429551581460859921e+00
6.078431372549019107e-01 6.566795862386030969e+00
6.117647058823529882e-01 7.156410631020516000e+00
6.156862745098039547e-01 6.676902425936570573e+00
6.196078431372549211e-01 5.708372155292205541e+00
6.235294117647058876e-01 5.340448516818551816e+00
6.274509803921568540e-01 6.442086413739335882e+00
6.313725490196078205e-01 7.603971601473213049e+00
6.352941176470587870e-01 7.184995391668942410e+00
6.392156862745097534e-01 5.644790488215531532e+00
6.431372549019607199e-01 7.494327193119259434e+00
6.470588235294117974e-01 5.460391155831659127e+00
6.509803921568627638e-01 8.206508454359267901e+00
6.549019607843137303e-01 5.210187148562797077e+00
6.588235294117646967e-01 6.287833802743008960e+00
6.627450980392156632e-01 6.866027113758574885e+00
6.666666666666666297e-01 3.729746510325806508e+00
6.705882352941175961e-01 5.854366760352498922e+00
6.745098039215686736e-01 4.941838144651534037e+00
6.784313725490196401e-01 7.349436409033803130e+00
6.823529411764706065e-01 7.632436297480560405e+00
6.862745098039215730e-01 6.334800080759302787e+00
6.901960784313725394e-01 4.622284093802512039e+00
6.941176470588235059e-01 7.371071296082007507e+00
6.980392156862744724e-01 5.154516303950985368e+00
7.019607843137254388e-01 5.226023810905705780e+00
7.058823529411764053e-01 7.282783598662764035e+00
7.098039215686274828e-01 6.130521222339766041e+00
7.137254901960784492e-01 8.131149983621432042e+00
7.176470588235294157e-01 6.165522336419936522e+00
7.215686274509803821e-01 8.563281028700078679e+00
7.254901960784313486e-01 6.535554615222884500e+00
7.294117647058823151e-01 6.883821065318389998e+00
7.333333333333332815e-01 4.977349444467650486e+00
7.372549019607843590e-01 4.942380356158846411e+00
7.411764705882353255e-01 6.433761861231889867e+00
7.450980392156862919e-01 6.208451513791889198e+00
7.490196078431372584e-01 7.437792755817399737e+00
7.529411764705882248e-01 6.240159810175596178e+00
7.568627450980391913e-01 5.439551349056571894e+00
7.607843137254901578e-01 7.746169450056714645e+00
7.647058823529411242e-01 7.462393854690084538e+00
7.686274509803920907e-01 6.412067088202246801e+00
7.725490196078431682e-01 5.366875073467404000e+00
7.764705882352941346e-01 5.414328734781780561e+00
7.803921568627451011e-01 5.090838492622391520e+00
7.843137254901960675e-01 5.462766809084028452e+00
7.882352941176470340e-01 5.418438502550245062e+00
7.921568627450980005e-01 6.366353633253418742e+00
7.960784313725489669e-01 7.916609910681509987e+00
8.000000000000000444e-01 5.770679558941612441e+00
8.039215686274510109e-01 6.501406712197057125e+00
8.078431372549019773e-01 5.206594648678606774e+00
8.117647058823529438e-01 5.249699971863285519e+00
8.156862745098039102e-01 5.899904666593980274e+00
8.196078431372548767e-01 3.284499063235549077e+00
8.235294117647058432e-01 8.383189142868490151e+00
8.274509803921568096e-01 4.920152342455668126e+00
8.313725490196077761e-01 5.518977289309026979e+00
8.352941176470588536e-01 4.174949539736377169e+00
8.392156862745098200e-01 5.240250269556609553e+00
8.431372549019607865e-01 4.993893528770273704e+00
8.470588235294117530e-01 5.727208414580190698e+00
8.509803921568627194e-01 7.246486838636379879e+00
8.549019607843136859e-01 4.905400556177865745e+00
8.588235294117646523e-01 6.781907559093027338e+00
8.627450980392157298e-01 6.480163295431465187e+00
8.666666666666666963e-01 4.960472978150131773e+00
8.705882352941176627e-01 4.355639161450408636e+00
8.745098039215686292e-01 5.750057279865293580e+00
8.784313725490195957e-01 5.958839665074826542e+00
8.823529411764705621e-01 5.027929348929606412e+00
8.862745098039215286e-01 6.090774415787771900e+00
8.901960784313724950e-01 6.047851514352724500e+00
8.941176470588234615e-01 3.384682863213858361e+00
8.980392156862745390e-01 4.912155376740139801e+00
9.019607843137255054e-01 5.226700939956681502e+00
9.058823529411764719e-01 5.310117113910735043e+00
9.098039215686274384e-01 5.601744562925550674e+00
9.137254901960784048e-01 3.871038805145948114e+00
9.176470588235293713e-01 6.786841175209683996e+00
9.215686274509803377e-01 6.522962480483633030e+00
9.254901960784314152e-01 3.686140073273743933e+00
9.294117647058823817e-01 6.323182093428963313e+00
9.333333333333333481e-01 5.511976869187312111e+00
9.372549019607843146e-01 5.444363178566357320e+00
9.411764705882352811e-01 5.207535078905083381e+00
9.450980392156862475e-01 4.426118294868660819e+00
9.490196078431372140e-01 5.073214144749200294e+00
9.529411764705881804e-01 4.310553470199070425e+00
9.568627450980391469e-01 5.848858586821550354e+00
9.607843137254902244e-01 4.268696242760942283e+00
9.647058823529411908e-01 3.914132605464459402e+00
9.686274509803921573e-01 3.165660221678255226e+00
9.725490196078431238e-01 4.233234405026771618e+00
9.764705882352940902e-01 4.158137475851130027e+00
9.803921568627450567e-01 3.543892964516241584e+00
9.843137254901960231e-01 5.582926904559257331e+00
9.882352941176471006e-01 6.138015939897047524e+00
9.921568627450980671e-01 3.380658888820275543e+00
9.960784313725490335e-01 3.075553191083643778e+00
1.000000000000000000e+00 6.669790480624048001e+00
