0.000000000000000000e+00 4.683779436001902496e+00
3.921568627450980338e-03 2.057731047871127927e+00
7.843137254901960675e-03 3.766507300475481657e+00
1.176470588235294101e-02 1.911257420196641021e+00
1.568627450980392135e-02 4.382022207948888415e+00
1.960784313725490169e-02 2.956538182393376513e+00
2.352941176470588203e-02 2.395945700624229069e+00
2.745098039215686236e-02 1.370710490076568755e+00
3.137254901960784270e-02 2.877461992906102495e+00
3.529411764705882304e-02 3.706426595571225668e+00
3.921568627450980338e-02 4.496858471208243557e+00
4.313725490196078372e-02 2.154151852788523946e+00
4.705882352941176405e-02 3.526771796047156293e+00
5.098039215686274439e-02 1.929147400850658833e+00
5.490196078431372473e-02 3.639983395458934901e+00
5.882352941176470507e-02 3.267307380302068243e+00
6.274509803921568540e-02 1.901496344058064780e+00
6.666666666666666574e-02 3.932529635875685159e+00
7.058823529411764608e-02 1.800387719085577265e+00
7.450980392156862642e-02 3.450542168400891896e+00
7.843137254901960675e-02 2.346137207903885802e+00
8.235294117647058709e-02 2.354516951378527345e+00
8.627450980392156743e-02 4.567469210752269859e+00
9.019607843137254777e-02 2.569462065933656447e+00
9.411764705882352811e-02 2.402164647763795458e+00
9.803921568627450844e-02 2.531578606831625500e+00
1.019607843137254888e-01 1.555848956227661839e+00
1.058823529411764691e-01 2.584480143198157887e+00
1.098039215686274495e-01 2.784846009411502621e+00
1.137254901960784298e-01 1.695176358076110557e+00
1.176470588235294101e-01 1.902020730239192492e+00
1.215686274509803905e-01 3.002504314212135927e+00
1.254901960784313708e-01 3.457769611255372855e+00
1.294117647058823373e-01 1.988262854619182729e+00
1.333333333333333315e-01 1.045722815051059129e+00
1.372549019607843257e-01 1.984216525852057433e+00
1.411764705882352922e-01 1.878682646475984042e+00
1.450980392156862586e-01 3.081127853762179569e+00
1.490196078431372528e-01 2.931246111347967087e+00
1.529411764705882470e-01 2.490241128162204998e+00
1.568627450980392135e-01 4.450066493521426025e+00
1.607843137254901800e-01 2.196908781101163832e+00
1.647058823529411742e-01 4.609016295480080849e+00
1.686274509803921684e-01 4.233515547919630251e+00
1.725490196078431349e-01 3.529189617784810107e+00
1.764705882352941013e-01 4.875583554950075005e+00
1.803921568627450955e-01 3.964962434696024385e+00
1.843137254901960898e-01 3.815466174737599747e+00
1.882352941176470562e-01 2.095773171190844941e+00
1.921568627450980227e-01 2.267254989414592359e+00
1.960784313725490169e-01 3.993452325681816628e+00
2.000000000000000111e-01 3.858947365119021367e+00
2.039215686274509776e-01 3.463667058495728313e+00
2.078431372549019440e-01 4.366351309182729068e+00
2.117647058823529382e-01 1.983954126662315520e+00
2.156862745098039325e-01 6.116344465131434482e+00
2.196078431372548989e-01 4.154818905952311070e+00
2.235294117647058654e-01 4.405247020203074904e+00
2.274509803921568596e-01 2.904289621932829135e+00
2.313725490196078538e-01 5.389045716458525703e+00
2.352941176470588203e-01 3.619184158735376133e+00
2.392156862745097867e-01 5.048610117641347372e+00
2.431372549019607809e-01 5.589232722302966749e+00
2.470588235294117752e-01 7.009137444022298880e+00
2.509803921568627416e-01 3.619146731580866749e+00
2.549019607843137081e-01 5.879168478230752726e+00
2.588235294117646745e-01 5.828640342345737579e+00
2.627450980392156965e-01 7.092543829019314572e+00
2.666666666666666630e-01 5.383695955184363058e+00
2.705882352941176294e-01 4.651748335437884130e+00
2.745098039215686514e-01 5.145006310827361595e+00
2.784313725490196179e-01 5.656605601136941885e+00
2.823529411764705843e-01 5.675253715170330615e+00
2.862745098039215508e-01 5.949040192808658034e+00
2.901960784313725172e-01 5.400323864090440296e+00
2.941176470588235392e-01 5.448321140538864960e+00
2.980392156862745057e-01 5.219816594720196434e+00
3.019607843137254721e-01 5.444919321678942659e+00
3.058823529411764941e-01 5.740226670721621183e+00
3.098039215686274606e-01 5.809507497591591907e+00
3.137254901960784270e-01 8.058854799229568044e+00
3.176470588235293935e-01 4.593226720672982211e+00
3.215686274509803599e-01 4.760654978736688747e+00
3.254901960784313819e-01 6.584967818347063684e+00
3.294117647058823484e-01 7.903127094905326722e+00
3.333333333333333148e-01 7.593073530206065236e+00
3.372549019607843368e-01 6.302874027511629507e+00
3.411764705882353033e-01 6.114145399789161495e+00
3.450980392156862697e-01 8.698821444007354131e+00
3.490196078431372362e-01 8.825669394492152264e+00
3.529411764705882026e-01 7.179785102166021282e+00
3.568627450980392246e-01 7.967853143590845733e+00
3.607843137254901911e-01 5.859797109189239350e+00
3.647058823529411575e-01 7.291655970474938186e+00
3.686274509803921795e-01 7.649134675274179784e+00
3.725490196078431460e-01 6.947963551805167448e+00
3.764705882352941124e-01 6.567575152596806021e+00
3.803921568627450789e-01 7.208540025972379084e+00
3.843137254901960453e-01 6.187476621953531541e+00
3.882352941176470673e-01 7.585647526099228877e+00
3.921568627450980338e-01 9.476991705283412060e+00
3.960784313725490002e-01 7.026074370771103972e+00
4.000000000000000222e-01 7.585594948858779496e+00
4.039215686274509887e-01 7.846133113461523756e+00
4.078431372549019551e-01 8.899720042018156363e+00
4.117647058823529216e-01 9.369425678465413299e+00
4.156862745098038880e-01 7.378728621225713269e+00
4.196078431372549100e-01 7.916415524861561970e+00
4.235294117647058765e-01 5.992433243785255215e+00
4.274509803921568429e-01 7.481740306780300998e+00
4.313725490196078649e-01 6.315213445672483772e+00
4.352941176470588314e-01 7.709841656791256881e+00
4.392156862745097978e-01 7.267014878340550155e+00
4.431372549019607643e-01 7.595262622257753726e+00
4.470588235294117307e-01 9.479145245869219139e+00
4.509803921568627527e-01 7.630212240240295429e+00
4.549019607843137192e-01 8.213410573548184601e+00
4.588235294117646856e-01 1.006470013908352712e+01
4.627450980392157076e-01 7.947952621298821185e+00
4.666666666666666741e-01 9.591229824942168136e+00
4.705882352941176405e-01 8.981202851838006040e+00
4.745098039215686070e-01 8.822799482941166005e+00
4.784313725490195734e-01 9.195303274578511932e+00
4.823529411764705954e-01 8.545670977014141911e+00
4.862745098039215619e-01 1.097359640244070533e+01
4.901960784313725283e-01 9.083806474548905996e+00
4.941176470588235503e-01 9.878037204978111774e+00
4.980392156862745168e-01 9.202886609085117797e+00
5.019607843137254832e-01 8.902066464794666345e+00
5.058823529411764497e-01 7.884505340698373388e+00
5.098039215686274161e-01 8.978449153472041644e+00
5.137254901960783826e-01 8.669499254262527543e+00
5.176470588235293491e-01 1.080577883705881348e+01
5.215686274509804266e-01 9.903981786715714719e+00
5.254901960784313930e-01 1.011104129336052360e+01
5.294117647058823595e-01 8.574327812586618691e+00
5.333333333333333259e-01 8.033077878531024396e+00
5.372549019607842924e-01 9.626308933376211741e+00
5.411764705882352589e-01 8.656456254781987880e+00
5.450980392156862253e-01 8.261032066137591556e+00
5.490196078431373028e-01 1.042005547394160025e+01
5.529411764705882693e-01 9.310755939603673426e+00
5.568627450980392357e-01 8.668898117637327871e+00
5.607843137254902022e-01 1.002399137838767906e+01
5.647058823529411686e-01 1.031578433530776273e+01
5.686274509803921351e-01 9.380987674769894369e+00
5.725490196078431016e-01 9.664006181688765906e+00
5.764705882352940680e-01 9.448915099961718411e+00
5.803921568627450345e-01 1.061086437791112225e+01
5.843137254901961120e-01 8.461150780374241620e+00
5.882352941176470784e-01 1.084453941803933041e+01
5.921568627450980449e-01 8.286008050703548733e+00
5.960784313725490113e-01 9.492320009895340860e+00
5.999999999999999778e-01 8.680137964210056012e+00
6.039215686274509443e-01 8.922144669299964193e+00
6.078431372549019107e-01 9.838943687552713868e+00
6.117647058823529882e-01 1.015100452163613021e+01
6.156862745098039547e-01 1.281083590907162417e+01
6.196078431372549211e-01 8.959104793711189174e+00
6.235294117647058876e-01 8.707145039923220864e+00
6.274509803921568540e-01 9.567392544771342600e+00
6.313725490196078205e-01 1.074533341738833059e+01
6.352941176470587870e-01 7.287292249856234250e+00
6.392156862745097534e-01 9.481421738379172126e+00
6.431372549019607199e-01 1.067207078624322136e+01
6.470588235294117974e-01 9.940581692339817366e+00
6.509803921568627638e-01 9.415492525203195129e+00
6.549019607843137303e-01 9.715674452690457485e+00
6.588235294117646967e-01 9.750704077592573071e+00
6.627450980392156632e-01 9.291689577767440866e+00
6.666666666666666297e-01 1.037070297573559507e+01
6.705882352941175961e-01 9.630070060703230794e+00
6.745098039215686736e-01 9.819468801758452159e+00
6.784313725490196401e-01 9.614103061781905879e+00
6.823529411764706065e-01 9.766869024314424053e+00
6.862745098039215730e-01 8.255393498312772138e+00
6.901960784313725394e-01 1.198669981156326791e+01
6.941176470588235059e-01 1.034411693915752828e+01
6.980392156862744724e-01 1.187943909683311539e+01
7.019607843137254388e-01 9.667143300567328623e+00
7.058823529411764053e-01 9.698188790792373837e+00
7.098039215686274828e-01 7.841928469902445187e+00
7.137254901960784492e-01 9.322176909797029509e+00
7.176470588235294157e-01 1.019786725348125955e+01
7.215686274509803821e-01 7.300174586595623794e+00
7.254901960784313486e-01 8.306797789610424587e+00
7.294117647058823151e-01 8.556664465329260949e+00
7.333333333333332815e-01 1.094116976304012567e+01
7.372549019607843590e-01 1.180830851094261469e+01
7.411764705882353255e-01 8.828707872745361840e+00
7.450980392156862919e-01 8.873850735971686277e+00
7.490196078431372584e-01 9.699096125925802170e+00
7.529411764705882248e-01 1.122182377181348301e+01
7.568627450980391913e-01 9.338647278761539994e+00
7.607843137254901578e-01 8.855241499419447493e+00
7.647058823529411242e-01 8.189844090381180663e+00
7.686274509803920907e-01 9.499792814744198566e+00
7.725490196078431682e-01 1.145094422268748247e+01
7.764705882352941346e-01 1.112851733822868106e+01
7.803921568627451011e-01 8.072570500389550929e+00
7.843137254901960675e-01 9.610619057044230473e+00
7.882352941176470340e-01 8.343216446784468943e+00
7.921568627450980005e-01 8.122148753898240869e+00
7.960784313725489669e-01 9.116115071303877215e+00
8.000000000000000444e-01 8.885355811500087242e+00
8.039215686274510109e-01 1.006070350275073721e+01
8.078431372549019773e-01 8.917825348376929639e+00
8.117647058823529438e-01 1.006276533834489939e+01
8.156862745098039102e-01 9.694776851094303538e+00
8.196078431372548767e-01 8.900077003761669658e+00
8.235294117647058432e-01 8.343374861166219958e+00
8.274509803921568096e-01 7.864923257599467199e+00
8.313725490196077761e-01 7.501275257579777644e+00
8.352941176470588536e-01 8.331933240320294587e+00
8.392156862745098200e-01 7.448406346703232650e+00
8.431372549019607865e-01 8.252911708458883666e+00
8.470588235294117530e-01 8.623655417500120990e+00
8.509803921568627194e-01 7.556167687004618827e+00
8.549019607843136859e-01 9.385869675595179373e+00
8.588235294117646523e-01 8.847300508203257863e+00
8.627450980392157298e-01 8.348758353377791153e+00
8.666666666666666963e-01 7.696569045401504106e+00
8.705882352941176627e-01 7.886642872847655639e+00
8.745098039215686292e-01 7.048168419883769964e+00
8.784313725490195957e-01 9.188579467895818809e+00
8.823529411764705621e-01 9.424993076050931506e+00
8.862745098039215286e-01 8.314823108149768771e+00
8.901960784313724950e-01 6.915641065438819624e+00
8.941176470588234615e-01 8.283515118358561580e+00
8.980392156862745390e-01 8.187819257732513734e+00
9.019607843137255054e-01 8.825551313184703872e+00
9.058823529411764719e-01 7.057119865205707221e+00
9.098039215686274384e-01 7.847213835088944656e+00
9.137254901960784048e-01 9.106879962421404073e+00
9.176470588235293713e-01 8.498285497648685904e+00
9.215686274509803377e-01 8.201966068512865249e+00
9.254901960784314152e-01 7.752838940636459064e+00
9.294117647058823817e-01 8.210295392051492058e+00
9.333333333333333481e-01 9.251977220471429675e+00
9.372549019607843146e-01 8.635431242600771995e+00
9.411764705882352811e-01 8.507350338079739061e+00
9.450980392156862475e-01 8.739144314915636258e+00
9.490196078431372140e-01 9.029069219763652399e+00
9.529411764705881804e-01 9.546941595402739011e+00
9.568627450980391469e-01 8.068022948688113871e+00
9.607843137254902244e-01 8.372137604688441925e+00
9.647058823529411908e-01 6.702902155014261787e+00
9.686274509803921573e-01 8.064441138343942939e+00
9.725490196078431238e-01 6.559799191720864897e+00
9.764705882352940902e-01 8.100679508778924287e+00
9.803921568627450567e-01 9.215676937086159981e+00
9.843137254901960231e-01 9.129268348386890608e+00
9.882352941176471006e-01 7.166663152504298751e+00
9.921568627450980671e-01 8.250374326890614896e+00
9.960784313725490335e-01 8.499167411700730312e+00
1.000000000000000000e+00 7.120882291392427454e+00
