0.000000000000000000e+00 2.758568130662852891e+00
3.921568627450980338e-03 3.301600795355757345e+00
7.843137254901960675e-03 3.618207305625135373e+00
1.176470588235294101e-02 2.203888058378348447e+00
1.568627450980392135e-02 3.419985765025819191e+00
1.960784313725490169e-02 1.929333593701065608e+00
2.352941176470588203e-02 2.011901459027000794e+00
2.745098039215686236e-02 3.105784542508810198e+00
3.137254901960784270e-02 3.397242058402510256e+00
3.529411764705882304e-02 3.383359200730421623e+00
3.921568627450980338e-02 4.903807978281491842e+00
4.313725490196078372e-02 3.506274514935705966e+00
4.705882352941176405e-02 3.176908972729971747e+00
5.098039215686274439e-02 1.781446846716685517e+00
5.490196078431372473e-02 3.208989107477018710e+00
5.882352941176470507e-02 2.471472675549719167e+00
6.274509803921568540e-02 2.092819326269019342e+00
6.666666666666666574e-02 3.984888445480296415e+00
7.058823529411764608e-02 3.111040608810241803e+00
7.450980392156862642e-02 1.468068883373931266e+00
7.843137254901960675e-02 2.444855578388449580e+00
8.235294117647058709e-02 1.948511225027318883e+00
8.627450980392156743e-02 4.051869847594086416e+00
9.019607843137254777e-02 4.422607379331811472e+00
9.411764705882352811e-02 2.602193395584791347e+00
9.803921568627450844e-02 3.806321144922693467e+00
1.019607843137254888e-01 1.887794257515964524e+00
1.058823529411764691e-01 2.766726728457754803e+00
1.098039215686274495e-01 3.406121383552944692e+00
1.137254901960784298e-01 2.630038641419242929e+00
1.176470588235294101e-01 1.966597627970902096e+00
1.215686274509803905e-01 2.893702283891706806e+00
1.254901960784313708e-01 4.829611930403507891e-01
1.294117647058823373e-01 2.226888453278298208e+00
1.333333333333333315e-01 3.329447215494954815e+00
1.372549019607843257e-01 1.258816961084697539e+00
1.411764705882352922e-01 2.757347830681379897e+00
1.450980392156862586e-01 3.416603613309232124e+00
1.490196078431372528e-01 2.360469972231190372e+00
1.529411764705882470e-01 4.401863136223696849e+00
1.568627450980392135e-01 3.693904100893488529e+00
1.607843137254901800e-01 5.441638444683691844e+00
1.647058823529411742e-01 4.124928437233768008e+00
1.686274509803921684e-01 2.544336536459943066e+00
1.725490196078431349e-01 3.568358266874566365e+00
1.764705882352941013e-01 4.212882568169525221e+00
1.803921568627450955e-01 1.636436993466396927e+00
1.843137254901960898e-01 4.008621275104333748e+00
1.882352941176470562e-01 2.393850111787271473e+00
1.921568627450980227e-01 4.943423281137745207e+00
1.960784313725490169e-01 2.346992522574548268e+00
2.000000000000000111e-01 4.990222977683253625e+00
2.039215686274509776e-01 5.375196911235613051e+00
2.078431372549019440e-01 2.323872418866737011e+00
2.117647058823529382e-01 4.944899674389007238e+00
2.156862745098039325e-01 4.552913733890334491e+00
2.196078431372548989e-01 4.054316073802029408e+00
2.235294117647058654e-01 4.780075533745691274e+00
2.274509803921568596e-01 4.647853080848508789e+00
2.313725490196078538e-01 5.971512871858434934e+00
2.352941176470588203e-01 3.308926917566084924e+00
2.392156862745097867e-01 4.468356309602672383e+00
2.431372549019607809e-01 4.067748338709855638e+00
2.470588235294117752e-01 5.831486050619389516e+00
2.509803921568627416e-01 5.198816576710372672e+00
2.549019607843137081e-01 3.887541186111017399e+00
2.588235294117646745e-01 3.866548663446180090e+00
2.627450980392156965e-01 4.338849771123027388e+00
2.666666666666666630e-01 3.288609685448349751e+00
2.705882352941176294e-01 3.973428227701537363e+00
2.745098039215686514e-01 3.197735233083763617e+00
2.784313725490196179e-01 3.708275681009876479e+00
2.823529411764705843e-01 4.254411205432880649e+00
2.862745098039215508e-01 5.320132252666870620e+00
2.901960784313725172e-01 5.178841792956142775e+00
2.941176470588235392e-01 5.264499818121351815e+00
2.980392156862745057e-01 6.438127526810564660e+00
3.019607843137254721e-01 7.397927147399560255e+00
3.058823529411764941e-01 4.871727101588345654e+00
3.098039215686274606e-01 3.677252746147973816e+00
3.137254901960784270e-01 6.864973539118301105e+00
3.176470588235293935e-01 5.147387526004215452e+00
3.215686274509803599e-01 4.780743257042646022e+00
3.254901960784313819e-01 4.777315028872004099e+00
3.294117647058823484e-01 5.845214726829650154e+00
3.333333333333333148e-01 5.613081173918332389e+00
3.372549019607843368e-01 5.038288643878805928e+00
3.411764705882353033e-01 3.288117118170010844e+00
3.450980392156862697e-01 6.274522675847145514e+00
3.490196078431372362e-01 3.677776416426349559e+00
3.529411764705882026e-01 5.080961172083982902e+00
3.568627450980392246e-01 5.598332545972184882e+00
3.607843137254901911e-01 6.650725288011387626e+00
3.647058823529411575e-01 6.814765446785433944e+00
3.686274509803921795e-01 7.551027227098644268e+00
3.725490196078431460e-01 7.965185704803834810e+00
3.764705882352941124e-01 5.252228081459696440e+00
3.803921568627450789e-01 4.875358501990932680e+00
3.843137254901960453e-01 5.272994723537995476e+00
3.882352941176470673e-01 5.478918170141472643e+00
3.921568627450980338e-01 6.345565821645470450e+00
3.960784313725490002e-01 6.728661307340889408e+00
4.000000000000000222e-01 4.637428177100775706e+00
4.039215686274509887e-01 5.821988592925692707e+00
4.078431372549019551e-01 5.417907001057820082e+00
4.117647058823529216e-01 6.169829826071712375e+00
4.156862745098038880e-01 7.450688266774083246e+00
4.196078431372549100e-01 7.349239388546337182e+00
4.235294117647058765e-01 6.482860950168793046e+00
4.274509803921568429e-01 6.673054196472996580e+00
4.313725490196078649e-01 6.704856250725586442e+00
4.352941176470588314e-01 7.565089291133217486e+00
4.392156862745097978e-01 9.073261386100043069e+00
4.431372549019607643e-01 7.517086002864562744e+00
4.470588235294117307e-01 5.192089258596302770e+00
4.509803921568627527e-01 6.259964465351694152e+00
4.549019607843137192e-01 5.789849389310708361e+00
4.588235294117646856e-01 7.507923635266367413e+00
4.627450980392157076e-01 7.681616733325535407e+00
4.666666666666666741e-01 6.668837292699179464e+00
4.705882352941176405e-01 6.511704536687017431e+00
4.745098039215686070e-01 6.903037763362085855e+00
4.784313725490195734e-01 6.976632098575951346e+00
4.823529411764705954e-01 6.891976770696607524e+00
4.862745098039215619e-01 8.157500995318999415e+00
4.901960784313725283e-01 7.910133080836037500e+00
4.941176470588235503e-01 5.311145963252771551e+00
4.980392156862745168e-01 6.671995419824455986e+00
5.019607843137254832e-01 7.873971699686384440e+00
5.058823529411764497e-01 6.930138815926343732e+00
5.098039215686274161e-01 6.187033458902911676e+00
5.137254901960783826e-01 7.923407293916411298e+00
5.176470588235293491e-01 7.744925887025699396e+00
5.215686274509804266e-01 7.956985070582216935e+00
5.254901960784313930e-01 8.741894775411397589e+00
5.294117647058823595e-01 8.812080469645836800e+00
5.333333333333333259e-01 8.340207772213215520e+00
5.372549019607842924e-01 7.294778920011230738e+00
5.411764705882352589e-01 8.879277075114462292e+00
5.450980392156862253e-01 8.942394435171054923e+00
5.490196078431373028e-01 7.902584268254770450e+00
5.529411764705882693e-01 5.679302496500165276e+00
5.568627450980392357e-01 7.624518202571460179e+00
5.607843137254902022e-01 8.410201017685412950e+00
5.647058823529411686e-01 8.108630122872325430e+00
5.686274509803921351e-01 8.443803820130534987e+00
5.725490196078431016e-01 7.229888537122731051e+00
5.764705882352940680e-01 9.127422553506008285e+00
5.803921568627450345e-01 9.594150684038671884e+00
5.843137254901961120e-01 8.975388332151595705e+00
5.882352941176470784e-01 9.514624802251939073e+00
5.921568627450980449e-01 8.348820610054888292e+00
5.960784313725490113e-01 7.348605131172197602e+00
5.999999999999999778e-01 8.880893208207435663e+00
6.039215686274509443e-01 1.021667659490805669e+01
6.078431372549019107e-01 6.049726758624175638e+00
6.117647058823529882e-01 7.599597048447698455e+00
6.156862745098039547e-01 1.088380048829623981e+01
6.196078431372549211e-01 9.243422344497364662e+00
6.235294117647058876e-01 8.140807025275108799e+00
6.274509803921568540e-01 9.489579323848440495e+00
6.313725490196078205e-01 8.116583168017747596e+00
6.352941176470587870e-01 9.345985561257085905e+00
6.392156862745097534e-01 1.083762179306618911e+01
6.431372549019607199e-01 7.081621000626911133e+00
6.470588235294117974e-01 1.116941143296148908e+01
6.509803921568627638e-01 8.661610776710913839e+00
6.549019607843137303e-01 9.102258269072995844e+00
6.588235294117646967e-01 8.678779712342606700e+00
6.627450980392156632e-01 7.750576001697565331e+00
6.666666666666666297e-01 8.910470584122059279e+00
6.705882352941175961e-01 9.206018506443578886e+00
6.745098039215686736e-01 7.287618829018883915e+00
6.784313725490196401e-01 8.973189537361363932e+00
6.823529411764706065e-01 9.091808936074940561e+00
6.862745098039215730e-01 1.015870874918331523e+01
6.901960784313725394e-01 7.411946315727111489e+00
6.941176470588235059e-01 9.493985908755076863e+00
6.980392156862744724e-01 9.729385879299226048e+00
7.019607843137254388e-01 1.050917812305404198e+01
7.058823529411764053e-01 1.058817271216550893e+01
7.098039215686274828e-01 9.206566254512894787e+00
7.137254901960784492e-01 9.147434142026417803e+00
7.176470588235294157e-01 6.758124069164919590e+00
7.215686274509803821e-01 6.764459184106462075e+00
7.254901960784313486e-01 1.021395680701098030e+01
7.294117647058823151e-01 9.415048905173295068e+00
7.333333333333332815e-01 8.365367580836920780e+00
7.372549019607843590e-01 1.020112524085431893e+01
7.411764705882353255e-01 1.008906367810795501e+01
7.450980392156862919e-01 8.403441474833497793e+00
7.490196078431372584e-01 9.543243209578585962e+00
7.529411764705882248e-01 9.683754403803913391e+00
7.568627450980391913e-01 7.864478410275964393e+00
7.607843137254901578e-01 9.647441836289193162e+00
7.647058823529411242e-01 7.979346473361075276e+00
7.686274509803920907e-01 9.370046669356216995e+00
7.725490196078431682e-01 9.728362614092736393e+00
7.764705882352941346e-01 8.059712200196647913e+00
7.803921568627451011e-01 9.642681698895852804e+00
7.843137254901960675e-01 8.869990369019118859e+00
7.882352941176470340e-01 1.014963556028903113e+01
7.921568627450980005e-01 9.211190782948127875e+00
7.960784313725489669e-01 8.128338935017202616e+00
8.000000000000000444e-01 8.925206776286506383e+00
8.039215686274510109e-01 9.088676289877760439e+00
8.078431372549019773e-01 9.191747620124747442e+00
8.117647058823529438e-01 9.570038463868144163e+00
8.156862745098039102e-01 9.094220779894481410e+00
8.196078431372548767e-01 9.569510811730143729e+00
8.235294117647058432e-01 9.863766542776341240e+00
8.274509803921568096e-01 1.146293090376565971e+01
8.313725490196077761e-01 1.009645783008565090e+01
8.352941176470588536e-01 8.047157058413816344e+00
8.392156862745098200e-01 8.539077935706421485e+00
8.431372549019607865e-01 9.055801889021674711e+00
8.470588235294117530e-01 1.081974930928736356e+01
8.509803921568627194e-01 8.138560181232707080e+00
8.549019607843136859e-01 1.045742448961743776e+01
8.588235294117646523e-01 8.152472958835126349e+00
8.627450980392157298e-01 8.395480945417778784e+00
8.666666666666666963e-01 9.037102148565514526e+00
8.705882352941176627e-01 8.416965928610858683e+00
8.745098039215686292e-01 8.686797839680304278e+00
8.784313725490195957e-01 7.272159645244943960e+00
8.823529411764705621e-01 6.546389576981740177e+00
8.862745098039215286e-01 8.667108285910844145e+00
8.901960784313724950e-01 8.884423098219571102e+00
8.941176470588234615e-01 9.829164960443097954e+00
8.980392156862745390e-01 8.553185095441612873e+00
9.019607843137255054e-01 9.388543625370930457e+00
9.058823529411764719e-01 8.404387004446428833e+00
9.098039215686274384e-01 1.073666898506417411e+01
9.137254901960784048e-01 9.400589439939146530e+00
9.176470588235293713e-01 7.493072872596489908e+00
9.215686274509803377e-01 8.677849891655517567e+00
9.254901960784314152e-01 7.372520578946028635e+00
9.294117647058823817e-01 8.511999590245340030e+00
9.333333333333333481e-01 8.384604135313695750e+00
9.372549019607843146e-01 6.132821878981738806e+00
9.411764705882352811e-01 9.027987037617005939e+00
9.450980392156862475e-01 1.026034783347027890e+01
9.490196078431372140e-01 7.993844771376919844e+00
9.529411764705881804e-01 8.172890173476465847e+00
9.568627450980391469e-01 9.354058860713792001e+00
9.607843137254902244e-01 7.757607048283019502e+00
9.647058823529411908e-01 9.182983007702784306e+00
9.686274509803921573e-01 8.500661681387319035e+00
9.725490196078431238e-01 8.963045413266438999e+00
9.764705882352940902e-01 8.594163730306215498e+00
9.803921568627450567e-01 6.214179737936523118e+00
9.843137254901960231e-01 7.869568272523556729e+00
9.882352941176471006e-01 8.738915085812223538e+00
9.921568627450980671e-01 7.756752669333661032e+00
9.960784313725490335e-01 6.550818065835022352e+00
1.000000000000000000e+00 6.352688894587625867e+00
