0.000000000000000000e+00 1.022678106544564614e+01
3.921568627450980338e-03 8.296279100340914425e+00
7.843137254901960675e-03 8.064604741877504424e+00
1.176470588235294101e-02 8.462948784559658932e+00
1.568627450980392135e-02 8.344236411335481662e+00
1.960784313725490169e-02 1.054574044441096525e+01
2.352941176470588203e-02 9.039763147068843097e+00
2.745098039215686236e-02 7.674397488790718036e+00
3.137254901960784270e-02 1.008605915759077121e+01
3.529411764705882304e-02 1.065901394258117385e+01
3.921568627450980338e-02 9.299126299113662952e+00
4.313725490196078372e-02 9.005933056412219528e+00
4.705882352941176405e-02 9.837043575512165461e+00
5.098039215686274439e-02 9.520234781149349956e+00
5.490196078431372473e-02 1.170130102531690852e+01
5.882352941176470507e-02 1.036508255793815181e+01
6.274509803921568540e-02 7.182662857302348769e+00
6.666666666666666574e-02 1.035803735824844551e+01
7.058823529411764608e-02 9.767444842295827101e+00
7.450980392156862642e-02 1.105351951395370591e+01
7.843137254901960675e-02 9.855032662951614952e+00
8.235294117647058709e-02 9.390245010444672857e+00
8.627450980392156743e-02 8.843385914295598837e+00
9.019607843137254777e-02 8.729292783571450443e+00
9.411764705882352811e-02 1.160920580504699728e+01
9.803921568627450844e-02 1.012684760155905828e+01
1.019607843137254888e-01 8.993636856228906851e+00
1.058823529411764691e-01 8.442608274843664162e+00
1.098039215686274495e-01 8.871912908617058946e+00
1.137254901960784298e-01 9.502799450852755569e+00
1.176470588235294101e-01 1.153516887843559857e+01
1.215686274509803905e-01 9.741985572062404231e+00
1.254901960784313708e-01 7.841509605442242403e+00
1.294117647058823373e-01 1.055943287531723129e+01
1.333333333333333315e-01 1.019579325856749996e+01
1.372549019607843257e-01 9.218146116269821277e+00
1.411764705882352922e-01 9.879201537718810044e+00
1.450980392156862586e-01 1.009304203215006090e+01
1.490196078431372528e-01 1.108695643568834122e+01
1.529411764705882470e-01 1.079444646668578578e+01
1.568627450980392135e-01 9.864325749933211540e+00
1.607843137254901800e-01 7.770118126608042353e+00
1.647058823529411742e-01 8.657192370750882660e+00
1.686274509803921684e-01 9.821863229300907605e+00
1.725490196078431349e-01 8.820315304334403805e+00
1.764705882352941013e-01 7.808947492565743609e+00
1.803921568627450955e-01 8.524231404168116200e+00
1.843137254901960898e-01 8.603744280332048078e+00
1.882352941176470562e-01 8.015642468136762844e+00
1.921568627450980227e-01 8.797251594091822113e+00
1.960784313725490169e-01 8.629336761607385498e+00
2.000000000000000111e-01 6.947049576108404345e+00
2.039215686274509776e-01 8.541789174624971892e+00
2.078431372549019440e-01 1.032811100815258598e+01
2.117647058823529382e-01 1.012253573433249088e+01
2.156862745098039325e-01 9.872129655933957082e+00
2.196078431372548989e-01 9.088620453788706754e+00
2.235294117647058654e-01 8.633924695238670566e+00
2.274509803921568596e-01 9.276564293870814382e+00
2.313725490196078538e-01 9.570689217792477166e+00
2.352941176470588203e-01 9.982216075212452466e+00
2.392156862745097867e-01 8.672176146717381684e+00
2.431372549019607809e-01 1.016390356483144330e+01
2.470588235294117752e-01 1.063740843563768301e+01
2.509803921568627416e-01 9.348102155878589059e+00
2.549019607843137081e-01 1.008815734389879637e+01
2.588235294117646745e-01 7.778169814644225077e+00
2.627450980392156965e-01 8.671655191953686170e+00
2.666666666666666630e-01 9.398161532568449772e+00
2.705882352941176294e-01 9.519203396969441400e+00
2.745098039215686514e-01 9.273195055851939372e+00
2.784313725490196179e-01 9.164999412200170781e+00
2.823529411764705843e-01 9.261317258739488523e+00
2.862745098039215508e-01 9.597326562435577912e+00
2.901960784313725172e-01 8.425453441598627080e+00
2.941176470588235392e-01 9.089628069225677010e+00
2.980392156862745057e-01 1.082224442539441078e+01
3.019607843137254721e-01 8.051998755678646091e+00
3.058823529411764941e-01 7.864484556434501172e+00
3.098039215686274606e-01 9.350220133005175072e+00
3.137254901960784270e-01 1.009021488396391675e+01
3.176470588235293935e-01 7.246355356318432861e+00
3.215686274509803599e-01 8.177203275767821467e+00
3.254901960784313819e-01 7.687756419221017268e+00
3.294117647058823484e-01 8.541642481913402918e+00
3.333333333333333148e-01 1.021321366142103670e+01
3.372549019607843368e-01 8.899034917041173998e+00
3.411764705882353033e-01 9.754191287127945031e+00
3.450980392156862697e-01 9.481584747890771325e+00
3.490196078431372362e-01 1.017696594091860618e+01
3.529411764705882026e-01 8.333302897565761924e+00
3.568627450980392246e-01 7.497136288696109929e+00
3.607843137254901911e-01 8.673999545675229683e+00
3.647058823529411575e-01 8.074466433635544504e+00
3.686274509803921795e-01 7.277545187496309076e+00
3.725490196078431460e-01 9.197160440635855139e+00
3.764705882352941124e-01 7.007269175565158825e+00
3.803921568627450789e-01 8.586563637670824534e+00
3.843137254901960453e-01 1.002461346092477612e+01
3.882352941176470673e-01 8.455403212504542410e+00
3.921568627450980338e-01 7.264751051578959284e+00
3.960784313725490002e-01 8.433525270045109323e+00
4.000000000000000222e-01 7.498919614454973015e+00
4.039215686274509887e-01 6.729389270378897336e+00
4.078431372549019551e-01 9.186927342066873337e+00
4.117647058823529216e-01 7.409616043252834849e+00
4.156862745098038880e-01 9.600185119076291684e+00
4.196078431372549100e-01 9.336179035647981905e+00
4.235294117647058765e-01 6.968598151963879772e+00
4.274509803921568429e-01 7.099390167171894639e+00
4.313725490196078649e-01 8.056313404487495333e+00
4.352941176470588314e-01 7.553634684792511322e+00
4.392156862745097978e-01 6.949340972064367961e+00
4.431372549019607643e-01 7.026005378365498544e+00
4.470588235294117307e-01 8.620623480971078223e+00
4.509803921568627527e-01 6.988814149636539241e+00
4.549019607843137192e-01 9.360232126667305863e+00
4.588235294117646856e-01 6.920975535051594463e+00
4.627450980392157076e-01 7.236394494597096383e+00
4.666666666666666741e-01 5.966862772958673844e+00
4.705882352941176405e-01 7.792813407069710152e+00
4.745098039215686070e-01 8.103922904039631447e+00
4.784313725490195734e-01 7.117978731809285975e+00
4.823529411764705954e-01 6.772466706116004431e+00
4.862745098039215619e-01 9.189293741312337005e+00
4.901960784313725283e-01 9.703637893182717633e+00
4.941176470588235503e-01 7.847591564637856010e+00
4.980392156862745168e-01 6.884014529381220271e+00
5.019607843137254832e-01 7.939793257797515658e+00
5.058823529411764497e-01 6.794802530714687983e+00
5.098039215686274161e-01 8.688692498283618448e+00
5.137254901960783826e-01 6.871839001001672997e+00
5.176470588235293491e-01 6.124250534792544443e+00
5.215686274509804266e-01 9.592098894499050843e+00
5.254901960784313930e-01 7.540329691805656154e+00
5.294117647058823595e-01 6.310813501700622830e+00
5.333333333333333259e-01 6.658539462889070393e+00
5.372549019607842924e-01 7.788661392628006830e+00
5.411764705882352589e-01 7.713427753215767346e+00
5.450980392156862253e-01 6.390315943816903044e+00
5.490196078431373028e-01 6.352531016508211614e+00
5.529411764705882693e-01 6.107214100814697844e+00
5.568627450980392357e-01 7.513607276893046638e+00
5.607843137254902022e-01 7.513360938815312196e+00
5.647058823529411686e-01 4.153764280489309790e+00
5.686274509803921351e-01 6.736538770860453162e+00
5.725490196078431016e-01 8.275990504087033628e+00
5.764705882352940680e-01 5.563879559072056225e+00
5.803921568627450345e-01 7.577700773160343850e+00
5.843137254901961120e-01 6.417887062803557363e+00
5.882352941176470784e-01 8.055275880756896711e+00
5.921568627450980449e-01 7.751199435266529214e+00
5.960784313725490113e-01 7.129295151975397538e+00
5.999999999999999778e-01 5.857716246082813605e+00
6.039215686274509443e-01 6.547413478011165466e+00
6.078431372549019107e-01 6.343158240727222008e+00
6.117647058823529882e-01 4.554053156684082282e+00
6.156862745098039547e-01 5.029529892719979856e+00
6.196078431372549211e-01 7.223108871454493318e+00
6.235294117647058876e-01 7.013816616499478407e+00
6.274509803921568540e-01 6.697862278191670349e+00
6.313725490196078205e-01 6.802293444482056195e+00
6.352941176470587870e-01 6.688246715809956555e+00
6.392156862745097534e-01 6.398170415917647347e+00
6.431372549019607199e-01 6.960263683977594873e+00
6.470588235294117974e-01 6.818907027121626996e+00
6.509803921568627638e-01 7.288588982956919260e+00
6.549019607843137303e-01 6.637444625676904408e+00
6.588235294117646967e-01 6.555092532919898574e+00
6.627450980392156632e-01 7.234473000926874064e+00
6.666666666666666297e-01 6.798168117213822192e+00
6.705882352941175961e-01 4.117574672158639260e+00
6.745098039215686736e-01 6.158082532641599549e+00
6.784313725490196401e-01 8.251276586038915895e+00
6.823529411764706065e-01 7.238505233627485325e+00
6.862745098039215730e-01 6.405720450607169880e+00
6.901960784313725394e-01 5.027841372036863987e+00
6.941176470588235059e-01 5.614304424555938589e+00
6.980392156862744724e-01 6.870207776377984743e+00
7.019607843137254388e-01 5.212478679473569798e+00
7.058823529411764053e-01 7.063463929211176051e+00
7.098039215686274828e-01 3.992866701116639661e+00
7.137254901960784492e-01 5.770245675476269653e+00
7.176470588235294157e-01 6.589272180727005157e+00
7.215686274509803821e-01 4.921961345699520152e+00
7.254901960784313486e-01 7.271022131696513568e+00
7.294117647058823151e-01 4.737986021834448280e+00
7.333333333333332815e-01 6.147447682699402449e+00
7.372549019607843590e-01 6.547165499614848727e+00
7.411764705882353255e-01 7.442564754689120043e+00
7.450980392156862919e-01 4.845071863201883211e+00
7.490196078431372584e-01 7.776904203621656464e+00
7.529411764705882248e-01 5.702780202413473276e+00
7.568627450980391913e-01 4.939074397401901351e+00
7.607843137254901578e-01 5.535468004944529952e+00
7.647058823529411242e-01 4.373038245400947766e+00
7.686274509803920907e-01 8.506580497295248122e+00
7.725490196078431682e-01 6.190534630312581221e+00
7.764705882352941346e-01 6.841854520379608395e+00
7.803921568627451011e-01 6.480645734922193313e+00
7.843137254901960675e-01 5.223283229264800376e+00
7.882352941176470340e-01 4.897513910903379397e+00
7.921568627450980005e-01 6.155005948046404107e+00
7.960784313725489669e-01 4.037345048333546238e+00
8.000000000000000444e-01 3.553447552153011557e+00
8.039215686274510109e-01 6.339045081183859232e+00
8.078431372549019773e-01 5.229441650181877677e+00
8.117647058823529438e-01 5.812543697435989642e+00
8.156862745098039102e-01 5.504369430356208071e+00
8.196078431372548767e-01 4.158261913723157122e+00
8.235294117647058432e-01 5.782455068537659670e+00
8.274509803921568096e-01 5.885922071053291127e+00
8.313725490196077761e-01 4.832299428358342475e+00
8.352941176470588536e-01 6.425731586046227406e+00
8.392156862745098200e-01 4.575507548163590954e+00
8.431372549019607865e-01 5.517608902724332687e+00
8.470588235294117530e-01 3.995083378268403429e+00
8.509803921568627194e-01 4.222811964220104741e+00
8.549019607843136859e-01 6.313336297308740797e+00
8.588235294117646523e-01 5.940548705395635842e+00
8.627450980392157298e-01 6.067965528832100830e+00
8.666666666666666963e-01 3.414845549028945548e+00
8.705882352941176627e-01 5.052709478619139993e+00
8.745098039215686292e-01 3.287313834867413576e+00
8.784313725490195957e-01 6.858816342478046835e+00
8.823529411764705621e-01 4.904143095238038264e+00
8.862745098039215286e-01 4.153773052657163234e+00
8.901960784313724950e-01 4.718038809960966695e+00
8.941176470588234615e-01 6.554058488369554958e+00
8.980392156862745390e-01 4.649512171832554941e+00
9.019607843137255054e-01 3.830326840579699521e+00
9.058823529411764719e-01 4.673028627043178673e+00
9.098039215686274384e-01 6.292171672882269640e+00
9.137254901960784048e-01 4.726591167300828289e+00
9.176470588235293713e-01 3.060307551907228252e+00
9.215686274509803377e-01 5.497606908795625635e+00
9.254901960784314152e-01 5.807195150123281024e+00
9.294117647058823817e-01 4.144283343563142985e+00
9.333333333333333481e-01 3.896872559289212390e+00
9.372549019607843146e-01 4.381937827806565267e+00
9.411764705882352811e-01 3.764571292783427836e+00
9.450980392156862475e-01 5.311405787319926297e+00
9.490196078431372140e-01 4.711049864006648491e+00
9.529411764705881804e-01 6.501196158967298189e+00
9.568627450980391469e-01 4.501201671357168976e+00
9.607843137254902244e-01 5.849514368976958423e+00
9.647058823529411908e-01 4.908076731890392175e+00
9.686274509803921573e-01 5.637200588813849222e+00
9.725490196078431238e-01 4.574122033242976393e+00
9.764705882352940902e-01 5.204811047063492069e+00
9.803921568627450567e-01 4.759087622111478844e+00
9.843137254901960231e-01 4.325072761129588272e+00
9.882352941176471006e-01 2.665411955794056098e+00
9.921568627450980671e-01 3.770756866584596079e+00
9.960784313725490335e-01 3.648260369865426789e+00
1.000000000000000000e+00 4.519927482021270038e+00
