0.000000000000000000e+00 6.540930740927525022e+00
3.921568627450980338e-03 5.554860939852176216e+00
7.843137254901960675e-03 6.540287184733072579e+00
1.176470588235294101e-02 4.163142399457049336e+00
1.568627450980392135e-02 7.805526754606196604e+00
1.960784313725490169e-02 8.032812972920474692e+00
2.352941176470588203e-02 7.300645070121949409e+00
2.745098039215686236e-02 7.171129831397482945e+00
3.137254901960784270e-02 7.900124607790404596e+00
3.529411764705882304e-02 8.041771123648459252e+00
3.921568627450980338e-02 6.700788571004078875e+00
4.313725490196078372e-02 5.312544894928339367e+00
4.705882352941176405e-02 7.604258758301044807e+00
5.098039215686274439e-02 7.637914839600952632e+00
5.490196078431372473e-02 5.126442815725231306e+00
5.882352941176470507e-02 6.785963305335364737e+00
6.274509803921568540e-02 5.755384943363898387e+00
6.666666666666666574e-02 6.530213466588242532e+00
7.058823529411764608e-02 5.395393746424292480e+00
7.450980392156862642e-02 7.003962145541908768e+00
7.843137254901960675e-02 5.970276198634994813e+00
8.235294117647058709e-02 6.792476495033408668e+00
8.627450980392156743e-02 6.144088706578875403e+00
9.019607843137254777e-02 6.719115364805122503e+00
9.411764705882352811e-02 8.019095578289675785e+00
9.803921568627450844e-02 7.396662599493867063e+00
1.019607843137254888e-01 3.929721737939256609e+00
1.058823529411764691e-01 6.286904771330011243e+00
1.098039215686274495e-01 9.193914539373182038e+00
1.137254901960784298e-01 7.372930474319463912e+00
1.176470588235294101e-01 6.775165405496479387e+00
1.215686274509803905e-01 7.158882780456115924e+00
1.254901960784313708e-01 8.480574624631850966e+00
1.294117647058823373e-01 6.503554915519790036e+00
1.333333333333333315e-01 7.910527051109959906e+00
1.372549019607843257e-01 5.867490416665193109e+00
1.411764705882352922e-01 7.923861684567372166e+00
1.450980392156862586e-01 7.813896012010030923e+00
1.490196078431372528e-01 6.264888032874500468e+00
1.529411764705882470e-01 9.811895299442001672e+00
1.568627450980392135e-01 7.168218115352230413e+00
1.607843137254901800e-01 6.486470942676556994e+00
1.647058823529411742e-01 6.690772090787954873e+00
1.686274509803921684e-01 7.981926674409065114e+00
1.725490196078431349e-01 7.678750494116663994e+00
1.764705882352941013e-01 8.379826448744019274e+00
1.803921568627450955e-01 7.646326118221429269e+00
1.843137254901960898e-01 6.847466624419177528e+00
1.882352941176470562e-01 7.507329046697082120e+00
1.921568627450980227e-01 7.851668547765829231e+00
1.960784313725490169e-01 6.822669199680761132e+00
2.000000000000000111e-01 7.786333127213634242e+00
2.039215686274509776e-01 7.849663756978605633e+00
2.078431372549019440e-01 6.780699682889713920e+00
2.117647058823529382e-01 8.412849654893030049e+00
2.156862745098039325e-01 5.058908832132539501e+00
2.196078431372548989e-01 8.128337310709319752e+00
2.235294117647058654e-01 7.714837140870432819e+00
2.274509803921568596e-01 7.111453936219179539e+00
2.313725490196078538e-01 5.618699468216122206e+00
2.352941176470588203e-01 7.279322244583140922e+00
2.392156862745097867e-01 7.850241269588817516e+00
2.431372549019607809e-01 8.884075838117333035e+00
2.470588235294117752e-01 7.145016709974831848e+00
2.509803921568627416e-01 6.627609456129244236e+00
2.549019607843137081e-01 8.739188242176725296e+00
2.588235294117646745e-01 7.608252353990699213e+00
2.627450980392156965e-01 7.476974430655050519e+00
2.666666666666666630e-01 6.857207027065824967e+00
2.705882352941176294e-01 7.544342032998532233e+00
2.745098039215686514e-01 6.364636431379455672e+00
2.784313725490196179e-01 6.480157980688424857e+00
2.823529411764705843e-01 6.193770993743809683e+00
2.862745098039215508e-01 6.870378826220649771e+00
2.901960784313725172e-01 9.056337029475695743e+00
2.941176470588235392e-01 8.040992020714631039e+00
2.980392156862745057e-01 5.457756473269357755e+00
3.019607843137254721e-01 8.262423980154823155e+00
3.058823529411764941e-01 7.389931813627272916e+00
3.098039215686274606e-01 7.233472338433707627e+00
3.137254901960784270e-01 7.231473612729667266e+00
3.176470588235293935e-01 6.081979542373701975e+00
3.215686274509803599e-01 7.807455656467197080e+00
3.254901960784313819e-01 5.684739930624264304e+00
3.294117647058823484e-01 7.626693856753785639e+00
3.333333333333333148e-01 6.782946187698700946e+00
3.372549019607843368e-01 7.287974090168422237e+00
3.411764705882353033e-01 5.745429162496065167e+00
3.450980392156862697e-01 7.735527753272752882e+00
3.490196078431372362e-01 7.282356880834856661e+00
3.529411764705882026e-01 9.566846106854725917e+00
3.568627450980392246e-01 6.151820425525613700e+00
3.607843137254901911e-01 6.420576687586536657e+00
3.647058823529411575e-01 7.603499410674116277e+00
3.686274509803921795e-01 7.062174562027781377e+00
3.725490196078431460e-01 7.599364054399430302e+00
3.764705882352941124e-01 7.725114431645486057e+00
3.803921568627450789e-01 6.808973548534648756e+00
3.843137254901960453e-01 7.482913938981670121e+00
3.882352941176470673e-01 8.740289855886246073e+00
3.921568627450980338e-01 9.968007691555264671e+00
3.960784313725490002e-01 6.435483160196896257e+00
4.000000000000000222e-01 7.020652490675103330e+00
4.039215686274509887e-01 7.240737551790036974e+00
4.078431372549019551e-01 9.146066442390948126e+00
4.117647058823529216e-01 5.745660445333765409e+00
4.156862745098038880e-01 7.658031906370347031e+00
4.196078431372549100e-01 6.373865823013012744e+00
4.235294117647058765e-01 7.685159466558102892e+00
4.274509803921568429e-01 8.231067619587912887e+00
4.313725490196078649e-01 7.175627007336912833e+00
4.352941176470588314e-01 9.058211404606609563e+00
4.392156862745097978e-01 7.219835988832007168e+00
4.431372549019607643e-01 8.530529000164214892e+00
4.470588235294117307e-01 7.120957431526475645e+00
4.509803921568627527e-01 7.117071902603422373e+00
4.549019607843137192e-01 7.516806461936938355e+00
4.588235294117646856e-01 7.191211576397329885e+00
4.627450980392157076e-01 8.259329410757157319e+00
4.666666666666666741e-01 6.294415447230126581e+00
4.705882352941176405e-01 6.771488134766215694e+00
4.745098039215686070e-01 6.606467125745826507e+00
4.784313725490195734e-01 7.714527587255283869e+00
4.823529411764705954e-01 8.355855893100430976e+00
4.862745098039215619e-01 8.109079837685063907e+00
4.901960784313725283e-01 5.889748411462820243e+00
4.941176470588235503e-01 7.073537961110273997e+00
4.980392156862745168e-01 6.097043843586469336e+00
5.019607843137254832e-01 8.001337179909656427e+00
5.058823529411764497e-01 6.418881259037493514e+00
5.098039215686274161e-01 6.374904875690797112e+00
5.137254901960783826e-01 7.723267691324649853e+00
5.176470588235293491e-01 6.340357721049402429e+00
5.215686274509804266e-01 6.812324105848805544e+00
5.254901960784313930e-01 5.431202623285465769e+00
5.294117647058823595e-01 4.766064802938757339e+00
5.333333333333333259e-01 7.842228062679382994e+00
5.372549019607842924e-01 6.993443532637094506e+00
5.411764705882352589e-01 6.223695073645275855e+00
5.450980392156862253e-01 7.226805224244932546e+00
5.490196078431373028e-01 7.547091495537177508e+00
5.529411764705882693e-01 6.694557918526049534e+00
5.568627450980392357e-01 6.145481104883888435e+00
5.607843137254902022e-01 8.090116994572719378e+00
5.647058823529411686e-01 7.584950711514976796e+00
5.686274509803921351e-01 7.717841546048363810e+00
5.725490196078431016e-01 6.515849773020675251e+00
5.764705882352940680e-01 7.739958348405891364e+00
5.803921568627450345e-01 6.130233195072207764e+00
5.843137254901961120e-01 8.128495152560033077e+00
5.882352941176470784e-01 7.389557409410219435e+00
5.921568627450980449e-01 5.245069835578902939e+00
5.960784313725490113e-01 5.479812822307387421e+00
5.999999999999999778e-01 8.249695877290525559e+00
6.039215686274509443e-01 5.658228793059029371e+00
6.078431372549019107e-01 7.000227998170471366e+00
6.117647058823529882e-01 6.062010357956396867e+00
6.156862745098039547e-01 6.862871502710579996e+00
6.196078431372549211e-01 6.169164420473646437e+00
6.235294117647058876e-01 3.412463290318854536e+00
6.274509803921568540e-01 5.415146666179459167e+00
6.313725490196078205e-01 6.917434377414385160e+00
6.352941176470587870e-01 6.070499946821358073e+00
6.392156862745097534e-01 5.568014527485450671e+00
6.431372549019607199e-01 2.921704633120508099e+00
6.470588235294117974e-01 5.679897997118079189e+00
6.509803921568627638e-01 7.622462646921346341e+00
6.549019607843137303e-01 6.708580171785020418e+00
6.588235294117646967e-01 5.165685141322175156e+00
6.627450980392156632e-01 7.607373929681850555e+00
6.666666666666666297e-01 7.580115481048348869e+00
6.705882352941175961e-01 3.791605667900318721e+00
6.745098039215686736e-01 6.830518478151141437e+00
6.784313725490196401e-01 3.833303954890940446e+00
6.823529411764706065e-01 6.414707898463126057e+00
6.862745098039215730e-01 4.770000961657912875e+00
6.901960784313725394e-01 5.832584016807168759e+00
6.941176470588235059e-01 5.283872570809929670e+00
6.980392156862744724e-01 5.118997111236228470e+00
7.019607843137254388e-01 4.712708146666655828e+00
7.058823529411764053e-01 6.765070192854223841e+00
7.098039215686274828e-01 7.289931372799250298e+00
7.137254901960784492e-01 5.487403643211608895e+00
7.176470588235294157e-01 3.778223310906926535e+00
7.215686274509803821e-01 6.848513882566680699e+00
7.254901960784313486e-01 4.492453479787977599e+00
7.294117647058823151e-01 5.083295681592900905e+00
7.333333333333332815e-01 3.555498971302319955e+00
7.372549019607843590e-01 5.969488700477395327e+00
7.411764705882353255e-01 5.294252954004051048e+00
7.450980392156862919e-01 4.653216220576078754e+00
7.490196078431372584e-01 4.939220323790746825e+00
7.529411764705882248e-01 5.054200486063692210e+00
7.568627450980391913e-01 4.190193700163759694e+00
7.607843137254901578e-01 5.453762494539674321e+00
7.647058823529411242e-01 4.444175739167733674e+00
7.686274509803920907e-01 4.640279810356119583e+00
7.725490196078431682e-01 3.972865889745728296e+00
7.764705882352941346e-01 6.222722128219871252e+00
7.803921568627451011e-01 5.593934059649829038e+00
7.843137254901960675e-01 4.185945736508854154e+00
7.882352941176470340e-01 5.367581993562501097e+00
7.921568627450980005e-01 7.343814631197901122e+00
7.960784313725489669e-01 3.931114721156267144e+00
8.000000000000000444e-01 3.430662737336219514e+00
8.039215686274510109e-01 5.741169199229928743e+00
8.078431372549019773e-01 5.626237898766386358e+00
8.117647058823529438e-01 5.509646249238001836e+00
8.156862745098039102e-01 5.096808747568541520e+00
8.196078431372548767e-01 4.707874194720835348e+00
8.235294117647058432e-01 3.550691221872296133e+00
8.274509803921568096e-01 4.302848490616647759e+00
8.313725490196077761e-01 3.331878534519938206e+00
8.352941176470588536e-01 4.025693048408244046e+00
8.392156862745098200e-01 4.034329911690735848e+00
8.431372549019607865e-01 3.842368004233599699e+00
8.470588235294117530e-01 3.678035913380637734e+00
8.509803921568627194e-01 2.825555320274858673e+00
8.549019607843136859e-01 4.646381834057993210e+00
8.588235294117646523e-01 3.921630426240529488e+00
8.627450980392157298e-01 4.255883698423258643e+00
8.666666666666666963e-01 4.219384354106606949e+00
8.705882352941176627e-01 6.023989563818725301e+00
8.745098039215686292e-01 3.327685764564619841e+00
8.784313725490195957e-01 2.840386796077660314e+00
8.823529411764705621e-01 4.047458905533958706e+00
8.862745098039215286e-01 5.752007070952358525e+00
8.901960784313724950e-01 1.867301752120797076e+00
8.941176470588234615e-01 2.640402458656100571e+00
8.980392156862745390e-01 4.401272340513141756e+00
9.019607843137255054e-01 4.519222294814772667e+00
9.058823529411764719e-01 4.486688431388937914e+00
9.098039215686274384e-01 2.701707750810466990e+00
9.137254901960784048e-01 3.589977988216884075e+00
9.176470588235293713e-01 1.973563694135312518e+00
9.215686274509803377e-01 3.059335619101040571e+00
9.254901960784314152e-01 3.895406943055473192e+00
9.294117647058823817e-01 4.766556644334101200e+00
9.333333333333333481e-01 3.060559678598720357e+00
9.372549019607843146e-01 3.996676433128341976e+00
9.411764705882352811e-01 3.696829564234663579e+00
9.450980392156862475e-01 1.704320705084918064e+00
9.490196078431372140e-01 3.099231933747593537e+00
9.529411764705881804e-01 3.525629412857752776e+00
9.568627450980391469e-01 2.061962783163476587e+00
9.607843137254902244e-01 2.231243369107262620e+00
9.647058823529411908e-01 3.903528154357333690e+00
9.686274509803921573e-01 4.687141381670704376e+00
9.725490196078431238e-01 3.377817593111146266e+00
9.764705882352940902e-01 3.764241824943140635e+00
9.803921568627450567e-01 3.797310304407285120e+00
9.843137254901960231e-01 2.291728771399333731e+00
9.882352941176471006e-01 3.252769675634644919e+00
9.921568627450980671e-01 3.722604031030600780e+00
9.960784313725490335e-01 5.028613343794174462e+00
1.000000000000000000e+00 3.981919815690446729e+00
