0.000000000000000000e+00 3.222462201808267146e+00
3.921568627450980338e-03 2.937277708442794122e+00
7.843137254901960675e-03 4.707660718679578693e+00
1.176470588235294101e-02 2.447311689031732129e+00
1.568627450980392135e-02 3.310900991399495119e+00
1.960784313725490169e-02 4.552441792353728367e+00
2.352941176470588203e-02 4.165564459509677242e+00
2.745098039215686236e-02 2.618650313765780169e+00
3.137254901960784270e-02 3.808920196883520681e+00
3.529411764705882304e-02 6.874477684561643542e+00
3.921568627450980338e-02 4.017204898856782336e+00
4.313725490196078372e-02 3.982596060501863100e+00
4.705882352941176405e-02 2.930301001138358785e+00
5.098039215686274439e-02 4.152453625909109824e+00
5.490196078431372473e-02 3.462558987290390355e+00
5.882352941176470507e-02 4.543487625070933511e+00
6.274509803921568540e-02 4.535346960750238132e+00
6.666666666666666574e-02 5.764750540466945239e+00
7.058823529411764608e-02 2.595282757966339116e+00
7.450980392156862642e-02 5.549723714046866263e+00
7.843137254901960675e-02 2.968028473661035616e+00
8.235294117647058709e-02 4.250388384983605050e+00
8.627450980392156743e-02 5.284855170458300222e+00
9.019607843137254777e-02 4.695821954099143269e+00
9.411764705882352811e-02 3.153929626081343862e+00
9.803921568627450844e-02 4.301025508013728071e+00
1.019607843137254888e-01 1.948889249358775277e+00
1.058823529411764691e-01 2.567384897672554622e+00
1.098039215686274495e-01 3.458237082383879279e+00
1.137254901960784298e-01 5.709174576412289426e+00
1.176470588235294101e-01 6.758115789870164036e+00
1.215686274509803905e-01 5.013371803892773038e+00
1.254901960784313708e-01 5.003588193940448292e+00
1.294117647058823373e-01 4.447318936774983911e+00
1.333333333333333315e-01 3.489370792884884942e+00
1.372549019607843257e-01 2.049717952077639627e+00
1.411764705882352922e-01 3.534192921223777262e+00
1.450980392156862586e-01 4.924099588050415477e+00
1.490196078431372528e-01 6.292407145862211948e+00
1.529411764705882470e-01 5.454833853583204828e+00
1.568627450980392135e-01 3.969723716432180360e+00
1.607843137254901800e-01 5.674796667761454749e+00
1.647058823529411742e-01 4.883221042514166221e+00
1.686274509803921684e-01 6.907294174272303522e+00
1.725490196078431349e-01 4.776411910005187167e+00
1.764705882352941013e-01 3.343906740813689549e+00
1.803921568627450955e-01 5.311735983869597000e+00
1.843137254901960898e-01 5.873890381554666362e+00
1.882352941176470562e-01 4.117051447393416552e+00
1.921568627450980227e-01 5.317764679189648014e+00
1.960784313725490169e-01 4.617210219929478221e+00
2.000000000000000111e-01 4.888787348865728966e+00
2.039215686274509776e-01 4.389944195568688201e+00
2.078431372549019440e-01 7.325098134625526392e+00
2.117647058823529382e-01 4.868313622601401214e+00
2.156862745098039325e-01 5.172934895368537234e+00
2.196078431372548989e-01 6.306324815455362831e+00
2.235294117647058654e-01 6.581515166572805775e+00
2.274509803921568596e-01 6.075573033995700811e+00
2.313725490196078538e-01 5.272695230232600672e+00
2.352941176470588203e-01 6.469847476523212570e+00
2.392156862745097867e-01 5.988059756918239884e+00
2.431372549019607809e-01 5.346691146881350498e+00
2.470588235294117752e-01 7.490332040446575412e+00
2.509803921568627416e-01 7.760408835323906018e+00
2.549019607843137081e-01 6.246251211322963570e+00
2.588235294117646745e-01 5.717231127061024765e+00
2.627450980392156965e-01 5.773500183699715294e+00
2.666666666666666630e-01 6.641230284609267898e+00
2.705882352941176294e-01 5.570382115195188000e+00
2.745098039215686514e-01 5.100441259732703791e+00
2.784313725490196179e-01 5.617441775178268593e+00
2.823529411764705843e-01 7.195302006699327180e+00
2.862745098039215508e-01 6.750917499492372187e+00
2.901960784313725172e-01 8.164419261289939556e+00
2.941176470588235392e-01 6.928122613222961412e+00
2.980392156862745057e-01 8.411317930419317079e+00
3.019607843137254721e-01 6.387613462449182933e+00
3.058823529411764941e-01 4.479360608725123427e+00
3.098039215686274606e-01 7.267340745730877849e+00
3.137254901960784270e-01 8.127683068714022241e+00
3.176470588235293935e-01 6.065404136198014662e+00
3.215686274509803599e-01 8.530439468212710707e+00
3.254901960784313819e-01 5.943729466894503766e+00
3.294117647058823484e-01 7.959175633581804910e+00
3.333333333333333148e-01 5.442623283037118398e+00
3.372549019607843368e-01 8.624450151540601794e+00
3.411764705882353033e-01 7.414245636676062290e+00
3.450980392156862697e-01 7.396440205417872171e+00
3.490196078431372362e-01 8.163647599583386594e+00
3.529411764705882026e-01 8.550807759824559540e+00
3.568627450980392246e-01 1.034436778009236413e+01
3.607843137254901911e-01 6.445577699212768685e+00
3.647058823529411575e-01 8.385545360493743772e+00
3.686274509803921795e-01 8.339419854481903371e+00
3.725490196078431460e-01 9.134019866990131575e+00
3.764705882352941124e-01 7.489896613874962306e+00
3.803921568627450789e-01 8.190010021258899542e+00
3.843137254901960453e-01 9.122945201986425445e+00
3.882352941176470673e-01 7.740860972404444595e+00
3.921568627450980338e-01 9.414175974466720831e+00
3.960784313725490002e-01 6.941333756163351687e+00
4.000000000000000222e-01 8.336270900670209372e+00
4.039215686274509887e-01 7.798823162558321087e+00
4.078431372549019551e-01 9.797699107177045619e+00
4.117647058823529216e-01 9.675510877742869553e+00
4.156862745098038880e-01 9.918249316364176948e+00
4.196078431372549100e-01 8.443051554545935034e+00
4.235294117647058765e-01 8.253281226737840370e+00
4.274509803921568429e-01 7.508090464627281690e+00
4.313725490196078649e-01 9.757673401861501006e+00
4.352941176470588314e-01 9.757520610039319919e+00
4.392156862745097978e-01 8.335936454023114450e+00
4.431372549019607643e-01 5.881852576633182395e+00
4.470588235294117307e-01 1.007570178769461933e+01
4.509803921568627527e-01 7.934070529485909518e+00
4.549019607843137192e-01 9.292009004859616894e+00
4.588235294117646856e-01 8.354659730799662398e+00
4.627450980392157076e-01 9.909995304369369151e+00
4.666666666666666741e-01 8.738418051602829806e+00
4.705882352941176405e-01 8.762527133015447944e+00
4.745098039215686070e-01 9.044659589750267514e+00
4.784313725490195734e-01 8.340405218045363611e+00
4.823529411764705954e-01 7.762393013353093174e+00
4.862745098039215619e-01 9.900221832297823710e+00
4.901960784313725283e-01 9.105144625179864448e+00
4.941176470588235503e-01 8.071658198778129290e+00
4.980392156862745168e-01 1.013799400584226085e+01
5.019607843137254832e-01 9.431468544453251113e+00
5.058823529411764497e-01 7.403048606884629734e+00
5.098039215686274161e-01 1.022150761922843643e+01
5.137254901960783826e-01 9.918847021177709777e+00
5.176470588235293491e-01 9.160104790895996274e+00
5.215686274509804266e-01 9.905586509160164255e+00
5.254901960784313930e-01 9.560666890776253979e+00
5.294117647058823595e-01 9.550921919586185638e+00
5.333333333333333259e-01 8.289993954622712380e+00
5.372549019607842924e-01 9.284767961749116338e+00
5.411764705882352589e-01 1.041285465633641394e+01
5.450980392156862253e-01 8.619618723017488549e+00
5.490196078431373028e-01 1.026560556572269611e+01
5.529411764705882693e-01 6.579585580513992227e+00
5.568627450980392357e-01 8.402564914319984979e+00
5.607843137254902022e-01 8.056419936709330543e+00
5.647058823529411686e-01 6.613181697205555487e+00
5.686274509803921351e-01 7.477210805134852478e+00
5.725490196078431016e-01 8.875787408358425168e+00
5.764705882352940680e-01 1.025171669043321288e+01
5.803921568627450345e-01 7.974462826450098518e+00
5.843137254901961120e-01 9.393984645092324115e+00
5.882352941176470784e-01 7.630838061305577291e+00
5.921568627450980449e-01 8.219923560719475830e+00
5.960784313725490113e-01 7.536209532448151727e+00
5.999999999999999778e-01 9.838349894620073144e+00
6.039215686274509443e-01 9.766624000154692453e+00
6.078431372549019107e-01 9.687325509084868003e+00
6.117647058823529882e-01 8.240623373193635359e+00
6.156862745098039547e-01 8.659160101380104280e+00
6.196078431372549211e-01 8.590131760473154188e+00
6.235294117647058876e-01 9.254809944239738684e+00
6.274509803921568540e-01 8.594480991777531997e+00
6.313725490196078205e-01 7.837822452148794028e+00
6.352941176470587870e-01 7.613733385715914181e+00
6.392156862745097534e-01 8.706211135786372068e+00
6.431372549019607199e-01 7.409948094046327149e+00
6.470588235294117974e-01 7.995031664690579021e+00
6.509803921568627638e-01 6.401802642148672007e+00
6.549019607843137303e-01 7.476408402141801801e+00
6.588235294117646967e-01 7.416013071781706323e+00
6.627450980392156632e-01 1.037211703033641186e+01
6.666666666666666297e-01 7.335904440724359432e+00
6.705882352941175961e-01 8.062908430369372326e+00
6.745098039215686736e-01 5.749847366837591345e+00
6.784313725490196401e-01 7.123755011344659493e+00
6.823529411764706065e-01 7.553818377235290704e+00
6.862745098039215730e-01 8.344885921339447066e+00
6.901960784313725394e-01 6.976159959404743205e+00
6.941176470588235059e-01 6.555151376330123902e+00
6.980392156862744724e-01 6.870062176746707827e+00
7.019607843137254388e-01 7.072135296732238174e+00
7.058823529411764053e-01 7.621528168284917193e+00
7.098039215686274828e-01 8.064590202572588851e+00
7.137254901960784492e-01 7.566914256880746592e+00
7.176470588235294157e-01 7.600449929882089783e+00
7.215686274509803821e-01 6.999109822914931556e+00
7.254901960784313486e-01 7.815885787180554267e+00
7.294117647058823151e-01 6.824113277465858829e+00
7.333333333333332815e-01 8.274451875721037908e+00
7.372549019607843590e-01 7.567623913564792026e+00
7.411764705882353255e-01 7.171032546248388151e+00
7.450980392156862919e-01 7.315444325979867379e+00
7.490196078431372584e-01 5.949966202071493626e+00
7.529411764705882248e-01 8.253666770486669080e+00
7.568627450980391913e-01 7.311077085299375611e+00
7.607843137254901578e-01 6.181879318706806181e+00
7.647058823529411242e-01 8.188599916678795054e+00
7.686274509803920907e-01 7.378026046114431580e+00
7.725490196078431682e-01 6.270187396237808741e+00
7.764705882352941346e-01 9.071257072476010208e+00
7.803921568627451011e-01 7.321675845345787970e+00
7.843137254901960675e-01 6.149861685072139927e+00
7.882352941176470340e-01 8.575429407807984461e+00
7.921568627450980005e-01 5.609325941294656559e+00
7.960784313725489669e-01 7.347570437843367053e+00
8.000000000000000444e-01 7.597473394727416007e+00
8.039215686274510109e-01 6.717582921537680996e+00
8.078431372549019773e-01 6.440136832477341144e+00
8.117647058823529438e-01 7.215336986155689303e+00
8.156862745098039102e-01 6.866262135328987881e+00
8.196078431372548767e-01 7.988266690551845350e+00
8.235294117647058432e-01 5.485637917294706511e+00
8.274509803921568096e-01 6.374321801863873205e+00
8.313725490196077761e-01 6.220752579962638862e+00
8.352941176470588536e-01 5.122763409556180925e+00
8.392156862745098200e-01 8.769803554833695003e+00
8.431372549019607865e-01 5.701753050424233749e+00
8.470588235294117530e-01 7.266812874176730830e+00
8.509803921568627194e-01 5.479793239856906695e+00
8.549019607843136859e-01 7.058138777470110092e+00
8.588235294117646523e-01 4.643418313014106680e+00
8.627450980392157298e-01 6.527965735954722071e+00
8.666666666666666963e-01 4.507019601095138661e+00
8.705882352941176627e-01 7.851221274682469442e+00
8.745098039215686292e-01 6.464153161444841089e+00
8.784313725490195957e-01 7.128811823191075092e+00
8.823529411764705621e-01 4.255600735047013750e+00
8.862745098039215286e-01 5.014218612335447744e+00
8.901960784313724950e-01 5.488851378256224933e+00
8.941176470588234615e-01 5.314378989225946093e+00
8.980392156862745390e-01 5.818387237929789180e+00
9.019607843137255054e-01 5.246657496296954548e+00
9.058823529411764719e-01 5.819484293478180525e+00
9.098039215686274384e-01 6.345747784295644678e+00
9.137254901960784048e-01 5.743726689570676669e+00
9.176470588235293713e-01 3.522658458567984763e+00
9.215686274509803377e-01 5.527020395671021546e+00
9.254901960784314152e-01 6.630550352593263419e+00
9.294117647058823817e-01 5.307689121225051210e+00
9.333333333333333481e-01 6.649168643754588715e+00
9.372549019607843146e-01 5.754525170553063340e+00
9.411764705882352811e-01 5.657116660824179633e+00
9.450980392156862475e-01 5.073235878763742157e+00
9.490196078431372140e-01 7.685521753862090577e+00
9.529411764705881804e-01 7.098855677558217891e+00
9.568627450980391469e-01 4.993940893659043923e+00
9.607843137254902244e-01 6.060509067304221453e+00
9.647058823529411908e-01 4.541447450160640997e+00
9.686274509803921573e-01 5.131545327244369403e+00
9.725490196078431238e-01 5.467680838453821579e+00
9.764705882352940902e-01 7.233579400390435232e+00
9.803921568627450567e-01 6.679724282582543360e+00
9.843137254901960231e-01 7.738332873878328577e+00
9.882352941176471006e-01 5.437635929542615543e+00
9.921568627450980671e-01 5.542887377635965507e+00
9.960784313725490335e-01 8.105736157152001908e+00
1.000000000000000000e+00 5.343143741887901754e+00
