0.000000000000000000e+00 2.948688299259473844e+00
3.921568627450980338e-03 3.133743710076509092e+00
7.843137254901960675e-03 1.030263994804374583e-01
1.176470588235294101e-02 2.503394195346384077e+00
1.568627450980392135e-02 2.113966925522426266e+00
1.960784313725490169e-02 2.723923596424170146e+00
2.352941176470588203e-02 2.922650870386164002e+00
2.745098039215686236e-02 2.193245482948138925e+00
3.137254901960784270e-02 3.029181286192723643e+00
3.529411764705882304e-02 2.446276819641229672e+00
3.921568627450980338e-02 2.069797652745672956e+00
4.313725490196078372e-02 3.410599988693376439e+00
4.705882352941176405e-02 3.240390543134122225e+00
5.098039215686274439e-02 3.196203681750368730e+00
5.490196078431372473e-02 1.448881044399598084e+00
5.882352941176470507e-02 1.442095048584095540e+00
6.274509803921568540e-02 2.054699620598407606e+00
6.666666666666666574e-02 4.084409584414976813e+00
7.058823529411764608e-02 1.964028574835875673e+00
7.450980392156862642e-02 2.662140808918883383e+00
7.843137254901960675e-02 2.056214844899876049e+00
8.235294117647058709e-02 3.851875713074264240e+00
8.627450980392156743e-02 1.311882913300803644e+00
9.019607843137254777e-02 2.252872329940618368e+00
9.411764705882352811e-02 3.280839158019107860e+00
9.803921568627450844e-02 2.003688512644675512e+00
1.019607843137254888e-01 1.470871771115833226e+00
1.058823529411764691e-01 2.488102292175153885e+00
1.098039215686274495e-01 2.223691495633161708e+00
1.137254901960784298e-01 1.887130716775087924e+00
1.176470588235294101e-01 3.231319189218497367e+00
1.215686274509803905e-01 2.227714027415144571e+00
1.254901960784313708e-01 1.463367397164417216e+00
1.294117647058823373e-01 3.975428775590456265e+00
1.333333333333333315e-01 3.400665204104154959e+00
1.372549019607843257e-01 1.492194073969429491e+00
1.411764705882352922e-01 2.545673402490617576e+00
1.450980392156862586e-01 3.546089320157183256e+00
1.490196078431372528e-01 1.192889038446573791e+00
1.529411764705882470e-01 2.879006221642460339e+00
1.568627450980392135e-01 2.119040020164935534e+00
1.607843137254901800e-01 4.209625694107010041e+00
1.647058823529411742e-01 2.722651898295757711e+00
1.686274509803921684e-01 2.556012392228254715e+00
1.725490196078431349e-01 3.148013000031677500e+00
1.764705882352941013e-01 1.936700054237519897e+00
1.803921568627450955e-01 2.369491903045063630e+00
1.843137254901960898e-01 1.602492198402555523e+00
1.882352941176470562e-01 2.970587992457174309e-01
1.921568627450980227e-01 3.849958642857911784e+00
1.960784313725490169e-01 1.062928642002468171e+00
2.000000000000000111e-01 3.271662646910319605e+00
2.039215686274509776e-01 4.114772886496015580e+00
2.078431372549019440e-01 3.877253706887713314e+00
2.117647058823529382e-01 3.661893534021161578e+00
2.156862745098039325e-01 2.915462894307107256e+00
2.196078431372548989e-01 2.331481519135310876e+00
2.235294117647058654e-01 4.707588284997216377e+00
2.274509803921568596e-01 1.468127268543507391e+00
2.313725490196078538e-01 4.276386561011355170e+00
2.352941176470588203e-01 2.692501803496773150e+00
2.392156862745097867e-01 3.736079115329839606e+00
2.431372549019607809e-01 4.975982638154440529e+00
2.470588235294117752e-01 1.690504951469444128e+00
2.509803921568627416e-01 2.984550064001700864e+00
2.549019607843137081e-01 4.658064721048690515e+00
2.588235294117646745e-01 4.276937135694881320e+00
2.627450980392156965e-01 3.855491868482531004e+00
2.666666666666666630e-01 4.014109808822764691e+00
2.705882352941176294e-01 2.937905259471632835e+00
2.745098039215686514e-01 3.161831820204899834e+00
2.784313725490196179e-01 3.366133834207031938e+00
2.823529411764705843e-01 4.780148153409061962e+00
2.862745098039215508e-01 2.321930110869077968e+00
2.901960784313725172e-01 5.113750419214597720e+00
2.941176470588235392e-01 2.625370980298063373e+00
2.980392156862745057e-01 2.277036104209619438e+00
3.019607843137254721e-01 3.217942304817457355e+00
3.058823529411764941e-01 3.588090678333209826e+00
3.098039215686274606e-01 4.674610769047614411e+00
3.137254901960784270e-01 3.206656049417128784e+00
3.176470588235293935e-01 5.013396494719320806e+00
3.215686274509803599e-01 3.099201630026801269e+00
3.254901960784313819e-01 4.400119504722856512e+00
3.294117647058823484e-01 2.649626427764658843e+00
3.333333333333333148e-01 3.692945955160098048e+00
3.372549019607843368e-01 4.820669124797780647e+00
3.411764705882353033e-01 3.788723372892192742e+00
3.450980392156862697e-01 5.624470648173009124e+00
3.490196078431372362e-01 3.474624842574308925e+00
3.529411764705882026e-01 3.527485383126581553e+00
3.568627450980392246e-01 3.852720054157253049e+00
3.607843137254901911e-01 5.682027498858660763e+00
3.647058823529411575e-01 5.923982498610971703e+00
3.686274509803921795e-01 5.660160119545244228e+00
3.725490196078431460e-01 6.080349514600491112e+00
3.764705882352941124e-01 5.141417903480927976e+00
3.803921568627450789e-01 3.972683231067852816e+00
3.843137254901960453e-01 4.740677037633751034e+00
3.882352941176470673e-01 2.631429463292106252e+00
3.921568627450980338e-01 6.215524905526726762e+00
3.960784313725490002e-01 4.293139420715538890e+00
4.000000000000000222e-01 5.664304197390022111e+00
4.039215686274509887e-01 5.996502410817119433e+00
4.078431372549019551e-01 4.679338041736816223e+00
4.117647058823529216e-01 6.495668054299254202e+00
4.156862745098038880e-01 5.347880850918610207e+00
4.196078431372549100e-01 6.444738728788611759e+00
4.235294117647058765e-01 5.662789402603430666e+00
4.274509803921568429e-01 7.231784518268264073e+00
4.313725490196078649e-01 5.613451567591609681e+00
4.352941176470588314e-01 7.044221543739749514e+00
4.392156862745097978e-01 5.821212049338853944e+00
4.431372549019607643e-01 4.221103493645690818e+00
4.470588235294117307e-01 7.026573783120637628e+00
4.509803921568627527e-01 5.198447479391209214e+00
4.549019607843137192e-01 3.532415704992576178e+00
4.588235294117646856e-01 6.964681151347521748e+00
4.627450980392157076e-01 5.410708544501754425e+00
4.666666666666666741e-01 8.950379881057497045e+00
4.705882352941176405e-01 6.972754547021615679e+00
4.745098039215686070e-01 8.268884072903526672e+00
4.784313725490195734e-01 6.527810083913434980e+00
4.823529411764705954e-01 7.510472240530221555e+00
4.862745098039215619e-01 6.075786753268051399e+00
4.901960784313725283e-01 7.658694641795711355e+00
4.941176470588235503e-01 6.498208302438385431e+00
4.980392156862745168e-01 7.078096172966003685e+00
5.019607843137254832e-01 7.058272387838210982e+00
5.058823529411764497e-01 9.070964441704049364e+00
5.098039215686274161e-01 8.574035878658714083e+00
5.137254901960783826e-01 7.673034778673420320e+00
5.176470588235293491e-01 6.365780809564209441e+00
5.215686274509804266e-01 6.997585608532858714e+00
5.254901960784313930e-01 8.904974061447537892e+00
5.294117647058823595e-01 7.218788907734482230e+00
5.333333333333333259e-01 9.329759345982337138e+00
5.372549019607842924e-01 8.578102032946558708e+00
5.411764705882352589e-01 4.937169909340150653e+00
5.450980392156862253e-01 5.943589246552082095e+00
5.490196078431373028e-01 7.589001053690122234e+00
5.529411764705882693e-01 6.463498900084364784e+00
5.568627450980392357e-01 7.945869276628082289e+00
5.607843137254902022e-01 7.663144628493232524e+00
5.647058823529411686e-01 8.515371546151992987e+00
5.686274509803921351e-01 6.976825434746530163e+00
5.725490196078431016e-01 8.661232649969440089e+00
5.764705882352940680e-01 7.854092814715392556e+00
5.803921568627450345e-01 8.430632847909732774e+00
5.843137254901961120e-01 8.637692738651825408e+00
5.882352941176470784e-01 9.567384399720740618e+00
5.921568627450980449e-01 8.290607216818823844e+00
5.960784313725490113e-01 7.700172343872937475e+00
5.999999999999999778e-01 9.125170638309342053e+00
6.039215686274509443e-01 8.237748404972709437e+00
6.078431372549019107e-01 9.445779991017364097e+00
6.117647058823529882e-01 8.755085760081335877e+00
6.156862745098039547e-01 6.779666211073419824e+00
6.196078431372549211e-01 8.293031935127103793e+00
6.235294117647058876e-01 9.675628822294806142e+00
6.274509803921568540e-01 9.988094413739954547e+00
6.313725490196078205e-01 8.741307011998133092e+00
6.352941176470587870e-01 9.317967840411343516e+00
6.392156862745097534e-01 8.065301082181070669e+00
6.431372549019607199e-01 9.033900569945458869e+00
6.470588235294117974e-01 8.164670813798144522e+00
6.509803921568627638e-01 9.988136417213780760e+00
6.549019607843137303e-01 1.037605975010718851e+01
6.588235294117646967e-01 9.325095771532504685e+00
6.627450980392156632e-01 9.747252741890457983e+00
6.666666666666666297e-01 9.229270077097071479e+00
6.705882352941175961e-01 9.417900854372332375e+00
6.745098039215686736e-01 9.782974341746033531e+00
6.784313725490196401e-01 9.234396329759290367e+00
6.823529411764706065e-01 9.385211251436901492e+00
6.862745098039215730e-01 7.917287710722964889e+00
6.901960784313725394e-01 9.999059996163454755e+00
6.941176470588235059e-01 8.815006568866499137e+00
6.980392156862744724e-01 1.015847017904372684e+01
7.019607843137254388e-01 9.363305057873654746e+00
7.058823529411764053e-01 9.285319112589942137e+00
7.098039215686274828e-01 1.014694370236092880e+01
7.137254901960784492e-01 9.715351015732766271e+00
7.176470588235294157e-01 1.238010322557837029e+01
7.215686274509803821e-01 1.101861618888786865e+01
7.254901960784313486e-01 8.930498366766517648e+00
7.294117647058823151e-01 9.754843098030374193e+00
7.333333333333332815e-01 9.617080288815527567e+00
7.372549019607843590e-01 1.036629148596486338e+01
7.411764705882353255e-01 1.027506730644110178e+01
7.450980392156862919e-01 8.598382878324530409e+00
7.490196078431372584e-01 1.111284504719565014e+01
7.529411764705882248e-01 1.030484490318180590e+01
7.568627450980391913e-01 8.703377839892580070e+00
7.607843137254901578e-01 9.841426775478478106e+00
7.647058823529411242e-01 9.052202314361291968e+00
7.686274509803920907e-01 9.950726950708908447e+00
7.725490196078431682e-01 1.123106712053153089e+01
7.764705882352941346e-01 8.818284158262139627e+00
7.803921568627451011e-01 1.093828308396913940e+01
7.843137254901960675e-01 1.011005500859319461e+01
7.882352941176470340e-01 1.125583743434354389e+01
7.921568627450980005e-01 1.022437200046760353e+01
7.960784313725489669e-01 9.333089301748929145e+00
8.000000000000000444e-01 9.315400816168482478e+00
8.039215686274510109e-01 1.044406855629080866e+01
8.078431372549019773e-01 1.031735357691977661e+01
8.117647058823529438e-01 7.885679016966329336e+00
8.156862745098039102e-01 8.956208987842467550e+00
8.196078431372548767e-01 1.035759971558605841e+01
8.235294117647058432e-01 1.164935195065371865e+01
8.274509803921568096e-01 1.020928284320977752e+01
8.313725490196077761e-01 9.021582391121286904e+00
8.352941176470588536e-01 7.161561871143611313e+00
8.392156862745098200e-01 1.059950359395261543e+01
8.431372549019607865e-01 9.422367448142850321e+00
8.470588235294117530e-01 1.096983409861306136e+01
8.509803921568627194e-01 1.030150184306815930e+01
8.549019607843136859e-01 8.978825946322301021e+00
8.588235294117646523e-01 9.078084982220451238e+00
8.627450980392157298e-01 8.550942593093383337e+00
8.666666666666666963e-01 8.190111367025105338e+00
8.705882352941176627e-01 8.922468814457607422e+00
8.745098039215686292e-01 1.072833289058123718e+01
8.784313725490195957e-01 9.489691214849834466e+00
8.823529411764705621e-01 9.067404730546765990e+00
8.862745098039215286e-01 9.415996518251297687e+00
8.901960784313724950e-01 1.035198648283508938e+01
8.941176470588234615e-01 9.456749010543692435e+00
8.980392156862745390e-01 8.955410210481165478e+00
9.019607843137255054e-01 9.860505193963794213e+00
9.058823529411764719e-01 1.105588256090640442e+01
9.098039215686274384e-01 7.939296667767589355e+00
9.137254901960784048e-01 9.698254962280577374e+00
9.176470588235293713e-01 9.867651621856301958e+00
9.215686274509803377e-01 1.046128582815555852e+01
9.254901960784314152e-01 9.739300697759189163e+00
9.294117647058823817e-01 8.476242385391039136e+00
9.333333333333333481e-01 9.681541769022164345e+00
9.372549019607843146e-01 9.265510681224011336e+00
9.411764705882352811e-01 9.866115913614361688e+00
9.450980392156862475e-01 1.180653821006731619e+01
9.490196078431372140e-01 9.115260084364507520e+00
9.529411764705881804e-01 1.079828718987322667e+01
9.568627450980391469e-01 7.615447432761968116e+00
9.607843137254902244e-01 8.758074536910065433e+00
9.647058823529411908e-01 8.127084928350251758e+00
9.686274509803921573e-01 1.100701686361663079e+01
9.725490196078431238e-01 8.941787008833482986e+00
9.764705882352940902e-01 8.005007339052195192e+00
9.803921568627450567e-01 9.179974346999127732e+00
9.843137254901960231e-01 9.430963677110970167e+00
9.882352941176471006e-01 7.315024919035087336e+00
9.921568627450980671e-01 8.314418779523066405e+00
9.960784313725490335e-01 8.156828626825321393e+00
1.000000000000000000e+00 1.032699148034936343e+01
