0.000000000000000000e+00 6.000359940667884473e+00
3.921568627450980338e-03 8.209571524617272686e+00
7.843137254901960675e-03 8.342608377162619604e+00
1.176470588235294101e-02 6.558460941582960224e+00
1.568627450980392135e-02 7.489051401044579670e+00
1.960784313725490169e-02 8.143537399469151339e+00
2.352941176470588203e-02 7.405926282739859978e+00
2.745098039215686236e-02 6.168542781798175056e+00
3.137254901960784270e-02 8.754412062259030236e+00
3.529411764705882304e-02 7.624799588242168191e+00
3.921568627450980338e-02 7.883739270406795896e+00
4.313725490196078372e-02 5.317778866798993143e+00
4.705882352941176405e-02 6.418210747769734326e+00
5.098039215686274439e-02 5.494134047627476924e+00
5.490196078431372473e-02 9.352699033409660245e+00
5.882352941176470507e-02 7.087532516637364388e+00
6.274509803921568540e-02 6.327116047831269796e+00
6.666666666666666574e-02 7.284407105311891506e+00
7.058823529411764608e-02 7.796172435649970645e+00
7.450980392156862642e-02 6.807174931323446643e+00
7.843137254901960675e-02 7.720076299779106144e+00
8.235294117647058709e-02 7.092868624862789240e+00
8.627450980392156743e-02 7.708242187553810965e+00
9.019607843137254777e-02 7.746391507012324595e+00
9.411764705882352811e-02 4.428513082383842558e+00
9.803921568627450844e-02 7.922811543791342004e+00
1.019607843137254888e-01 7.406437846928157320e+00
1.058823529411764691e-01 6.661741612437728222e+00
1.098039215686274495e-01 8.596943833502807664e+00
1.137254901960784298e-01 6.817607437207825249e+00
1.176470588235294101e-01 7.828945885169069641e+00
1.215686274509803905e-01 7.672498135557027865e+00
1.254901960784313708e-01 4.170210020540062068e+00
1.294117647058823373e-01 7.957219098856500139e+00
1.333333333333333315e-01 5.446213372750545290e+00
1.372549019607843257e-01 7.033099376099381850e+00
1.411764705882352922e-01 8.893797280040374176e+00
1.450980392156862586e-01 8.298107623961966439e+00
1.490196078431372528e-01 7.839039186806842530e+00
1.529411764705882470e-01 7.141230942383303137e+00
1.568627450980392135e-01 6.548938795415465641e+00
1.607843137254901800e-01 6.132928420170684625e+00
1.647058823529411742e-01 5.404296413588766335e+00
1.686274509803921684e-01 7.394352815310675453e+00
1.725490196078431349e-01 6.051507068788163579e+00
1.764705882352941013e-01 5.990864433972715730e+00
1.803921568627450955e-01 6.273534444140951294e+00
1.843137254901960898e-01 8.147377151797126515e+00
1.882352941176470562e-01 7.182896924751949186e+00
1.921568627450980227e-01 5.886723499276935279e+00
1.960784313725490169e-01 6.398847767878715231e+00
2.000000000000000111e-01 6.103433770804695513e+00
2.039215686274509776e-01 8.675966483785026995e+00
2.078431372549019440e-01 8.429920476396537410e+00
2.117647058823529382e-01 5.062435291034402596e+00
2.156862745098039325e-01 8.296506654612251452e+00
2.196078431372548989e-01 7.437034501270658460e+00
2.235294117647058654e-01 6.630523054251011850e+00
2.274509803921568596e-01 6.625663002179543959e+00
2.313725490196078538e-01 5.525325206237884146e+00
2.352941176470588203e-01 6.523023842298843356e+00
2.392156862745097867e-01 6.226303097074055160e+00
2.431372549019607809e-01 5.882274977012896144e+00
2.470588235294117752e-01 4.162301805607276250e+00
2.509803921568627416e-01 6.815689886331887770e+00
2.549019607843137081e-01 7.483509187714808775e+00
2.588235294117646745e-01 7.271565162839044305e+00
2.627450980392156965e-01 6.157924636349464187e+00
2.666666666666666630e-01 6.586824286431036235e+00
2.705882352941176294e-01 7.772232412253543110e+00
2.745098039215686514e-01 6.285157005656198947e+00
2.784313725490196179e-01 7.109524839667139773e+00
2.823529411764705843e-01 6.799072327313862019e+00
2.862745098039215508e-01 8.071380658242082617e+00
2.901960784313725172e-01 7.608805811779586037e+00
2.941176470588235392e-01 6.667945251429891584e+00
2.980392156862745057e-01 4.693900235427040712e+00
3.019607843137254721e-01 7.231117274321447574e+00
3.058823529411764941e-01 5.565185059627205888e+00
3.098039215686274606e-01 7.281644116344693884e+00
3.137254901960784270e-01 6.917844342093204091e+00
3.176470588235293935e-01 4.749380754399846083e+00
3.215686274509803599e-01 7.043854754318686240e+00
3.254901960784313819e-01 5.217608285045916006e+00
3.294117647058823484e-01 7.245112554797056958e+00
3.333333333333333148e-01 5.622835664179991255e+00
3.372549019607843368e-01 6.439185532363576492e+00
3.411764705882353033e-01 7.058101618112716302e+00
3.450980392156862697e-01 6.388104461457282390e+00
3.490196078431372362e-01 7.142972029447826721e+00
3.529411764705882026e-01 4.414838847646024078e+00
3.568627450980392246e-01 9.379953763865442440e+00
3.607843137254901911e-01 6.699750193526976538e+00
3.647058823529411575e-01 7.333387984405407956e+00
3.686274509803921795e-01 7.598068742862416514e+00
3.725490196078431460e-01 7.479560838537486767e+00
3.764705882352941124e-01 5.933435266780542783e+00
3.803921568627450789e-01 6.087723553812962152e+00
3.843137254901960453e-01 6.904162918098379897e+00
3.882352941176470673e-01 6.811564015790938953e+00
3.921568627450980338e-01 6.561940921830482054e+00
3.960784313725490002e-01 7.219718205636919350e+00
4.000000000000000222e-01 7.462991252364759909e+00
4.039215686274509887e-01 6.991261185536150613e+00
4.078431372549019551e-01 5.620703039457146666e+00
4.117647058823529216e-01 5.425110783386972280e+00
4.156862745098038880e-01 5.626990681050507703e+00
4.196078431372549100e-01 6.641145098825490756e+00
4.235294117647058765e-01 6.691575895235298610e+00
4.274509803921568429e-01 5.989692555969602594e+00
4.313725490196078649e-01 6.751177454026814573e+00
4.352941176470588314e-01 5.850797178598547532e+00
4.392156862745097978e-01 7.084437725158769794e+00
4.431372549019607643e-01 7.747502820448148420e+00
4.470588235294117307e-01 7.769735365090042478e+00
4.509803921568627527e-01 7.230251865896225816e+00
4.549019607843137192e-01 4.062990529882412716e+00
4.588235294117646856e-01 7.147554460870278348e+00
4.627450980392157076e-01 6.486510537566185342e+00
4.666666666666666741e-01 6.096595186826625046e+00
4.705882352941176405e-01 6.133635709753400889e+00
4.745098039215686070e-01 6.367132841954936673e+00
4.784313725490195734e-01 6.684995768785590542e+00
4.823529411764705954e-01 6.369823408603887849e+00
4.862745098039215619e-01 4.356853569869575615e+00
4.901960784313725283e-01 5.408982853116203415e+00
4.941176470588235503e-01 5.976807619139396621e+00
4.980392156862745168e-01 6.181899543718072820e+00
5.019607843137254832e-01 7.030852204291353047e+00
5.058823529411764497e-01 6.953843182163924830e+00
5.098039215686274161e-01 5.912497370371172956e+00
5.137254901960783826e-01 6.204586968360231936e+00
5.176470588235293491e-01 6.527245738364271688e+00
5.215686274509804266e-01 4.867484965524703000e+00
5.254901960784313930e-01 7.004500426503050825e+00
5.294117647058823595e-01 5.886086855015347119e+00
5.333333333333333259e-01 6.696311675054407608e+00
5.372549019607842924e-01 7.284783498674499924e+00
5.411764705882352589e-01 5.691486561911584197e+00
5.450980392156862253e-01 6.728590890517902601e+00
5.490196078431373028e-01 6.836164487901504216e+00
5.529411764705882693e-01 6.446261540747544316e+00
5.568627450980392357e-01 8.334758085362128810e+00
5.607843137254902022e-01 5.426323007274316268e+00
5.647058823529411686e-01 5.008766759981768679e+00
5.686274509803921351e-01 7.139089646740531592e+00
5.725490196078431016e-01 6.255970558533988424e+00
5.764705882352940680e-01 5.457102228822395595e+00
5.803921568627450345e-01 5.743867928926775335e+00
5.843137254901961120e-01 6.936117456292150152e+00
5.882352941176470784e-01 5.857406742700858260e+00
5.921568627450980449e-01 5.533428881179571768e+00
5.960784313725490113e-01 5.320846730213903975e+00
5.999999999999999778e-01 5.706544751970689333e+00
6.039215686274509443e-01 5.162499928029725460e+00
6.078431372549019107e-01 5.460280738050503402e+00
6.117647058823529882e-01 5.654789734845976135e+00
6.156862745098039547e-01 4.687628880415410038e+00
6.196078431372549211e-01 6.159332961990751087e+00
6.235294117647058876e-01 5.697700091453038240e+00
6.274509803921568540e-01 6.829718198570913223e+00
6.313725490196078205e-01 7.031353606558656821e+00
6.352941176470587870e-01 4.086825421673803582e+00
6.392156862745097534e-01 3.379824139920932780e+00
6.431372549019607199e-01 4.163698352769253930e+00
6.470588235294117974e-01 7.194550340723981030e+00
6.509803921568627638e-01 4.973356184466445562e+00
6.549019607843137303e-01 5.638745307056913347e+00
6.588235294117646967e-01 4.461688470499069581e+00
6.627450980392156632e-01 3.364910191148749785e+00
6.666666666666666297e-01 4.000745578051867923e+00
6.705882352941175961e-01 5.410661944824425085e+00
6.745098039215686736e-01 5.351276639721880279e+00
6.784313725490196401e-01 5.614507683336549704e+00
6.823529411764706065e-01 4.588645812066236118e+00
6.862745098039215730e-01 5.046001813527345448e+00
6.901960784313725394e-01 4.582865920531733472e+00
6.941176470588235059e-01 4.346052922606594038e+00
6.980392156862744724e-01 4.601505402654637145e+00
7.019607843137254388e-01 4.702069042300861312e+00
7.058823529411764053e-01 6.587589139359968371e+00
7.098039215686274828e-01 2.806691670571315189e+00
7.137254901960784492e-01 3.188755351290149420e+00
7.176470588235294157e-01 4.634613317489991502e+00
7.215686274509803821e-01 3.873105032381559454e+00
7.254901960784313486e-01 3.874782003236311390e+00
7.294117647058823151e-01 5.307451532863091792e+00
7.333333333333332815e-01 8.001981550072830629e+00
7.372549019607843590e-01 4.664392715285879731e+00
7.411764705882353255e-01 4.321990635246504731e+00
7.450980392156862919e-01 4.421496966474551371e+00
7.490196078431372584e-01 6.325360163687692605e+00
7.529411764705882248e-01 4.895951133229522689e+00
7.568627450980391913e-01 4.437754552356199866e+00
7.607843137254901578e-01 3.862667366628617316e+00
7.647058823529411242e-01 3.866276502048432206e+00
7.686274509803920907e-01 5.912029311010761568e+00
7.725490196078431682e-01 5.478433401479850140e+00
7.764705882352941346e-01 4.071265973364537771e+00
7.803921568627451011e-01 5.722887476148558861e+00
7.843137254901960675e-01 5.813350869344683147e+00
7.882352941176470340e-01 4.473448258206402350e+00
7.921568627450980005e-01 4.028128134746131295e+00
7.960784313725489669e-01 3.351644333198636083e+00
8.000000000000000444e-01 3.909374123718950322e+00
8.039215686274510109e-01 3.930842082633178247e+00
8.078431372549019773e-01 4.934827154751342704e+00
8.117647058823529438e-01 5.564435142726537720e+00
8.156862745098039102e-01 3.403642183997416026e+00
8.196078431372548767e-01 4.761744004858623036e+00
8.235294117647058432e-01 2.973994899138982628e+00
8.274509803921568096e-01 5.349942807681531853e+00
8.313725490196077761e-01 4.001041867249734096e+00
8.352941176470588536e-01 5.078759595290168072e+00
8.392156862745098200e-01 4.319513300088392960e+00
8.431372549019607865e-01 4.588745282018853011e+00
8.470588235294117530e-01 3.393015321601196455e+00
8.509803921568627194e-01 3.465039222052922696e+00
8.549019607843136859e-01 5.249059734189444271e+00
8.588235294117646523e-01 4.156948385536409774e+00
8.627450980392157298e-01 3.786682349022501448e+00
8.666666666666666963e-01 4.733765003320693943e+00
8.705882352941176627e-01 3.568459810774997187e+00
8.745098039215686292e-01 4.929992668469746597e+00
8.784313725490195957e-01 4.482013430853862168e+00
8.823529411764705621e-01 3.376919983424137683e+00
8.862745098039215286e-01 4.287865845940807219e+00
8.901960784313724950e-01 3.405195275638086994e+00
8.941176470588234615e-01 4.553386306840237374e+00
8.980392156862745390e-01 3.688993092534985863e+00
9.019607843137255054e-01 4.604152139198561144e+00
9.058823529411764719e-01 5.353975560855022131e+00
9.098039215686274384e-01 4.509540865096436590e+00
9.137254901960784048e-01 3.357511888455159799e+00
9.176470588235293713e-01 2.436677472783381759e+00
9.215686274509803377e-01 2.465603853421333369e+00
9.254901960784314152e-01 3.711939402907540320e+00
9.294117647058823817e-01 5.893448698519481610e+00
9.333333333333333481e-01 4.586384796107557449e+00
9.372549019607843146e-01 3.681871484672949446e+00
9.411764705882352811e-01 4.093103043899760429e+00
9.450980392156862475e-01 4.543277963002473996e+00
9.490196078431372140e-01 3.641204411968656185e+00
9.529411764705881804e-01 3.575270267619647058e+00
9.568627450980391469e-01 6.539015181118287501e+00
9.607843137254902244e-01 3.815046488203939656e+00
9.647058823529411908e-01 6.113482135616172819e+00
9.686274509803921573e-01 3.633111003801946737e+00
9.725490196078431238e-01 6.565423466290595478e+00
9.764705882352940902e-01 4.149076637761005770e+00
9.803921568627450567e-01 3.694284409176869843e+00
9.843137254901960231e-01 6.439710355961463684e+00
9.882352941176471006e-01 4.482960344026732713e+00
9.921568627450980671e-01 6.278745464727577996e+00
9.960784313725490335e-01 5.452061716356248589e+00
1.000000000000000000e+00 5.091522441435715862e+00
