0.000000000000000000e+00 3.627864422899719443e+00
3.921568627450980338e-03 4.845654701715174539e+00
7.843137254901960675e-03 3.686456868731847969e+00
1.176470588235294101e-02 4.241779213782133517e+00
1.568627450980392135e-02 3.950431873412368677e+00
1.960784313725490169e-02 3.833924807213476615e+00
2.352941176470588203e-02 2.380809807872873662e+00
2.745098039215686236e-02 2.856951022733476897e+00
3.137254901960784270e-02 2.829969120947555261e+00
3.529411764705882304e-02 3.723423917624427926e+00
3.921568627450980338e-02 3.914426439665667612e+00
4.313725490196078372e-02 2.247333110664955225e+00
4.705882352941176405e-02 2.843436707346858938e+00
5.098039215686274439e-02 2.472812787044701199e+00
5.490196078431372473e-02 3.682257696992247364e+00
5.882352941176470507e-02 3.413771421027538722e+00
6.274509803921568540e-02 1.356439264207518036e+00
6.666666666666666574e-02 1.961091609158497118e+00
7.058823529411764608e-02 2.791110412395435336e+00
7.450980392156862642e-02 3.575256756631558730e+00
7.843137254901960675e-02 5.232793146135537476e+00
8.235294117647058709e-02 1.588373280250364505e+00
8.627450980392156743e-02 2.830744680256888746e+00
9.019607843137254777e-02 4.200524037241626374e+00
9.411764705882352811e-02 2.739751434524883678e+00
9.803921568627450844e-02 4.266237032074629454e+00
1.019607843137254888e-01 2.082803976369902443e+00
1.058823529411764691e-01 1.766391517349414686e+00
1.098039215686274495e-01 4.076248763058797131e+00
1.137254901960784298e-01 3.152166145011384035e+00
1.176470588235294101e-01 3.512863055471136864e+00
1.215686274509803905e-01 2.442363409424660681e+00
1.254901960784313708e-01 4.900329729341757812e+00
1.294117647058823373e-01 3.544224684818730875e+00
1.333333333333333315e-01 3.129633987457064670e+00
1.372549019607843257e-01 4.156047190218219001e+00
1.411764705882352922e-01 3.749608643569268818e+00
1.450980392156862586e-01 3.000163957426362327e+00
1.490196078431372528e-01 3.441196039919751648e+00
1.529411764705882470e-01 3.276752593454634432e+00
1.568627450980392135e-01 4.123905175475290896e+00
1.607843137254901800e-01 2.382445214618759799e+00
1.647058823529411742e-01 4.339748879178295660e+00
1.686274509803921684e-01 3.295507087920647393e+00
1.725490196078431349e-01 4.110326604758902214e+00
1.764705882352941013e-01 2.999947536457310715e+00
1.803921568627450955e-01 5.560214675208471569e+00
1.843137254901960898e-01 4.771247001270717547e+00
1.882352941176470562e-01 4.735638313482061434e+00
1.921568627450980227e-01 2.932913543693528524e+00
1.960784313725490169e-01 3.271373836148697922e+00
2.000000000000000111e-01 4.662561758950819701e+00
2.039215686274509776e-01 3.780746334455187263e+00
2.078431372549019440e-01 6.043704556122924565e+00
2.117647058823529382e-01 4.241894060148458934e+00
2.156862745098039325e-01 2.446854954201711951e+00
2.196078431372548989e-01 4.829968100566828682e+00
2.235294117647058654e-01 4.017996679497492174e+00
2.274509803921568596e-01 3.900900862446808226e+00
2.313725490196078538e-01 4.108794693625679173e+00
2.352941176470588203e-01 4.130417404910740053e+00
2.392156862745097867e-01 5.844247643349261168e+00
2.431372549019607809e-01 5.855090455410008943e+00
2.470588235294117752e-01 4.914480209441252967e+00
2.509803921568627416e-01 3.378247499352220018e+00
2.549019607843137081e-01 6.540661466009018099e+00
2.588235294117646745e-01 4.552760872008177806e+00
2.627450980392156965e-01 5.760154031038511313e+00
2.666666666666666630e-01 4.485921082049812547e+00
2.705882352941176294e-01 4.731132762004427228e+00
2.745098039215686514e-01 5.107991005377805038e+00
2.784313725490196179e-01 4.042286645419726376e+00
2.823529411764705843e-01 4.716442121663232179e+00
2.862745098039215508e-01 5.792022417130051615e+00
2.901960784313725172e-01 5.241439083607056126e+00
2.941176470588235392e-01 6.570655896514221439e+00
2.980392156862745057e-01 7.384143258371793195e+00
3.019607843137254721e-01 5.118257250206285747e+00
3.058823529411764941e-01 4.194665159151425904e+00
3.098039215686274606e-01 4.802144949590221756e+00
3.137254901960784270e-01 7.111723083221275665e+00
3.176470588235293935e-01 4.548843421303197410e+00
3.215686274509803599e-01 5.204264954988172320e+00
3.254901960784313819e-01 4.788112932900491892e+00
3.294117647058823484e-01 5.996278686928508961e+00
3.333333333333333148e-01 6.064005404065470728e+00
3.372549019607843368e-01 4.960751557836550418e+00
3.411764705882353033e-01 6.750183807822733861e+00
3.450980392156862697e-01 7.131253725050826553e+00
3.490196078431372362e-01 5.612349308262047920e+00
3.529411764705882026e-01 5.276161541639793562e+00
3.568627450980392246e-01 5.520979567134978616e+00
3.607843137254901911e-01 6.138806066634309389e+00
3.647058823529411575e-01 7.866726492690109929e+00
3.686274509803921795e-01 5.418288637253917628e+00
3.725490196078431460e-01 5.277444600574165534e+00
3.764705882352941124e-01 5.757840777255837317e+00
3.803921568627450789e-01 5.272436420426038772e+00
3.843137254901960453e-01 6.655312926242739735e+00
3.882352941176470673e-01 6.491477948504225104e+00
3.921568627450980338e-01 5.961107446602995630e+00
3.960784313725490002e-01 5.539579525995897313e+00
4.000000000000000222e-01 7.297503593572473690e+00
4.039215686274509887e-01 6.518991785176532439e+00
4.078431372549019551e-01 6.229719951630954711e+00
4.117647058823529216e-01 6.690821021297475468e+00
4.156862745098038880e-01 5.738441277563228304e+00
4.196078431372549100e-01 6.934443177866075558e+00
4.235294117647058765e-01 7.718283146313979159e+00
4.274509803921568429e-01 5.208795456755195730e+00
4.313725490196078649e-01 6.054210384307915582e+00
4.352941176470588314e-01 7.473075522528605852e+00
4.392156862745097978e-01 7.085993409008477073e+00
4.431372549019607643e-01 5.589263208924835524e+00
4.470588235294117307e-01 9.590867039712428266e+00
4.509803921568627527e-01 6.526536195740002988e+00
4.549019607843137192e-01 8.203702037359645871e+00
4.588235294117646856e-01 7.984299513055226782e+00
4.627450980392157076e-01 7.738322442362312259e+00
4.666666666666666741e-01 7.550160323630150216e+00
4.705882352941176405e-01 5.636984160105383168e+00
4.745098039215686070e-01 9.082841435190113444e+00
4.784313725490195734e-01 7.573751694980580318e+00
4.823529411764705954e-01 9.540189428371419922e+00
4.862745098039215619e-01 8.102281558804749650e+00
4.901960784313725283e-01 7.882871076463731086e+00
4.941176470588235503e-01 6.935151902882442876e+00
4.980392156862745168e-01 8.931880422873213377e+00
5.019607843137254832e-01 7.271031066529659803e+00
5.058823529411764497e-01 6.519001168123634393e+00
5.098039215686274161e-01 9.341163667630233647e+00
5.137254901960783826e-01 8.270731124910229326e+00
5.176470588235293491e-01 1.011062124862226597e+01
5.215686274509804266e-01 9.276823208810061061e+00
5.254901960784313930e-01 7.957410181929035708e+00
5.294117647058823595e-01 7.944855146070014307e+00
5.333333333333333259e-01 9.916503087114886483e+00
5.372549019607842924e-01 7.297325497822794382e+00
5.411764705882352589e-01 8.899344715343366019e+00
5.450980392156862253e-01 8.885852435201099908e+00
5.490196078431373028e-01 7.463771817793384500e+00
5.529411764705882693e-01 9.309014017427671206e+00
5.568627450980392357e-01 1.067408286351801117e+01
5.607843137254902022e-01 8.109555980022486565e+00
5.647058823529411686e-01 1.010841848544261268e+01
5.686274509803921351e-01 8.495780853521631926e+00
5.725490196078431016e-01 1.005353885337590114e+01
5.764705882352940680e-01 9.835472309159527526e+00
5.803921568627450345e-01 7.658185754919309751e+00
5.843137254901961120e-01 9.278105957635013112e+00
5.882352941176470784e-01 7.810546369214058871e+00
5.921568627450980449e-01 8.454806516088227752e+00
5.960784313725490113e-01 7.220158235196153740e+00
5.999999999999999778e-01 8.769778176808483039e+00
6.039215686274509443e-01 8.812896230584616575e+00
6.078431372549019107e-01 9.729492232606345326e+00
6.117647058823529882e-01 8.606374966148116812e+00
6.156862745098039547e-01 9.444603233475794113e+00
6.196078431372549211e-01 7.839303500290238702e+00
6.235294117647058876e-01 9.111054350026543958e+00
6.274509803921568540e-01 7.968118151433145613e+00
6.313725490196078205e-01 9.071454901608886345e+00
6.352941176470587870e-01 9.538374075971125521e+00
6.392156862745097534e-01 9.683611648956462759e+00
6.431372549019607199e-01 7.771861776480337269e+00
6.470588235294117974e-01 8.757104806033241928e+00
6.509803921568627638e-01 8.363468743077845602e+00
6.549019607843137303e-01 9.307645963254360666e+00
6.588235294117646967e-01 9.785460538810138331e+00
6.627450980392156632e-01 9.984753520934976478e+00
6.666666666666666297e-01 1.124638764341338515e+01
6.705882352941175961e-01 8.503454290569120388e+00
6.745098039215686736e-01 9.894251937874885883e+00
6.784313725490196401e-01 9.825992271697652214e+00
6.823529411764706065e-01 1.066676562847457888e+01
6.862745098039215730e-01 1.084657212437118012e+01
6.901960784313725394e-01 8.820776314219026304e+00
6.941176470588235059e-01 8.042567574536201747e+00
6.980392156862744724e-01 1.115010628719472052e+01
7.019607843137254388e-01 8.505923600825255448e+00
7.058823529411764053e-01 8.869590723821561440e+00
7.098039215686274828e-01 1.030766418964755005e+01
7.137254901960784492e-01 9.589553124938950290e+00
7.176470588235294157e-01 9.128835275798182991e+00
7.215686274509803821e-01 8.748064970816310293e+00
7.254901960784313486e-01 1.056590319814242207e+01
7.294117647058823151e-01 9.434119929881525479e+00
7.333333333333332815e-01 8.023652697252934729e+00
7.372549019607843590e-01 9.012888677222376188e+00
7.411764705882353255e-01 1.021807580600593290e+01
7.450980392156862919e-01 1.012692096995040814e+01
7.490196078431372584e-01 1.076767250302888179e+01
7.529411764705882248e-01 9.570464636703462702e+00
7.568627450980391913e-01 1.071817297266991709e+01
7.607843137254901578e-01 9.700469654336963288e+00
7.647058823529411242e-01 9.794830319392588081e+00
7.686274509803920907e-01 8.752987910513324366e+00
7.725490196078431682e-01 1.006886730268731078e+01
7.764705882352941346e-01 9.790668426933475388e+00
7.803921568627451011e-01 9.286930058633130258e+00
7.843137254901960675e-01 1.200149231882696022e+01
7.882352941176470340e-01 9.351923387757288708e+00
7.921568627450980005e-01 1.043430592050139083e+01
7.960784313725489669e-01 1.017539256494089450e+01
8.000000000000000444e-01 8.961342524391220365e+00
8.039215686274510109e-01 8.717499832000715543e+00
8.078431372549019773e-01 9.959354098516721265e+00
8.117647058823529438e-01 8.713966167657174466e+00
8.156862745098039102e-01 9.992225121714566782e+00
8.196078431372548767e-01 8.958590250114159659e+00
8.235294117647058432e-01 7.805995732601081372e+00
8.274509803921568096e-01 9.711284910339941234e+00
8.313725490196077761e-01 7.972784943897210042e+00
8.352941176470588536e-01 1.035438282826583745e+01
8.392156862745098200e-01 7.535988113350494899e+00
8.431372549019607865e-01 1.093932212447865915e+01
8.470588235294117530e-01 7.411230571925748301e+00
8.509803921568627194e-01 8.569226422106170915e+00
8.549019607843136859e-01 9.310378125170275965e+00
8.588235294117646523e-01 8.483989335527816422e+00
8.627450980392157298e-01 8.543454421846236713e+00
8.666666666666666963e-01 9.912679277379577769e+00
8.705882352941176627e-01 9.238208561237492233e+00
8.745098039215686292e-01 9.235226539633512033e+00
8.784313725490195957e-01 9.542770461395697623e+00
8.823529411764705621e-01 8.592022078668254181e+00
8.862745098039215286e-01 7.814079377688218031e+00
8.901960784313724950e-01 9.440546058666759777e+00
8.941176470588234615e-01 7.594939247337356036e+00
8.980392156862745390e-01 1.039320288690137772e+01
9.019607843137255054e-01 1.061025228647434027e+01
9.058823529411764719e-01 1.016457043852278197e+01
9.098039215686274384e-01 7.780982699267101843e+00
9.137254901960784048e-01 6.680184785059094743e+00
9.176470588235293713e-01 9.279216121162480846e+00
9.215686274509803377e-01 1.003143998460586239e+01
9.254901960784314152e-01 8.745875616971993338e+00
9.294117647058823817e-01 7.742635510665449416e+00
9.333333333333333481e-01 8.398474415209109978e+00
9.372549019607843146e-01 8.312130744991408804e+00
9.411764705882352811e-01 9.363475869686588737e+00
9.450980392156862475e-01 7.679661886560113615e+00
9.490196078431372140e-01 7.680277805684818659e+00
9.529411764705881804e-01 7.185286011080887825e+00
9.568627450980391469e-01 9.384168437950059172e+00
9.607843137254902244e-01 7.577117096248015216e+00
9.647058823529411908e-01 7.972831798832966221e+00
9.686274509803921573e-01 6.479317244213229188e+00
9.725490196078431238e-01 8.008684823241642547e+00
9.764705882352940902e-01 6.904811431030624114e+00
9.803921568627450567e-01 8.630290479532879644e+00
9.843137254901960231e-01 5.634449567897654276e+00
9.882352941176471006e-01 6.985941606543772942e+00
9.921568627450980671e-01 7.865600719791427053e+00
9.960784313725490335e-01 7.385419289020209277e+00
1.000000000000000000e+00 5.793369530016927449e+00
