0.000000000000000000e+00 2.285563588846511784e+00
3.921568627450980338e-03 3.225954284156027807e+00
7.843137254901960675e-03 4.740638814098434572e+00
1.176470588235294101e-02 2.586742109871588369e+00
1.568627450980392135e-02 1.745500682783870605e+00
1.960784313725490169e-02 2.081456952093207580e+00
2.352941176470588203e-02 2.591864560471842438e+00
2.745098039215686236e-02 2.776503565725454425e+00
3.137254901960784270e-02 2.533535716744647726e+00
3.529411764705882304e-02 3.634486017719586570e+00
3.921568627450980338e-02 2.524794186670272556e+00
4.313725490196078372e-02 3.033012193713770621e+00
4.705882352941176405e-02 2.654317073924877590e+00
5.098039215686274439e-02 -3.712202447762726898e-01
5.490196078431372473e-02 2.277867783773678934e+00
5.882352941176470507e-02 6.178162258658503880e-01
6.274509803921568540e-02 2.931770559294788470e+00
6.666666666666666574e-02 2.482757343123269678e+00
7.058823529411764608e-02 1.865624844099040835e+00
7.450980392156862642e-02 9.924769569473079756e-02
7.843137254901960675e-02 2.059485870398080731e+00
8.235294117647058709e-02 3.532035358550777104e+00
8.627450980392156743e-02 3.238280854612993753e+00
9.019607843137254777e-02 2.633586381838778578e+00
9.411764705882352811e-02 1.828471293720550728e+00
9.803921568627450844e-02 1.891516947367578583e+00
1.019607843137254888e-01 1.974678852290917330e+00
1.058823529411764691e-01 2.681132171530631769e+00
1.098039215686274495e-01 1.161633759925227771e+00
1.137254901960784298e-01 3.501454142671949654e+00
1.176470588235294101e-01 2.903712576726804606e+00
1.215686274509803905e-01 3.203331760584263943e+00
1.254901960784313708e-01 2.317918628131887981e+00
1.294117647058823373e-01 3.651241573463710921e+00
1.333333333333333315e-01 2.971822327624172644e+00
1.372549019607843257e-01 4.324171033378028106e+00
1.411764705882352922e-01 2.323856194022168697e+00
1.450980392156862586e-01 4.039360011886002688e+00
1.490196078431372528e-01 2.926499385273364506e+00
1.529411764705882470e-01 2.022700768725639087e+00
1.568627450980392135e-01 2.530492084105180783e+00
1.607843137254901800e-01 2.433697188802334210e+00
1.647058823529411742e-01 4.441003199899977716e+00
1.686274509803921684e-01 3.216893560666392649e+00
1.725490196078431349e-01 2.679216630348830286e+00
1.764705882352941013e-01 3.307702026453789301e+00
1.803921568627450955e-01 3.057917008471973563e+00
1.843137254901960898e-01 4.520503202495169681e-01
1.882352941176470562e-01 3.779233117627134320e+00
1.921568627450980227e-01 4.055497035807151818e+00
1.960784313725490169e-01 3.181827552602225495e+00
2.000000000000000111e-01 3.759556412660158387e+00
2.039215686274509776e-01 3.785998726602480602e+00
2.078431372549019440e-01 3.183527556902268074e+00
2.117647058823529382e-01 3.204400127068818716e+00
2.156862745098039325e-01 4.134429266666513669e+00
2.196078431372548989e-01 3.084298947862067486e+00
2.235294117647058654e-01 3.331703256528487422e+00
2.274509803921568596e-01 4.854472528798972952e+00
2.313725490196078538e-01 4.405393322602712658e+00
2.352941176470588203e-01 4.835055319396340145e+00
2.392156862745097867e-01 5.091910054001816732e+00
2.431372549019607809e-01 4.445977212832273651e+00
2.470588235294117752e-01 3.905063785189024639e+00
2.509803921568627416e-01 2.964533461270431047e+00
2.549019607843137081e-01 5.245406091146891825e+00
2.588235294117646745e-01 5.352816539367793780e+00
2.627450980392156965e-01 3.714513712896712949e+00
2.666666666666666630e-01 4.044420300423480441e+00
2.705882352941176294e-01 4.000744943175176260e+00
2.745098039215686514e-01 4.448308457016137751e+00
2.784313725490196179e-01 6.313075884455738418e+00
2.823529411764705843e-01 2.568803256421974268e+00
2.862745098039215508e-01 3.177627582987069488e+00
2.901960784313725172e-01 3.668001122223655042e+00
2.941176470588235392e-01 5.943322461601249884e+00
2.980392156862745057e-01 4.269243995616187171e+00
3.019607843137254721e-01 4.465347730952592187e+00
3.058823529411764941e-01 5.562275262179162461e+00
3.098039215686274606e-01 3.525501847393269550e+00
3.137254901960784270e-01 5.111425320537443362e+00
3.176470588235293935e-01 3.842554746411809496e+00
3.215686274509803599e-01 5.082006865800077655e+00
3.254901960784313819e-01 3.659843871023163331e+00
3.294117647058823484e-01 4.732126801718696818e+00
3.333333333333333148e-01 4.930514964195300998e+00
3.372549019607843368e-01 5.276576541898061912e+00
3.411764705882353033e-01 6.817762916328097944e+00
3.450980392156862697e-01 5.746616060949596871e+00
3.490196078431372362e-01 5.534573586208639817e+00
3.529411764705882026e-01 4.242566081371821340e+00
3.568627450980392246e-01 4.177220835062893656e+00
3.607843137254901911e-01 6.404420484015996173e+00
3.647058823529411575e-01 6.971820701751055616e+00
3.686274509803921795e-01 4.269732324296384718e+00
3.725490196078431460e-01 5.271427585048749975e+00
3.764705882352941124e-01 6.199606487231081431e+00
3.803921568627450789e-01 6.208124331170085775e+00
3.843137254901960453e-01 5.700820903363064573e+00
3.882352941176470673e-01 7.260890497074783845e+00
3.921568627450980338e-01 6.461159934820973838e+00
3.960784313725490002e-01 6.983905552483484769e+00
4.000000000000000222e-01 6.878683571881419212e+00
4.039215686274509887e-01 5.514981839700016764e+00
4.078431372549019551e-01 5.902481454573560882e+00
4.117647058823529216e-01 6.658302282011019813e+00
4.156862745098038880e-01 6.408494442425855198e+00
4.196078431372549100e-01 6.944742633224147532e+00
4.235294117647058765e-01 6.383540200360798167e+00
4.274509803921568429e-01 9.549994561786478542e+00
4.313725490196078649e-01 5.211754559847834756e+00
4.352941176470588314e-01 8.019550442113505540e+00
4.392156862745097978e-01 7.993017501597389440e+00
4.431372549019607643e-01 6.543854366900765385e+00
4.470588235294117307e-01 5.188657257887104635e+00
4.509803921568627527e-01 8.044268062564681188e+00
4.549019607843137192e-01 6.519013415325185967e+00
4.588235294117646856e-01 7.171731664936785933e+00
4.627450980392157076e-01 7.421137037322822039e+00
4.666666666666666741e-01 6.720730156371628183e+00
4.705882352941176405e-01 7.534199873373367495e+00
4.745098039215686070e-01 8.685136925014161235e+00
4.784313725490195734e-01 6.507608507546204457e+00
4.823529411764705954e-01 7.961356225276694509e+00
4.862745098039215619e-01 7.091942592361683673e+00
4.901960784313725283e-01 7.209737432665631829e+00
4.941176470588235503e-01 7.909679068549289482e+00
4.980392156862745168e-01 9.248327337856366626e+00
5.019607843137254832e-01 7.619626477832015965e+00
5.058823529411764497e-01 8.554619334610704229e+00
5.098039215686274161e-01 7.537134193035881502e+00
5.137254901960783826e-01 8.040720654473041407e+00
5.176470588235293491e-01 8.240363784880884168e+00
5.215686274509804266e-01 7.041154544332498766e+00
5.254901960784313930e-01 7.614865426058296194e+00
5.294117647058823595e-01 9.680755849130608937e+00
5.333333333333333259e-01 8.229082604679257784e+00
5.372549019607842924e-01 8.086174533616416582e+00
5.411764705882352589e-01 9.277679255315586460e+00
5.450980392156862253e-01 8.949879361018847845e+00
5.490196078431373028e-01 7.769384863028176547e+00
5.529411764705882693e-01 7.967836280823460626e+00
5.568627450980392357e-01 8.044934530732438915e+00
5.607843137254902022e-01 8.415672702415459838e+00
5.647058823529411686e-01 7.645289703506424672e+00
5.686274509803921351e-01 7.913710367047122496e+00
5.725490196078431016e-01 9.078024313031583858e+00
5.764705882352940680e-01 8.334429060701660674e+00
5.803921568627450345e-01 8.764520050968526377e+00
5.843137254901961120e-01 8.008342537509371084e+00
5.882352941176470784e-01 8.936832240855178355e+00
5.921568627450980449e-01 9.412745961387765092e+00
5.960784313725490113e-01 1.157811719594269206e+01
5.999999999999999778e-01 9.078408921308653845e+00
6.039215686274509443e-01 9.287370212530802860e+00
6.078431372549019107e-01 6.799569463583248208e+00
6.117647058823529882e-01 9.225281244231165800e+00
6.156862745098039547e-01 9.998121262204280768e+00
6.196078431372549211e-01 8.683699743422817363e+00
6.235294117647058876e-01 8.421591047453730994e+00
6.274509803921568540e-01 1.035784432268818556e+01
6.313725490196078205e-01 8.880809935278490386e+00
6.352941176470587870e-01 8.776673541042823601e+00
6.392156862745097534e-01 9.198204571199820379e+00
6.431372549019607199e-01 1.108874742179398609e+01
6.470588235294117974e-01 1.092621614171985378e+01
6.509803921568627638e-01 9.706763850559042339e+00
6.549019607843137303e-01 9.827471172758158957e+00
6.588235294117646967e-01 8.372512293160209396e+00
6.627450980392156632e-01 9.331492453005946430e+00
6.666666666666666297e-01 1.010199477253759248e+01
6.705882352941175961e-01 1.012542785699748649e+01
6.745098039215686736e-01 9.805997145073996890e+00
6.784313725490196401e-01 7.650332049999608586e+00
6.823529411764706065e-01 8.848322784390424189e+00
6.862745098039215730e-01 9.465778504663367343e+00
6.901960784313725394e-01 9.150662298692568086e+00
6.941176470588235059e-01 1.004834886071299316e+01
6.980392156862744724e-01 7.795954619231939553e+00
7.019607843137254388e-01 1.014266665543665447e+01
7.058823529411764053e-01 9.200317120726582587e+00
7.098039215686274828e-01 9.607096763215301038e+00
7.137254901960784492e-01 1.041453141109609959e+01
7.176470588235294157e-01 1.057121157976247439e+01
7.215686274509803821e-01 9.946697591913208569e+00
7.254901960784313486e-01 7.937764873093265727e+00
7.294117647058823151e-01 9.535481931030817648e+00
7.333333333333332815e-01 9.561948470092872299e+00
7.372549019607843590e-01 1.056282327237779306e+01
7.411764705882353255e-01 9.742212347888017376e+00
7.450980392156862919e-01 1.141627533633457681e+01
7.490196078431372584e-01 1.027656174336400419e+01
7.529411764705882248e-01 8.737966314116073718e+00
7.568627450980391913e-01 8.796637360814385076e+00
7.607843137254901578e-01 8.239217956051898994e+00
7.647058823529411242e-01 9.378434266685571785e+00
7.686274509803920907e-01 9.132480131927454892e+00
7.725490196078431682e-01 1.070017249656315173e+01
7.764705882352941346e-01 1.050790634094026288e+01
7.803921568627451011e-01 1.019552777650520881e+01
7.843137254901960675e-01 8.562830937142551946e+00
7.882352941176470340e-01 1.001201243147907860e+01
7.921568627450980005e-01 9.672194589741572202e+00
7.960784313725489669e-01 8.361771042599757564e+00
8.000000000000000444e-01 1.104382807927327370e+01
8.039215686274510109e-01 1.000318908311280630e+01
8.078431372549019773e-01 9.929014178233392940e+00
8.117647058823529438e-01 8.352534007921617487e+00
8.156862745098039102e-01 9.247394121113989840e+00
8.196078431372548767e-01 1.142884184527006930e+01
8.235294117647058432e-01 9.019792149486516308e+00
8.274509803921568096e-01 1.038940720469256185e+01
8.313725490196077761e-01 8.772060120092810109e+00
8.352941176470588536e-01 8.206207645063063438e+00
8.392156862745098200e-01 1.092154008118930797e+01
8.431372549019607865e-01 1.018660306761246837e+01
8.470588235294117530e-01 1.014169281762541530e+01
8.509803921568627194e-01 9.200446088295461067e+00
8.549019607843136859e-01 8.791586848004955712e+00
8.588235294117646523e-01 9.426081711073809544e+00
8.627450980392157298e-01 9.715609161774102276e+00
8.666666666666666963e-01 1.128362043047404129e+01
8.705882352941176627e-01 8.590015249335962721e+00
8.745098039215686292e-01 9.738374494728754271e+00
8.784313725490195957e-01 8.796410010232074583e+00
8.823529411764705621e-01 8.662945356492313564e+00
8.862745098039215286e-01 9.618028355908840865e+00
8.901960784313724950e-01 8.527182923772588907e+00
8.941176470588234615e-01 8.267994661773341747e+00
8.980392156862745390e-01 1.021382778190621998e+01
9.019607843137255054e-01 1.042327189829637568e+01
9.058823529411764719e-01 8.326833389704956900e+00
9.098039215686274384e-01 8.542938467173545547e+00
9.137254901960784048e-01 8.962820180590245656e+00
9.176470588235293713e-01 9.723209778399752423e+00
9.215686274509803377e-01 9.880507644951414647e+00
9.254901960784314152e-01 8.910756008058459798e+00
9.294117647058823817e-01 8.846890696145765176e+00
9.333333333333333481e-01 8.878782812358007703e+00
9.372549019607843146e-01 9.710088539817220976e+00
9.411764705882352811e-01 9.866447987103695638e+00
9.450980392156862475e-01 9.625116694383420324e+00
9.490196078431372140e-01 8.256314402505452676e+00
9.529411764705881804e-01 7.179526806526500771e+00
9.568627450980391469e-01 8.917704388921128711e+00
9.607843137254902244e-01 8.448825117670310192e+00
9.647058823529411908e-01 7.482849588858996981e+00
9.686274509803921573e-01 1.029608129622282497e+01
9.725490196078431238e-01 7.833041415537988605e+00
9.764705882352940902e-01 7.522226247863606829e+00
9.803921568627450567e-01 7.704110635070762214e+00
9.843137254901960231e-01 9.279142403361323233e+00
9.882352941176471006e-01 7.246463595494457621e+00
9.921568627450980671e-01 7.518567696808861278e+00
9.960784313725490335e-01 1.042320094656290408e+01
1.000000000000000000e+00 8.638736358530938020e+00
