0.000000000000000000e+00 3.446888670829071799e+00
3.921568627450980338e-03 3.378088755159808443e+00
7.843137254901960675e-03 2.782055638689989507e+00
1.176470588235294101e-02 6.024060068283073832e+00
1.568627450980392135e-02 5.418875234841015853e+00
1.960784313725490169e-02 4.635913508714898157e+00
2.352941176470588203e-02 4.152005052666875251e+00
2.745098039215686236e-02 5.910847989526267554e+00
3.137254901960784270e-02 4.923119662221213666e+00
3.529411764705882304e-02 3.225307431655172863e+00
3.921568627450980338e-02 3.067709569806270409e+00
4.313725490196078372e-02 4.939008422787664720e+00
4.705882352941176405e-02 4.386229850717138667e+00
5.098039215686274439e-02 2.953424991778881292e+00
5.490196078431372473e-02 3.676283273879533464e+00
5.882352941176470507e-02 4.847804815281353541e+00
6.274509803921568540e-02 2.569679380395690771e+00
6.666666666666666574e-02 5.589481292198258622e+00
7.058823529411764608e-02 4.823206519214262578e+00
7.450980392156862642e-02 3.405706229847572875e+00
7.843137254901960675e-02 1.727533343424904722e+00
8.235294117647058709e-02 5.275067631597835316e+00
8.627450980392156743e-02 2.463619219943380401e+00
9.019607843137254777e-02 3.049045066189866482e+00
9.411764705882352811e-02 3.630599187674270478e+00
9.803921568627450844e-02 1.705269326135556707e+00
1.019607843137254888e-01 3.640211083275800341e+00
1.058823529411764691e-01 2.309913888379321989e+00
1.098039215686274495e-01 4.479800666171255941e+00
1.137254901960784298e-01 5.358693210317410305e+00
1.176470588235294101e-01 5.127904031441890886e+00
1.215686274509803905e-01 4.397423333447257221e+00
1.254901960784313708e-01 3.554619796490649186e+00
1.294117647058823373e-01 3.978100182603643287e+00
1.333333333333333315e-01 2.664322428250198271e+00
1.372549019607843257e-01 2.051485701285188146e+00
1.411764705882352922e-01 2.677815109562687201e+00
1.450980392156862586e-01 4.439758601207335786e+00
1.490196078431372528e-01 3.119612760104815585e+00
1.529411764705882470e-01 4.169411782986227166e+00
1.568627450980392135e-01 4.000627553272645187e+00
1.607843137254901800e-01 3.157728106773435517e+00
1.647058823529411742e-01 3.636081203986057719e+00
1.686274509803921684e-01 3.772848528408569546e+00
1.725490196078431349e-01 4.247239024993836765e+00
1.764705882352941013e-01 2.296554907283672620e+00
1.803921568627450955e-01 3.516973779683523205e+00
1.843137254901960898e-01 1.671521584713245856e+00
1.882352941176470562e-01 4.342253251795096247e+00
1.921568627450980227e-01 2.507336331981100841e+00
1.960784313725490169e-01 3.118608112055921477e+00
2.000000000000000111e-01 4.268461388916867882e+00
2.039215686274509776e-01 2.894456196228550660e+00
2.078431372549019440e-01 3.466134736507354930e+00
2.117647058823529382e-01 4.179621051601736248e+00
2.156862745098039325e-01 3.642187857091134795e+00
2.196078431372548989e-01 4.000259268806095392e+00
2.235294117647058654e-01 1.180170966642585917e+00
2.274509803921568596e-01 2.840717271040774428e+00
2.313725490196078538e-01 3.953617102979516851e+00
2.352941176470588203e-01 3.354395048375199639e+00
2.392156862745097867e-01 2.878183584553064112e+00
2.431372549019607809e-01 3.734382179815782798e+00
2.470588235294117752e-01 2.885564317450441063e+00
2.509803921568627416e-01 3.898252549409805479e+00
2.549019607843137081e-01 5.712854547934441918e+00
2.588235294117646745e-01 4.994938006613945269e+00
2.627450980392156965e-01 2.772285229513007376e+00
2.666666666666666630e-01 3.531366800097386349e+00
2.705882352941176294e-01 5.410714845501560788e+00
2.745098039215686514e-01 3.396016113742274189e+00
2.784313725490196179e-01 4.285883079772167648e+00
2.823529411764705843e-01 5.625415209639172964e+00
2.862745098039215508e-01 3.801469035255003792e+00
2.901960784313725172e-01 3.638990199008386384e+00
2.941176470588235392e-01 3.146315493530646545e+00
2.980392156862745057e-01 2.510674734282261511e+00
3.019607843137254721e-01 2.159188455834289755e+00
3.058823529411764941e-01 4.366576407711667329e+00
3.098039215686274606e-01 5.680524643672697493e+00
3.137254901960784270e-01 4.027315949988413024e+00
3.176470588235293935e-01 4.447746388570568143e+00
3.215686274509803599e-01 3.056673545643667556e+00
3.254901960784313819e-01 4.858277928977841498e+00
3.294117647058823484e-01 3.961561544543118707e+00
3.333333333333333148e-01 4.036730734480708627e+00
3.372549019607843368e-01 3.421247606644224781e+00
3.411764705882353033e-01 5.250122562135338455e+00
3.450980392156862697e-01 4.816993938515758522e+00
3.490196078431372362e-01 4.054546186946621944e+00
3.529411764705882026e-01 2.688496306360811161e+00
3.568627450980392246e-01 3.002110509827966567e+00
3.607843137254901911e-01 6.089901709601418744e+00
3.647058823529411575e-01 6.458244253346954622e+00
3.686274509803921795e-01 3.267327099056077877e+00
3.725490196078431460e-01 5.422562578411005418e+00
3.764705882352941124e-01 3.137811248224731564e+00
3.803921568627450789e-01 5.911619206819831440e+00
3.843137254901960453e-01 4.493665072440421682e+00
3.882352941176470673e-01 7.431542060483131706e+00
3.921568627450980338e-01 4.636933958593002281e+00
3.960784313725490002e-01 3.403942264081745606e+00
4.000000000000000222e-01 2.569319911705785220e+00
4.039215686274509887e-01 4.990059482768721466e+00
4.078431372549019551e-01 5.602158160190144010e+00
4.117647058823529216e-01 4.179996931490060241e+00
4.156862745098038880e-01 5.486176805015215763e+00
4.196078431372549100e-01 3.942781449985849562e+00
4.235294117647058765e-01 4.459608502955313192e+00
4.274509803921568429e-01 5.776351556487519190e+00
4.313725490196078649e-01 5.919010495194584998e+00
4.352941176470588314e-01 5.258668910124586482e+00
4.392156862745097978e-01 5.025157609133475312e+00
4.431372549019607643e-01 4.978416765904884578e+00
4.470588235294117307e-01 2.922534478585536277e+00
4.509803921568627527e-01 4.142100647127792357e+00
4.549019607843137192e-01 3.609425834663628763e+00
4.588235294117646856e-01 4.264197548729060649e+00
4.627450980392157076e-01 3.677116081603469588e+00
4.666666666666666741e-01 5.936784118868422944e+00
4.705882352941176405e-01 4.506106272916085231e+00
4.745098039215686070e-01 4.255883681068112878e+00
4.784313725490195734e-01 5.766997556634729349e+00
4.823529411764705954e-01 5.204039429394713423e+00
4.862745098039215619e-01 5.978237436152837425e+00
4.901960784313725283e-01 6.187588746239460313e+00
4.941176470588235503e-01 3.098388399822192163e+00
4.980392156862745168e-01 4.702683577596572739e+00
5.019607843137254832e-01 6.362389936808858337e+00
5.058823529411764497e-01 4.185604212892178211e+00
5.098039215686274161e-01 5.751431328692955702e+00
5.137254901960783826e-01 5.002655671079337729e+00
5.176470588235293491e-01 3.995229989304629026e+00
5.215686274509804266e-01 5.548307004458633784e+00
5.254901960784313930e-01 5.034306320460751216e+00
5.294117647058823595e-01 2.643502920798007860e+00
5.333333333333333259e-01 4.948941652862732354e+00
5.372549019607842924e-01 4.281434134702153393e+00
5.411764705882352589e-01 3.525124495825338489e+00
5.450980392156862253e-01 5.117493251634655849e+00
5.490196078431373028e-01 4.494550780176039595e+00
5.529411764705882693e-01 4.065615917361800058e+00
5.568627450980392357e-01 3.668780686748135622e+00
5.607843137254902022e-01 6.875723276953861429e+00
5.647058823529411686e-01 5.672977461722845227e+00
5.686274509803921351e-01 4.465880610728946820e+00
5.725490196078431016e-01 4.811229764156114364e+00
5.764705882352940680e-01 5.470697563281791354e+00
5.803921568627450345e-01 5.990926694986933754e+00
5.843137254901961120e-01 4.023864912151851492e+00
5.882352941176470784e-01 4.807512830616089694e+00
5.921568627450980449e-01 3.629499297132927182e+00
5.960784313725490113e-01 3.958012980196593755e+00
5.999999999999999778e-01 4.228061175479997047e+00
6.039215686274509443e-01 5.178550763536300394e+00
6.078431372549019107e-01 4.889721480344104698e+00
6.117647058823529882e-01 4.636517819702564935e+00
6.156862745098039547e-01 4.683516297023894381e+00
6.196078431372549211e-01 5.205985666327426209e+00
6.235294117647058876e-01 5.438192015640921362e+00
6.274509803921568540e-01 5.120795991068533226e+00
6.313725490196078205e-01 3.920679726146520494e+00
6.352941176470587870e-01 3.503836556012410952e+00
6.392156862745097534e-01 4.440395813192975716e+00
6.431372549019607199e-01 4.797553943995191972e+00
6.470588235294117974e-01 3.236228476501756823e+00
6.509803921568627638e-01 3.261616749155752171e+00
6.549019607843137303e-01 5.662337738668817622e+00
6.588235294117646967e-01 5.508894652016646631e+00
6.627450980392156632e-01 2.713066630001742752e+00
6.666666666666666297e-01 5.257657558737400372e+00
6.705882352941175961e-01 4.270096384564475933e+00
6.745098039215686736e-01 4.960091904023612663e+00
6.784313725490196401e-01 4.872510129124870915e+00
6.823529411764706065e-01 4.533015197222970194e+00
6.862745098039215730e-01 4.428826821404479475e+00
6.901960784313725394e-01 5.993090779521987876e+00
6.941176470588235059e-01 3.601385294654076308e+00
6.980392156862744724e-01 4.537555694753164559e+00
7.019607843137254388e-01 5.706692784241424121e+00
7.058823529411764053e-01 5.352056424043232674e+00
7.098039215686274828e-01 5.776938142745010829e+00
7.137254901960784492e-01 3.915040764356749747e+00
7.176470588235294157e-01 5.520943278940085186e+00
7.215686274509803821e-01 5.503530190047572823e+00
7.254901960784313486e-01 3.873080935367312794e+00
7.294117647058823151e-01 3.816213129807321636e+00
7.333333333333332815e-01 5.051675121392710466e+00
7.372549019607843590e-01 4.876404682111699529e+00
7.411764705882353255e-01 5.826216038138923636e+00
7.450980392156862919e-01 4.296244132931654747e+00
7.490196078431372584e-01 4.605113512124760611e+00
7.529411764705882248e-01 3.379036324083741771e+00
7.568627450980391913e-01 4.113980163427015668e+00
7.607843137254901578e-01 5.085797490005210975e+00
7.647058823529411242e-01 5.262167962055445791e+00
7.686274509803920907e-01 4.525166237886430132e+00
7.725490196078431682e-01 3.588844249230457084e+00
7.764705882352941346e-01 2.018717998918005740e+00
7.803921568627451011e-01 5.232342736352709522e+00
7.843137254901960675e-01 2.700692890694187831e+00
7.882352941176470340e-01 4.568104566853254944e+00
7.921568627450980005e-01 6.201987279857381630e+00
7.960784313725489669e-01 5.594673406889359768e+00
8.000000000000000444e-01 3.722301558889896000e+00
8.039215686274510109e-01 2.469545457872136751e+00
8.078431372549019773e-01 4.425613554595329902e+00
8.117647058823529438e-01 3.547610857478780133e+00
8.156862745098039102e-01 4.159924191298618013e+00
8.196078431372548767e-01 1.686585592565593483e+00
8.235294117647058432e-01 3.791815727524973312e+00
8.274509803921568096e-01 3.175715955301305904e+00
8.313725490196077761e-01 3.914534887166429389e+00
8.352941176470588536e-01 3.539404320197285347e+00
8.392156862745098200e-01 3.413749026564658173e+00
8.431372549019607865e-01 3.149870134382130260e+00
8.470588235294117530e-01 3.838321333404185687e+00
8.509803921568627194e-01 4.345578189400353786e+00
8.549019607843136859e-01 1.875947188437963709e+00
8.588235294117646523e-01 6.615588421465896651e-01
8.627450980392157298e-01 3.606930324405743793e+00
8.666666666666666963e-01 2.778700878038256938e+00
8.705882352941176627e-01 3.526859102749615449e+00
8.745098039215686292e-01 4.497322525386247882e+00
8.784313725490195957e-01 5.521205030043107698e+00
8.823529411764705621e-01 2.839932264772841553e+00
8.862745098039215286e-01 1.978071537912838851e+00
8.901960784313724950e-01 4.527236225417032855e+00
8.941176470588234615e-01 3.964479691770532277e+00
8.980392156862745390e-01 2.275719183674890456e+00
9.019607843137255054e-01 3.919253943092312120e+00
9.058823529411764719e-01 3.099299241638385993e+00
9.098039215686274384e-01 4.248118729787556447e+00
9.137254901960784048e-01 3.768569655572992172e+00
9.176470588235293713e-01 3.097392236670813759e+00
9.215686274509803377e-01 1.848827597219186769e+00
9.254901960784314152e-01 3.037593513939703005e+00
9.294117647058823817e-01 4.087274335858316121e+00
9.333333333333333481e-01 2.570702952980462364e+00
9.372549019607843146e-01 2.504858904862415692e+00
9.411764705882352811e-01 2.984599152523382593e+00
9.450980392156862475e-01 2.118268001835989622e+00
9.490196078431372140e-01 2.313582881401719860e+00
9.529411764705881804e-01 1.826352201066191006e+00
9.568627450980391469e-01 3.354073787107920257e+00
9.607843137254902244e-01 2.882918939245080026e+00
9.647058823529411908e-01 2.426267092257128333e+00
9.686274509803921573e-01 4.145424253920421798e+00
9.725490196078431238e-01 3.860114851463091412e+00
9.764705882352940902e-01 1.775368035754817386e+00
9.803921568627450567e-01 2.968774630315474727e+00
9.843137254901960231e-01 3.416906881754966374e+00
9.882352941176471006e-01 2.842430757823902532e+00
9.921568627450980671e-01 2.739144056641154013e+00
9.960784313725490335e-01 2.957899544016156401e+00
1.000000000000000000e+00 1.882169410437398271e+00
