0.000000000000000000e+00 1.383743191359925184e+00
3.921568627450980338e-03 4.158078343671300914e-02
7.843137254901960675e-03 7.641281193949872597e-01
1.176470588235294101e-02 4.961463551809597305e-03
1.568627450980392135e-02 2.732501652293300332e+00
1.960784313725490169e-02 6.575585693936210063e-01
2.352941176470588203e-02 1.931552435584851235e+00
2.745098039215686236e-02 2.543733531963703776e+00
3.137254901960784270e-02 3.947139401044488238e+00
3.529411764705882304e-02 1.236421031073692500e+00
3.921568627450980338e-02 2.806722261525766093e+00
4.313725490196078372e-02 2.337495082077969411e+00
4.705882352941176405e-02 -1.785745105214763706e+00
5.098039215686274439e-02 2.300117315546915453e+00
5.490196078431372473e-02 1.357666373007493599e+00
5.882352941176470507e-02 2.300936698673771819e+00
6.274509803921568540e-02 2.518977541171569356e+00
6.666666666666666574e-02 1.798103693690301874e+00
7.058823529411764608e-02 2.714218713211599798e+00
7.450980392156862642e-02 2.269894960070776957e+00
7.843137254901960675e-02 1.828047055530517051e+00
8.235294117647058709e-02 4.685814938572572252e-01
8.627450980392156743e-02 1.932703004902325050e+00
9.019607843137254777e-02 2.105509023855419937e+00
9.411764705882352811e-02 2.619542144274717099e+00
9.803921568627450844e-02 3.536687113928839388e+00
1.019607843137254888e-01 4.069973806517281911e-01
1.058823529411764691e-01 3.095279253739004144e+00
1.098039215686274495e-01 3.345064387762262115e+00
1.137254901960784298e-01 2.865125007566155624e+00
1.176470588235294101e-01 2.325816764078016963e+00
1.215686274509803905e-01 3.231017351423712380e+00
1.254901960784313708e-01 2.148289716060498566e+00
1.294117647058823373e-01 1.984317262233698198e+00
1.333333333333333315e-01 4.108887590792916100e+00
1.372549019607843257e-01 1.722032116865393814e+00
1.411764705882352922e-01 4.325507742936095745e+00
1.450980392156862586e-01 2.320068153756086105e+00
1.490196078431372528e-01 2.573860988965323671e+00
1.529411764705882470e-01 2.778706569778417457e+00
1.568627450980392135e-01 3.407470806070729274e+00
1.607843137254901800e-01 2.625894052099246423e+00
1.647058823529411742e-01 3.381430959086210830e+00
1.686274509803921684e-01 2.502320592747776296e+00
1.725490196078431349e-01 1.867389102056893568e+00
1.764705882352941013e-01 2.465774961748977034e+00
1.803921568627450955e-01 4.000178326693567321e+00
1.843137254901960898e-01 2.726344646945818795e+00
1.882352941176470562e-01 4.028680755367029853e+00
1.921568627450980227e-01 3.450264831583804703e+00
1.960784313725490169e-01 3.674046612313193627e+00
2.000000000000000111e-01 3.477913941475537563e+00
2.039215686274509776e-01 4.003783856469292246e+00
2.078431372549019440e-01 4.745975789022896407e+00
2.117647058823529382e-01 3.671368953492561538e+00
2.156862745098039325e-01 3.394730858985036015e+00
2.196078431372548989e-01 2.178766859029701131e+00
2.235294117647058654e-01 4.162555009601531353e+00
2.274509803921568596e-01 3.624605133856933392e+00
2.313725490196078538e-01 4.213973481616706707e+00
2.352941176470588203e-01 2.771453193882526200e+00
2.392156862745097867e-01 3.839268898862556512e+00
2.431372549019607809e-01 3.580618393275790901e+00
2.470588235294117752e-01 3.886496831554131060e+00
2.509803921568627416e-01 4.452731012566938595e+00
2.549019607843137081e-01 4.190429912101703458e+00
2.588235294117646745e-01 3.862156831893259756e+00
2.627450980392156965e-01 4.230745386521025608e+00
2.666666666666666630e-01 3.607146366479387023e+00
2.705882352941176294e-01 2.110404273394545616e+00
2.745098039215686514e-01 3.866316417476584277e+00
2.784313725490196179e-01 5.092345629755934411e+00
2.823529411764705843e-01 4.540471367300008332e+00
2.862745098039215508e-01 3.525939066118904286e+00
2.901960784313725172e-01 5.041560448814982998e+00
2.941176470588235392e-01 4.308330361967734667e+00
2.980392156862745057e-01 5.391683108324194507e+00
3.019607843137254721e-01 5.321677970313412942e+00
3.058823529411764941e-01 4.019018436317212561e+00
3.098039215686274606e-01 5.354153054194105366e+00
3.137254901960784270e-01 5.426226148038943542e+00
3.176470588235293935e-01 3.177232054626278224e+00
3.215686274509803599e-01 6.361564618793591031e+00
3.254901960784313819e-01 4.767379209249226868e+00
3.294117647058823484e-01 4.641034148126279568e+00
3.333333333333333148e-01 7.002865158800724465e+00
3.372549019607843368e-01 4.584331757786089590e+00
3.411764705882353033e-01 5.335281622303912563e+00
3.450980392156862697e-01 5.902620226152174965e+00
3.490196078431372362e-01 3.748976746080435518e+00
3.529411764705882026e-01 6.403876363768008062e+00
3.568627450980392246e-01 4.947827596937973915e+00
3.607843137254901911e-01 6.426868517323987895e+00
3.647058823529411575e-01 5.446919830354324255e+00
3.686274509803921795e-01 4.724256742031323952e+00
3.725490196078431460e-01 3.808629437026238573e+00
3.764705882352941124e-01 5.303193382338036166e+00
3.803921568627450789e-01 5.285019149947265404e+00
3.843137254901960453e-01 6.577519907075036087e+00
3.882352941176470673e-01 3.919877966707017602e+00
3.921568627450980338e-01 4.433474958014538281e+00
3.960784313725490002e-01 6.537412310696134377e+00
4.000000000000000222e-01 3.671268678295250609e+00
4.039215686274509887e-01 5.998313699489767892e+00
4.078431372549019551e-01 7.483514695021742824e+00
4.117647058823529216e-01 5.628814209833811866e+00
4.156862745098038880e-01 4.111466308805873382e+00
4.196078431372549100e-01 3.864939253180501133e+00
4.235294117647058765e-01 6.003924612569909947e+00
4.274509803921568429e-01 5.820965078984313479e+00
4.313725490196078649e-01 5.659347413509547842e+00
4.352941176470588314e-01 6.338978814651874849e+00
4.392156862745097978e-01 7.454788506706502282e+00
4.431372549019607643e-01 7.155308236333012495e+00
4.470588235294117307e-01 6.158677212167392057e+00
4.509803921568627527e-01 3.627744208064301645e+00
4.549019607843137192e-01 5.804074182583387476e+00
4.588235294117646856e-01 4.677126867374798991e+00
4.627450980392157076e-01 5.852970838537330245e+00
4.666666666666666741e-01 5.200459426288292164e+00
4.705882352941176405e-01 5.289012504099622092e+00
4.745098039215686070e-01 3.868940536421063836e+00
4.784313725490195734e-01 6.988712246975181230e+00
4.823529411764705954e-01 9.070161401000977008e+00
4.862745098039215619e-01 6.362681619559465318e+00
4.901960784313725283e-01 5.910265458170556485e+00
4.941176470588235503e-01 6.029125835505364073e+00
4.980392156862745168e-01 5.583948261108213629e+00
5.019607843137254832e-01 7.624774821775004874e+00
5.058823529411764497e-01 5.925031597590365351e+00
5.098039215686274161e-01 6.899049335526980187e+00
5.137254901960783826e-01 6.552651204365488979e+00
5.176470588235293491e-01 5.826660030151862735e+00
5.215686274509804266e-01 5.825869332304278281e+00
5.254901960784313930e-01 5.690904623594049028e+00
5.294117647058823595e-01 6.357842380032061591e+00
5.333333333333333259e-01 6.358316336826018045e+00
5.372549019607842924e-01 4.679964539791528821e+00
5.411764705882352589e-01 6.953143059107410373e+00
5.450980392156862253e-01 6.981706953080173861e+00
5.490196078431373028e-01 6.532467706402239394e+00
5.529411764705882693e-01 4.501625326613282851e+00
5.568627450980392357e-01 7.603622518923979001e+00
5.607843137254902022e-01 5.190225941442943025e+00
5.647058823529411686e-01 6.469342984330870294e+00
5.686274509803921351e-01 4.781356449772991013e+00
5.725490196078431016e-01 6.816943642740682208e+00
5.764705882352940680e-01 6.429397068294268713e+00
5.803921568627450345e-01 6.545827593709377723e+00
5.843137254901961120e-01 5.554508631418235254e+00
5.882352941176470784e-01 6.338889648605493754e+00
5.921568627450980449e-01 6.723520860000100186e+00
5.960784313725490113e-01 6.233401526618176369e+00
5.999999999999999778e-01 7.013820302773563498e+00
6.039215686274509443e-01 6.413169449406929346e+00
6.078431372549019107e-01 5.964574899169041267e+00
6.117647058823529882e-01 6.044145783646424519e+00
6.156862745098039547e-01 5.521334621442555601e+00
6.196078431372549211e-01 5.873753684039178857e+00
6.235294117647058876e-01 6.008341947398569971e+00
6.274509803921568540e-01 4.457736561830907718e+00
6.313725490196078205e-01 5.880509666637317778e+00
6.352941176470587870e-01 7.732914079605656354e+00
6.392156862745097534e-01 6.394267875506738363e+00
6.431372549019607199e-01 6.164184145171176965e+00
6.470588235294117974e-01 6.556190166130626551e+00
6.509803921568627638e-01 8.373485848299807799e+00
6.549019607843137303e-01 5.473056489918496581e+00
6.588235294117646967e-01 6.110648986730715215e+00
6.627450980392156632e-01 6.737348413506851763e+00
6.666666666666666297e-01 5.298481710641933518e+00
6.705882352941175961e-01 5.823962649292782068e+00
6.745098039215686736e-01 6.972385146307973791e+00
6.784313725490196401e-01 7.050724175148177508e+00
6.823529411764706065e-01 7.515448088772659574e+00
6.862745098039215730e-01 4.247690676246197228e+00
6.901960784313725394e-01 5.450324427687314177e+00
6.941176470588235059e-01 4.967996291147283472e+00
6.980392156862744724e-01 5.204229925452406036e+00
7.019607843137254388e-01 6.655465344821564599e+00
7.058823529411764053e-01 6.995557994221361930e+00
7.098039215686274828e-01 3.204907142478735871e+00
7.137254901960784492e-01 6.328101476759520061e+00
7.176470588235294157e-01 3.639953400184050114e+00
7.215686274509803821e-01 5.223111613195351666e+00
7.254901960784313486e-01 4.395528419697981803e+00
7.294117647058823151e-01 3.900493177813234347e+00
7.333333333333332815e-01 5.439829219057646270e+00
7.372549019607843590e-01 5.269351009149166210e+00
7.411764705882353255e-01 5.239689933056172144e+00
7.450980392156862919e-01 5.682471566200103297e+00
7.490196078431372584e-01 6.027798154672000308e+00
7.529411764705882248e-01 3.296325175798310081e+00
7.568627450980391913e-01 4.662841938846632672e+00
7.607843137254901578e-01 5.519394439074413405e+00
7.647058823529411242e-01 4.663122793157184809e+00
7.686274509803920907e-01 4.619823370564616560e+00
7.725490196078431682e-01 5.308887273681963670e+00
7.764705882352941346e-01 5.449894086814124350e+00
7.803921568627451011e-01 4.342716067727916851e+00
7.843137254901960675e-01 5.586378020686287194e+00
7.882352941176470340e-01 2.658972652773166079e+00
7.921568627450980005e-01 5.026489428857791708e+00
7.960784313725489669e-01 5.996671785984905689e+00
8.000000000000000444e-01 4.357922589149882064e+00
8.039215686274510109e-01 6.509145219430636509e+00
8.078431372549019773e-01 5.932034901513884684e+00
8.117647058823529438e-01 3.162417625249275055e+00
8.156862745098039102e-01 5.029533248098631226e+00
8.196078431372548767e-01 5.246042152637629741e+00
8.235294117647058432e-01 4.490344508592134076e+00
8.274509803921568096e-01 6.002470208099325077e+00
8.313725490196077761e-01 4.424974662518793345e+00
8.352941176470588536e-01 5.998536620847314538e+00
8.392156862745098200e-01 4.727958430677812629e+00
8.431372549019607865e-01 7.567094224779998157e+00
8.470588235294117530e-01 6.238707791841535233e+00
8.509803921568627194e-01 4.619269640900871998e+00
8.549019607843136859e-01 6.389755161744595569e+00
8.588235294117646523e-01 5.076136419234119401e+00
8.627450980392157298e-01 3.881906896155999043e+00
8.666666666666666963e-01 5.564000397832416844e+00
8.705882352941176627e-01 4.993354819823594859e+00
8.745098039215686292e-01 5.529805336798026438e+00
8.784313725490195957e-01 6.144518518631365112e+00
8.823529411764705621e-01 6.221547876206631855e+00
8.862745098039215286e-01 6.781249577073014123e+00
8.901960784313724950e-01 4.774078626750140941e+00
8.941176470588234615e-01 5.574894184597207314e+00
8.980392156862745390e-01 5.462201907369768961e+00
9.019607843137255054e-01 6.271935626114828466e+00
9.058823529411764719e-01 5.685212551258775449e+00
9.098039215686274384e-01 6.176824344331868666e+00
9.137254901960784048e-01 6.503924476644090902e+00
9.176470588235293713e-01 8.026068052726969881e+00
9.215686274509803377e-01 5.693261079416096493e+00
9.254901960784314152e-01 4.852205517553539238e+00
9.294117647058823817e-01 5.604233857895209781e+00
9.333333333333333481e-01 5.036270066010207991e+00
9.372549019607843146e-01 6.249909976824569391e+00
9.411764705882352811e-01 4.993168460081577997e+00
9.450980392156862475e-01 6.543596130691225810e+00
9.490196078431372140e-01 5.089443341028070833e+00
9.529411764705881804e-01 5.209685647750486481e+00
9.568627450980391469e-01 6.535714794061106225e+00
9.607843137254902244e-01 5.149190272170574900e+00
9.647058823529411908e-01 8.543866952147970650e+00
9.686274509803921573e-01 4.862049490547946107e+00
9.725490196078431238e-01 7.769111885896453629e+00
9.764705882352940902e-01 5.234900100002294998e+00
9.803921568627450567e-01 6.978001369460584691e+00
9.843137254901960231e-01 7.636034684343792733e+00
9.882352941176471006e-01 6.161532310876707719e+00
9.921568627450980671e-01 6.215486329037915425e+00
9.960784313725490335e-01 6.438080256365124043e+00
1.000000000000000000e+00 6.588065309981340434e+00
