0.000000000000000000e+00 3.714644748206197278e+00
3.921568627450980338e-03 2.668443095707281110e+00
7.843137254901960675e-03 3.661391004440386787e+00
1.176470588235294101e-02 2.154492284453590756e+00
1.568627450980392135e-02 2.354465372926931366e+00
1.960784313725490169e-02 1.640436266628966688e+00
2.352941176470588203e-02 2.339216814366048780e+00
2.745098039215686236e-02 2.094056107401785827e+00
3.137254901960784270e-02 4.864938786184200836e+00
3.529411764705882304e-02 1.504038454381550149e+00
3.921568627450980338e-02 2.800508142307093440e+00
4.313725490196078372e-02 4.051960035144070993e+00
4.705882352941176405e-02 3.992949802890541022e+00
5.098039215686274439e-02 2.733824369516038466e+00
5.490196078431372473e-02 5.305436544707796465e+00
5.882352941176470507e-02 2.922104815089722418e+00
6.274509803921568540e-02 4.130321946104091424e+00
6.666666666666666574e-02 4.648185987910532724e+00
7.058823529411764608e-02 3.833390543985042864e+00
7.450980392156862642e-02 4.307512111390490617e+00
7.843137254901960675e-02 4.608184181630356591e+00
8.235294117647058709e-02 4.248987200731307645e+00
8.627450980392156743e-02 3.940374370683422889e+00
9.019607843137254777e-02 4.660551239334147944e+00
9.411764705882352811e-02 5.134720838879150762e+00
9.803921568627450844e-02 4.524561405101852785e+00
1.019607843137254888e-01 3.507962136068980996e+00
1.058823529411764691e-01 4.633265638029635980e+00
1.098039215686274495e-01 2.924943305057773113e+00
1.137254901960784298e-01 3.297921394107974358e+00
1.176470588235294101e-01 5.176719338684118377e+00
1.215686274509803905e-01 5.287772016660870378e+00
1.254901960784313708e-01 4.607667574475803995e+00
1.294117647058823373e-01 6.082164985311187877e+00
1.333333333333333315e-01 3.698481803435024418e+00
1.372549019607843257e-01 4.338381132197897116e+00
1.411764705882352922e-01 7.060079268147454457e+00
1.450980392156862586e-01 4.393241781804568369e+00
1.490196078431372528e-01 6.498912231986155419e+00
1.529411764705882470e-01 4.966389841624683221e+00
1.568627450980392135e-01 5.266734485787214481e+00
1.607843137254901800e-01 3.528344795256187272e+00
1.647058823529411742e-01 4.054001873818978474e+00
1.686274509803921684e-01 5.777424949668990450e+00
1.725490196078431349e-01 3.227340003502715327e+00
1.764705882352941013e-01 5.952942293940919782e+00
1.803921568627450955e-01 2.567938616022518161e+00
1.843137254901960898e-01 4.655250219869363271e+00
1.882352941176470562e-01 6.210809927295320776e+00
1.921568627450980227e-01 5.865370286678939671e+00
1.960784313725490169e-01 5.178286784211607596e+00
2.000000000000000111e-01 5.489964358856483706e+00
2.039215686274509776e-01 4.653584960906428591e+00
2.078431372549019440e-01 7.064979269450289756e+00
2.117647058823529382e-01 4.784189393762459552e+00
2.156862745098039325e-01 4.387665256028119742e+00
2.196078431372548989e-01 6.721720240016063386e+00
2.235294117647058654e-01 6.995752539854729335e+00
2.274509803921568596e-01 5.264010257438228813e+00
2.313725490196078538e-01 6.100738554935656310e+00
2.352941176470588203e-01 4.850829928339481789e+00
2.392156862745097867e-01 5.760958620306934286e+00
2.431372549019607809e-01 5.880824786770066481e+00
2.470588235294117752e-01 7.423251074931664029e+00
2.509803921568627416e-01 5.665132655207505863e+00
2.549019607843137081e-01 7.207021601834215474e+00
2.588235294117646745e-01 6.005886974018657121e+00
2.627450980392156965e-01 4.961891918695725323e+00
2.666666666666666630e-01 7.581769552759521247e+00
2.705882352941176294e-01 5.553327613119334316e+00
2.745098039215686514e-01 6.440999558591101071e+00
2.784313725490196179e-01 7.489933097973874077e+00
2.823529411764705843e-01 6.250484541077813816e+00
2.862745098039215508e-01 8.400221944337276980e+00
2.901960784313725172e-01 7.252384407528416510e+00
2.941176470588235392e-01 6.695083705110300265e+00
2.980392156862745057e-01 6.606575938183172347e+00
3.019607843137254721e-01 4.075781822234795015e+00
3.058823529411764941e-01 7.527543459465261932e+00
3.098039215686274606e-01 6.062943780008509975e+00
3.137254901960784270e-01 6.796817172973466548e+00
3.176470588235293935e-01 8.124744743344832543e+00
3.215686274509803599e-01 8.296546074576504282e+00
3.254901960784313819e-01 5.533958197094239750e+00
3.294117647058823484e-01 7.184902637241644463e+00
3.333333333333333148e-01 6.636237338401397068e+00
3.372549019607843368e-01 5.235437785418048051e+00
3.411764705882353033e-01 5.699909929925910390e+00
3.450980392156862697e-01 6.065289694955142252e+00
3.490196078431372362e-01 7.699755650864528178e+00
3.529411764705882026e-01 7.212685972542132617e+00
3.568627450980392246e-01 7.659533394709476362e+00
3.607843137254901911e-01 7.224241524295128336e+00
3.647058823529411575e-01 6.256219723733297933e+00
3.686274509803921795e-01 6.395296323467954736e+00
3.725490196078431460e-01 5.816629068030298555e+00
3.764705882352941124e-01 7.186527024919135087e+00
3.803921568627450789e-01 6.061499354168292442e+00
3.843137254901960453e-01 4.725999354913630768e+00
3.882352941176470673e-01 6.414759469155479010e+00
3.921568627450980338e-01 7.583925152992357255e+00
3.960784313725490002e-01 6.751243342605880216e+00
4.000000000000000222e-01 7.589399176294510774e+00
4.039215686274509887e-01 8.182083428958776494e+00
4.078431372549019551e-01 9.914257686966566396e+00
4.117647058823529216e-01 5.320335622283096200e+00
4.156862745098038880e-01 8.641208842767895248e+00
4.196078431372549100e-01 8.059774545457207395e+00
4.235294117647058765e-01 6.859841351828818823e+00
4.274509803921568429e-01 7.935155190694651139e+00
4.313725490196078649e-01 7.747492212481095208e+00
4.352941176470588314e-01 6.913482582299305790e+00
4.392156862745097978e-01 9.523824345694853477e+00
4.431372549019607643e-01 7.058696355932048583e+00
4.470588235294117307e-01 6.799193927463364595e+00
4.509803921568627527e-01 9.146029792947866000e+00
4.549019607843137192e-01 8.997517378116429043e+00
4.588235294117646856e-01 7.460903338346125402e+00
4.627450980392157076e-01 8.644539621332533841e+00
4.666666666666666741e-01 8.623793380130004849e+00
4.705882352941176405e-01 9.205481314997854270e+00
4.745098039215686070e-01 8.445303882785790250e+00
4.784313725490195734e-01 7.239617885149315590e+00
4.823529411764705954e-01 5.741763906880413160e+00
4.862745098039215619e-01 7.713769456156894577e+00
4.901960784313725283e-01 7.086294661601307610e+00
4.941176470588235503e-01 9.325823148593851641e+00
4.980392156862745168e-01 8.674935633640846078e+00
5.019607843137254832e-01 7.704632097730137907e+00
5.058823529411764497e-01 7.684183902066488159e+00
5.098039215686274161e-01 7.537506178028485770e+00
5.137254901960783826e-01 8.324317687949031708e+00
5.176470588235293491e-01 6.984395789850829317e+00
5.215686274509804266e-01 8.630538821981796005e+00
5.254901960784313930e-01 8.805457416057068443e+00
5.294117647058823595e-01 7.578678272817896300e+00
5.333333333333333259e-01 9.025698896624529510e+00
5.372549019607842924e-01 8.448255348694166500e+00
5.411764705882352589e-01 6.183567861597477844e+00
5.450980392156862253e-01 8.433568512526298022e+00
5.490196078431373028e-01 6.889354262347640478e+00
5.529411764705882693e-01 7.745219289283633124e+00
5.568627450980392357e-01 7.012586336308328505e+00
5.607843137254902022e-01 6.791301665417647904e+00
5.647058823529411686e-01 6.714563322595255457e+00
5.686274509803921351e-01 6.323680752767465663e+00
5.725490196078431016e-01 6.557076562019408250e+00
5.764705882352940680e-01 7.171815697589686067e+00
5.803921568627450345e-01 8.953733195195962224e+00
5.843137254901961120e-01 6.786305675883992805e+00
5.882352941176470784e-01 6.676850905622542243e+00
5.921568627450980449e-01 6.930724194822326822e+00
5.960784313725490113e-01 7.983175764861607959e+00
5.999999999999999778e-01 7.203749769794073998e+00
6.039215686274509443e-01 7.761976303422239987e+00
6.078431372549019107e-01 6.427174439685386709e+00
6.117647058823529882e-01 8.144177793099586893e+00
6.156862745098039547e-01 7.461346224211200528e+00
6.196078431372549211e-01 9.553001047516552546e+00
6.235294117647058876e-01 7.890558153194122681e+00
6.274509803921568540e-01 7.614742858443254825e+00
6.313725490196078205e-01 6.539500985409480549e+00
6.352941176470587870e-01 5.817168870747988052e+00
6.392156862745097534e-01 8.467132436469327672e+00
6.431372549019607199e-01 6.494582795552324761e+00
6.470588235294117974e-01 6.315852820188302630e+00
6.509803921568627638e-01 7.508278318970062593e+00
6.549019607843137303e-01 6.701853889761626881e+00
6.588235294117646967e-01 6.806045912587916469e+00
6.627450980392156632e-01 5.569514318917976325e+00
6.666666666666666297e-01 6.131400773984985619e+00
6.705882352941175961e-01 5.967120213177673271e+00
6.745098039215686736e-01 7.927330308259586289e+00
6.784313725490196401e-01 6.694866913083147963e+00
6.823529411764706065e-01 8.005814140708297444e+00
6.862745098039215730e-01 8.886390941154449052e+00
6.901960784313725394e-01 5.375574669498512037e+00
6.941176470588235059e-01 6.001376576304090271e+00
6.980392156862744724e-01 5.211219339942488205e+00
7.019607843137254388e-01 7.138818245071751889e+00
7.058823529411764053e-01 5.760522040865305726e+00
7.098039215686274828e-01 7.979228214434768596e+00
7.137254901960784492e-01 6.283673074512633683e+00
7.176470588235294157e-01 5.057046823745480424e+00
7.215686274509803821e-01 4.969129524059712644e+00
7.254901960784313486e-01 6.953539902227139358e+00
7.294117647058823151e-01 5.987871694693646774e+00
7.333333333333332815e-01 5.837332893923742105e+00
7.372549019607843590e-01 5.599505023536162973e+00
7.411764705882353255e-01 5.629083880549661245e+00
7.450980392156862919e-01 7.517592948363047256e+00
7.490196078431372584e-01 7.636628275959286505e+00
7.529411764705882248e-01 5.699810054172964158e+00
7.568627450980391913e-01 4.500321135788117211e+00
7.607843137254901578e-01 5.573640124857775824e+00
7.647058823529411242e-01 4.655189543616664594e+00
7.686274509803920907e-01 6.414973493048953479e+00
7.725490196078431682e-01 5.709141199584196080e+00
7.764705882352941346e-01 5.261819866211280505e+00
7.803921568627451011e-01 5.546936056026704698e+00
7.843137254901960675e-01 4.839509174640426181e+00
7.882352941176470340e-01 6.725913279956869495e+00
7.921568627450980005e-01 6.509720987493599509e+00
7.960784313725489669e-01 6.766876654946113234e+00
8.000000000000000444e-01 6.153114317986002391e+00
8.039215686274510109e-01 5.830494413312192314e+00
8.078431372549019773e-01 4.189055979849716671e+00
8.117647058823529438e-01 4.908963772006233128e+00
8.156862745098039102e-01 6.193297272474305615e+00
8.196078431372548767e-01 5.351891982286349325e+00
8.235294117647058432e-01 5.724102124198376274e+00
8.274509803921568096e-01 6.924533482004374463e+00
8.313725490196077761e-01 5.646269139353345068e+00
8.352941176470588536e-01 5.565352609508330772e+00
8.392156862745098200e-01 4.012899015964080718e+00
8.431372549019607865e-01 7.545796395694466696e+00
8.470588235294117530e-01 3.001001996132893090e+00
8.509803921568627194e-01 3.979939306118170705e+00
8.549019607843136859e-01 5.175221638806719149e+00
8.588235294117646523e-01 4.954374213119290715e+00
8.627450980392157298e-01 5.109335703725609079e+00
8.666666666666666963e-01 5.314025896463802745e+00
8.705882352941176627e-01 5.538645884146028209e+00
8.745098039215686292e-01 6.487418524068169212e+00
8.784313725490195957e-01 3.942079366134518814e+00
8.823529411764705621e-01 5.019152740030627058e+00
8.862745098039215286e-01 5.055990599570036714e+00
8.901960784313724950e-01 4.602855317173947469e+00
8.941176470588234615e-01 4.582119227289685348e+00
8.980392156862745390e-01 4.925178506639225517e+00
9.019607843137255054e-01 5.971282498677156880e+00
9.058823529411764719e-01 5.302953240691437031e+00
9.098039215686274384e-01 5.796729117250793983e+00
9.137254901960784048e-01 3.466814474689643877e+00
9.176470588235293713e-01 5.185844169916423496e+00
9.215686274509803377e-01 4.867716849736769547e+00
9.254901960784314152e-01 3.070935730861767521e+00
9.294117647058823817e-01 5.922871541717015020e+00
9.333333333333333481e-01 4.961380532873331362e+00
9.372549019607843146e-01 3.471696601271891502e+00
9.411764705882352811e-01 4.486824464403847301e+00
9.450980392156862475e-01 4.145872439971930667e+00
9.490196078431372140e-01 5.460833283593606424e+00
9.529411764705881804e-01 5.019528330332365229e+00
9.568627450980391469e-01 7.951682354391765628e+00
9.607843137254902244e-01 4.556815655735444004e+00
9.647058823529411908e-01 5.461595287698082224e+00
9.686274509803921573e-01 5.471387381273826733e+00
9.725490196078431238e-01 5.620482209309848542e+00
9.764705882352940902e-01 4.923410607400710681e+00
9.803921568627450567e-01 5.556219038099801111e+00
9.843137254901960231e-01 6.022022604256259903e+00
9.882352941176471006e-01 5.905682624092627897e+00
9.921568627450980671e-01 5.119080065393951884e+00
9.960784313725490335e-01 4.154040549278938066e+00
1.000000000000000000e+00 3.234549147355172849e+00
