0.000000000000000000e+00 2.435634980559206575e+00
3.921568627450980338e-03 2.222427762932729145e+00
7.843137254901960675e-03 3.598284173043619028e+00
1.176470588235294101e-02 1.908545588443429697e+00
1.568627450980392135e-02 3.263344375889981830e+00
1.960784313725490169e-02 2.395188348693245040e+00
2.352941176470588203e-02 1.393761922269947107e-01
2.745098039215686236e-02 3.339662930522705686e+00
3.137254901960784270e-02 2.531989621431598003e+00
3.529411764705882304e-02 2.277824073787198422e+00
3.921568627450980338e-02 2.604389380387513775e+00
4.313725490196078372e-02 2.904639025945395137e+00
4.705882352941176405e-02 2.866452057743538617e+00
5.098039215686274439e-02 2.231305453234022629e+00
5.490196078431372473e-02 3.688161417527203501e+00
5.882352941176470507e-02 2.645153732506617672e+00
6.274509803921568540e-02 2.264136409662688809e+00
6.666666666666666574e-02 2.144942067635398519e+00
7.058823529411764608e-02 1.540585840241962323e+00
7.450980392156862642e-02 2.845983481668957538e+00
7.843137254901960675e-02 2.698447863443831363e+00
8.235294117647058709e-02 3.054344834533785580e+00
8.627450980392156743e-02 2.476921726689825132e+00
9.019607843137254777e-02 3.719152948833788663e+00
9.411764705882352811e-02 5.767526856561631554e+00
9.803921568627450844e-02 3.982715117529787019e+00
1.019607843137254888e-01 3.994311207940400177e+00
1.058823529411764691e-01 3.457158818681543622e+00
1.098039215686274495e-01 2.077272686671838731e+00
1.137254901960784298e-01 2.843091367148496751e+00
1.176470588235294101e-01 5.049618875135802654e+00
1.215686274509803905e-01 2.635460100571736852e+00
1.254901960784313708e-01 1.204338355495282675e+00
1.294117647058823373e-01 3.948056063674517890e+00
1.333333333333333315e-01 2.517852848585680370e+00
1.372549019607843257e-01 3.992787737620507649e+00
1.411764705882352922e-01 3.077952120086671961e+00
1.450980392156862586e-01 2.446269682177398153e+00
1.490196078431372528e-01 3.186293338948551046e+00
1.529411764705882470e-01 1.996036783197672637e+00
1.568627450980392135e-01 1.838309960905003759e+00
1.607843137254901800e-01 4.154659030475137627e+00
1.647058823529411742e-01 3.192525755157762379e+00
1.686274509803921684e-01 4.019919808317650833e+00
1.725490196078431349e-01 2.655435562168081631e+00
1.764705882352941013e-01 3.002320307026344448e+00
1.803921568627450955e-01 3.244673232776551508e+00
1.843137254901960898e-01 2.645818161582799810e+00
1.882352941176470562e-01 3.065155807668573207e+00
1.921568627450980227e-01 2.689792168204710343e+00
1.960784313725490169e-01 5.161485983750941031e+00
2.000000000000000111e-01 3.863616786303485373e+00
2.039215686274509776e-01 5.375906544208005400e+00
2.078431372549019440e-01 5.150966770953811391e+00
2.117647058823529382e-01 5.880987582132518376e+00
2.156862745098039325e-01 5.365916269460544008e+00
2.196078431372548989e-01 4.697474238230927135e+00
2.235294117647058654e-01 2.838598701910405531e+00
2.274509803921568596e-01 6.833483279359910512e+00
2.313725490196078538e-01 4.096886958211739760e+00
2.352941176470588203e-01 4.461239150649133123e+00
2.392156862745097867e-01 4.158083190697864140e+00
2.431372549019607809e-01 3.564660087187893289e+00
2.470588235294117752e-01 4.225929731129890676e+00
2.509803921568627416e-01 5.736887456346535075e+00
2.549019607843137081e-01 5.183753680504574746e+00
2.588235294117646745e-01 5.053412139689758220e+00
2.627450980392156965e-01 3.213028325185049106e+00
2.666666666666666630e-01 5.085591733631861011e+00
2.705882352941176294e-01 4.094239438527187858e+00
2.745098039215686514e-01 3.479207865996205129e+00
2.784313725490196179e-01 4.236087715086337191e+00
2.823529411764705843e-01 5.417681704698255274e+00
2.862745098039215508e-01 5.126211137567905141e+00
2.901960784313725172e-01 5.090181738417488333e+00
2.941176470588235392e-01 3.494271649541965452e+00
2.980392156862745057e-01 4.933329647297623133e+00
3.019607843137254721e-01 6.534325022908367586e+00
3.058823529411764941e-01 5.157901996496964792e+00
3.098039215686274606e-01 3.976385472688332534e+00
3.137254901960784270e-01 4.958187811568813608e+00
3.176470588235293935e-01 4.312955318480355515e+00
3.215686274509803599e-01 3.186127699462150797e+00
3.254901960784313819e-01 4.419018564942370553e+00
3.294117647058823484e-01 5.460359235164941261e+00
3.333333333333333148e-01 5.589635281216589036e+00
3.372549019607843368e-01 4.834274592210027421e+00
3.411764705882353033e-01 5.485048988347349663e+00
3.450980392156862697e-01 6.067395223675651650e+00
3.490196078431372362e-01 5.926704009521388095e+00
3.529411764705882026e-01 5.699533776141445962e+00
3.568627450980392246e-01 4.746771003756112606e+00
3.607843137254901911e-01 3.481211549926694904e+00
3.647058823529411575e-01 5.750681036281461544e+00
3.686274509803921795e-01 5.760138504365419188e+00
3.725490196078431460e-01 6.052832960640967208e+00
3.764705882352941124e-01 5.537607354742346999e+00
3.803921568627450789e-01 5.043731655882029763e+00
3.843137254901960453e-01 6.154418560717220821e+00
3.882352941176470673e-01 5.123421941197745078e+00
3.921568627450980338e-01 6.918055358645141872e+00
3.960784313725490002e-01 5.864995457888306341e+00
4.000000000000000222e-01 8.093629624881813811e+00
4.039215686274509887e-01 5.995332613702131219e+00
4.078431372549019551e-01 5.304154560311686417e+00
4.117647058823529216e-01 7.080100936647865772e+00
4.156862745098038880e-01 7.148571783500599075e+00
4.196078431372549100e-01 6.149471788457279153e+00
4.235294117647058765e-01 6.810834052000786620e+00
4.274509803921568429e-01 5.255191394305171571e+00
4.313725490196078649e-01 7.391777143143700712e+00
4.352941176470588314e-01 5.975333025758152061e+00
4.392156862745097978e-01 6.563309533916878991e+00
4.431372549019607643e-01 6.787776069391784795e+00
4.470588235294117307e-01 5.954291084696557768e+00
4.509803921568627527e-01 8.310803256719163201e+00
4.549019607843137192e-01 8.835258908515115195e+00
4.588235294117646856e-01 7.310075856336868405e+00
4.627450980392157076e-01 8.594054328305503532e+00
4.666666666666666741e-01 9.019893366090594000e+00
4.705882352941176405e-01 7.518924308980269977e+00
4.745098039215686070e-01 8.861124946574712169e+00
4.784313725490195734e-01 5.826828136295130633e+00
4.823529411764705954e-01 8.915038484302677091e+00
4.862745098039215619e-01 6.970246398956402523e+00
4.901960784313725283e-01 7.637407857735493799e+00
4.941176470588235503e-01 7.964455870791670833e+00
4.980392156862745168e-01 7.638996747190689440e+00
5.019607843137254832e-01 8.243520950091529187e+00
5.058823529411764497e-01 7.489717185300777125e+00
5.098039215686274161e-01 5.877696835006785747e+00
5.137254901960783826e-01 7.758813318402149051e+00
5.176470588235293491e-01 6.693673349241506365e+00
5.215686274509804266e-01 7.938064691414302487e+00
5.254901960784313930e-01 6.045375941905204442e+00
5.294117647058823595e-01 6.830035462274895330e+00
5.333333333333333259e-01 8.898534016124456159e+00
5.372549019607842924e-01 8.089669521780693984e+00
5.411764705882352589e-01 8.076014597706951292e+00
5.450980392156862253e-01 8.374604819599067440e+00
5.490196078431373028e-01 7.498395882441198701e+00
5.529411764705882693e-01 7.461939241978194026e+00
5.568627450980392357e-01 7.407196371929383183e+00
5.607843137254902022e-01 7.200490043450272992e+00
5.647058823529411686e-01 7.977242510022816369e+00
5.686274509803921351e-01 8.009643002594076577e+00
5.725490196078431016e-01 6.792205119904586752e+00
5.764705882352940680e-01 7.496981980408954804e+00
5.803921568627450345e-01 8.599699931149098475e+00
5.843137254901961120e-01 7.525568074874811053e+00
5.882352941176470784e-01 8.280286419114654350e+00
5.921568627450980449e-01 8.642654030514716368e+00
5.960784313725490113e-01 8.313615821237327452e+00
5.999999999999999778e-01 8.214211267846911468e+00
6.039215686274509443e-01 9.588031042591364184e+00
6.078431372549019107e-01 7.510213464069394718e+00
6.117647058823529882e-01 8.482826291405906716e+00
6.156862745098039547e-01 7.080645064592264504e+00
6.196078431372549211e-01 7.225947406828930220e+00
6.235294117647058876e-01 8.416958101375772827e+00
6.274509803921568540e-01 8.800600229248122019e+00
6.313725490196078205e-01 6.844334693308044670e+00
6.352941176470587870e-01 8.916185964706759393e+00
6.392156862745097534e-01 1.010441524250558665e+01
6.431372549019607199e-01 8.441183242229191919e+00
6.470588235294117974e-01 9.398661598425459118e+00
6.509803921568627638e-01 9.592814044383251471e+00
6.549019607843137303e-01 6.913161558525647621e+00
6.588235294117646967e-01 9.451209821125770461e+00
6.627450980392156632e-01 9.522157062893185753e+00
6.666666666666666297e-01 7.363524372179192312e+00
6.705882352941175961e-01 1.040413056736215580e+01
6.745098039215686736e-01 8.779504226877053341e+00
6.784313725490196401e-01 8.605246396613665638e+00
6.823529411764706065e-01 7.596499519305027093e+00
6.862745098039215730e-01 9.240301187231509061e+00
6.901960784313725394e-01 8.467947893632514322e+00
6.941176470588235059e-01 6.429793784933648837e+00
6.980392156862744724e-01 9.656639243698307951e+00
7.019607843137254388e-01 7.392048338214896930e+00
7.058823529411764053e-01 8.630324780996092571e+00
7.098039215686274828e-01 9.629219537912099725e+00
7.137254901960784492e-01 1.016163744824931037e+01
7.176470588235294157e-01 8.972733293624314044e+00
7.215686274509803821e-01 8.028484148147128963e+00
7.254901960784313486e-01 8.870001543137446376e+00
7.294117647058823151e-01 9.921324042986523040e+00
7.333333333333332815e-01 9.316357115225583740e+00
7.372549019607843590e-01 8.085843036224432012e+00
7.411764705882353255e-01 9.440307032411828558e+00
7.450980392156862919e-01 9.583509065702218166e+00
7.490196078431372584e-01 9.325315895426566470e+00
7.529411764705882248e-01 1.006532962565556488e+01
7.568627450980391913e-01 8.856198092783333919e+00
7.607843137254901578e-01 9.783051872844310992e+00
7.647058823529411242e-01 1.071010089773112206e+01
7.686274509803920907e-01 1.003660626846268045e+01
7.725490196078431682e-01 1.055962816344630184e+01
7.764705882352941346e-01 9.246246209200545962e+00
7.803921568627451011e-01 9.232341815022369502e+00
7.843137254901960675e-01 6.830775625192238465e+00
7.882352941176470340e-01 8.795731596272306163e+00
7.921568627450980005e-01 9.341318869688773674e+00
7.960784313725489669e-01 8.854537614084343033e+00
8.000000000000000444e-01 9.135883302443378540e+00
8.039215686274510109e-01 8.428645097965949518e+00
8.078431372549019773e-01 8.371950285731653452e+00
8.117647058823529438e-01 8.775096977028848499e+00
8.156862745098039102e-01 9.059393149080165131e+00
8.196078431372548767e-01 9.145995291867668797e+00
8.235294117647058432e-01 8.184262829343717627e+00
8.274509803921568096e-01 8.479897269020874262e+00
8.313725490196077761e-01 9.840183784063460948e+00
8.352941176470588536e-01 8.356561086324083121e+00
8.392156862745098200e-01 9.220323634431293769e+00
8.431372549019607865e-01 1.057990072811210602e+01
8.470588235294117530e-01 8.558941780582554060e+00
8.509803921568627194e-01 9.307557506510290679e+00
8.549019607843136859e-01 7.805943674891464568e+00
8.588235294117646523e-01 9.569455177215221653e+00
8.627450980392157298e-01 8.073528177125940175e+00
8.666666666666666963e-01 9.200867787470603076e+00
8.705882352941176627e-01 1.043147988802305726e+01
8.745098039215686292e-01 8.424459096117001167e+00
8.784313725490195957e-01 9.018563818223377382e+00
8.823529411764705621e-01 9.336126099989170868e+00
8.862745098039215286e-01 9.508378086525851813e+00
8.901960784313724950e-01 7.493431643866025560e+00
8.941176470588234615e-01 9.735870666747018731e+00
8.980392156862745390e-01 7.147897227212702376e+00
9.019607843137255054e-01 9.151861732483229872e+00
9.058823529411764719e-01 1.099225534365497481e+01
9.098039215686274384e-01 9.753050462316732450e+00
9.137254901960784048e-01 8.727079587156358897e+00
9.176470588235293713e-01 1.068082940085440846e+01
9.215686274509803377e-01 9.005049751684198966e+00
9.254901960784314152e-01 9.125272065044205405e+00
9.294117647058823817e-01 7.251268380156326465e+00
9.333333333333333481e-01 9.957715140939919607e+00
9.372549019607843146e-01 7.996525587611671426e+00
9.411764705882352811e-01 7.345923290999682109e+00
9.450980392156862475e-01 8.840440328375766654e+00
9.490196078431372140e-01 8.055211524159981096e+00
9.529411764705881804e-01 9.242133144545842782e+00
9.568627450980391469e-01 8.227817424408909730e+00
9.607843137254902244e-01 7.746120797791854251e+00
9.647058823529411908e-01 6.839167564468225713e+00
9.686274509803921573e-01 8.364615980055194910e+00
9.725490196078431238e-01 1.065696721532457936e+01
9.764705882352940902e-01 7.420347323660628547e+00
9.803921568627450567e-01 7.733772693880538007e+00
9.843137254901960231e-01 7.128261573876653934e+00
9.882352941176471006e-01 7.248970619058396458e+00
9.921568627450980671e-01 7.535221090872977534e+00
9.960784313725490335e-01 8.713113165222544865e+00
1.000000000000000000e+00 7.513036719021937593e+00
