0.000000000000000000e+00 4.903512920623891880e+00
3.921568627450980338e-03 4.284781971210978035e+00
7.843137254901960675e-03 4.713649639239173794e+00
1.176470588235294101e-02 7.513418133807554966e+00
1.568627450980392135e-02 5.322831310103981473e+00
1.960784313725490169e-02 4.543330780542245151e+00
2.352941176470588203e-02 5.385416831555880357e+00
2.745098039215686236e-02 2.435288496209629283e+00
3.137254901960784270e-02 3.825760119323875053e+00
3.529411764705882304e-02 5.002626132380533441e+00
3.921568627450980338e-02 3.582655319891942192e+00
4.313725490196078372e-02 3.787732200172225561e+00
4.705882352941176405e-02 4.309208486979036579e+00
5.098039215686274439e-02 6.267956026059802177e+00
5.490196078431372473e-02 3.117153970131528951e+00
5.882352941176470507e-02 5.613834706449276624e+00
6.274509803921568540e-02 4.064830999754327046e+00
6.666666666666666574e-02 4.361319386446742996e+00
7.058823529411764608e-02 3.030884061169660360e+00
7.450980392156862642e-02 3.429961866929156500e+00
7.843137254901960675e-02 4.029258604054817283e+00
8.235294117647058709e-02 4.937594205095995115e+00
8.627450980392156743e-02 4.491016525144657656e+00
9.019607843137254777e-02 5.066399322708292630e+00
9.411764705882352811e-02 4.292649168776735635e+00
9.803921568627450844e-02 4.048460345015643114e+00
1.019607843137254888e-01 3.982475320090939519e+00
1.058823529411764691e-01 4.207181963073803210e+00
1.098039215686274495e-01 3.532660808954189324e+00
1.137254901960784298e-01 6.046858343921649670e+00
1.176470588235294101e-01 3.669502408127597981e+00
1.215686274509803905e-01 4.631722088755454436e+00
1.254901960784313708e-01 4.950045301072439230e+00
1.294117647058823373e-01 5.555593468855500205e+00
1.333333333333333315e-01 3.417046012829307422e+00
1.372549019607843257e-01 3.648475213030354158e+00
1.411764705882352922e-01 2.869002515243622486e+00
1.450980392156862586e-01 2.806070220278128247e+00
1.490196078431372528e-01 4.529020754346744226e+00
1.529411764705882470e-01 3.851455794067426108e+00
1.568627450980392135e-01 3.590709481630898203e+00
1.607843137254901800e-01 3.109830160567328416e+00
1.647058823529411742e-01 5.795492516325563948e+00
1.686274509803921684e-01 5.040647469865575658e+00
1.725490196078431349e-01 4.887379722150011041e+00
1.764705882352941013e-01 4.050770235963663701e+00
1.803921568627450955e-01 4.884669205009076975e+00
1.843137254901960898e-01 5.068870295249320534e+00
1.882352941176470562e-01 2.131380099679876849e+00
1.921568627450980227e-01 2.602154059406466935e+00
1.960784313725490169e-01 3.584279094350025119e+00
2.000000000000000111e-01 4.383654413957360774e+00
2.039215686274509776e-01 3.265220610578894789e+00
2.078431372549019440e-01 4.810219907205283363e+00
2.117647058823529382e-01 4.193680615980326820e+00
2.156862745098039325e-01 4.596806823741330206e+00
2.196078431372548989e-01 3.294378763643235342e+00
2.235294117647058654e-01 3.318668458264532273e+00
2.274509803921568596e-01 4.023912812089090352e+00
2.313725490196078538e-01 4.022324744719076861e+00
2.352941176470588203e-01 4.054980803373720910e+00
2.392156862745097867e-01 5.151241172587895711e+00
2.431372549019607809e-01 6.437916511670474407e+00
2.470588235294117752e-01 3.901477496165161707e+00
2.509803921568627416e-01 6.143660496706075946e+00
2.549019607843137081e-01 4.041694231191767628e+00
2.588235294117646745e-01 5.222257762841683970e+00
2.627450980392156965e-01 5.062762169712493154e+00
2.666666666666666630e-01 3.727314825683762933e+00
2.705882352941176294e-01 5.126908460586864891e+00
2.745098039215686514e-01 4.643734900566089507e+00
2.784313725490196179e-01 4.066778825374486317e+00
2.823529411764705843e-01 5.835881380578873845e+00
2.862745098039215508e-01 6.708759031720869181e+00
2.901960784313725172e-01 3.571173200186606334e+00
2.941176470588235392e-01 5.787936148461414021e+00
2.980392156862745057e-01 5.426911750160458681e+00
3.019607843137254721e-01 4.684162977926508376e+00
3.058823529411764941e-01 6.110544115286683287e+00
3.098039215686274606e-01 5.868635026679862143e+00
3.137254901960784270e-01 5.718004564665569056e+00
3.176470588235293935e-01 6.598406291935685175e+00
3.215686274509803599e-01 7.352082661278886988e+00
3.254901960784313819e-01 4.616382519658453809e+00
3.294117647058823484e-01 7.857757264392027707e+00
3.333333333333333148e-01 6.036941363776350933e+00
3.372549019607843368e-01 6.980410326201875293e+00
3.411764705882353033e-01 5.128694810044854613e+00
3.450980392156862697e-01 4.960266239835650737e+00
3.490196078431372362e-01 5.970110076995966075e+00
3.529411764705882026e-01 7.227692381781671394e+00
3.568627450980392246e-01 6.512453277691772513e+00
3.607843137254901911e-01 7.493147424101646692e+00
3.647058823529411575e-01 6.419821520518180336e+00
3.686274509803921795e-01 6.839444002081776830e+00
3.725490196078431460e-01 6.036568595784511437e+00
3.764705882352941124e-01 6.528438825260751699e+00
3.803921568627450789e-01 6.243188021965197620e+00
3.843137254901960453e-01 7.035890643811329781e+00
3.882352941176470673e-01 5.976279114015659921e+00
3.921568627450980338e-01 6.927118656531515484e+00
3.960784313725490002e-01 6.296264541357207811e+00
4.000000000000000222e-01 7.164700866647164545e+00
4.039215686274509887e-01 5.451000303084026832e+00
4.078431372549019551e-01 7.489989517075453129e+00
4.117647058823529216e-01 8.070237659629311722e+00
4.156862745098038880e-01 7.475718376319109737e+00
4.196078431372549100e-01 8.977822221218158205e+00
4.235294117647058765e-01 8.345268835491923554e+00
4.274509803921568429e-01 6.573362703689968889e+00
4.313725490196078649e-01 7.155822569207591854e+00
4.352941176470588314e-01 6.822041066743292248e+00
4.392156862745097978e-01 9.424143448893062214e+00
4.431372549019607643e-01 8.037594381077013850e+00
4.470588235294117307e-01 7.134778355371924619e+00
4.509803921568627527e-01 7.649595447758321676e+00
4.549019607843137192e-01 6.964534649806507716e+00
4.588235294117646856e-01 8.389312789716436569e+00
4.627450980392157076e-01 6.372035972665283765e+00
4.666666666666666741e-01 8.038923514119094449e+00
4.705882352941176405e-01 7.113966913046448681e+00
4.745098039215686070e-01 7.069805917108884508e+00
4.784313725490195734e-01 7.843277191694282280e+00
4.823529411764705954e-01 6.568311342172265199e+00
4.862745098039215619e-01 7.730225172330503547e+00
4.901960784313725283e-01 7.771202579362332052e+00
4.941176470588235503e-01 1.006453716985504698e+01
4.980392156862745168e-01 6.420978254299948063e+00
5.019607843137254832e-01 5.933538220285758058e+00
5.058823529411764497e-01 9.975491772983096084e+00
5.098039215686274161e-01 8.258587968895806597e+00
5.137254901960783826e-01 9.821683269623511237e+00
5.176470588235293491e-01 7.313562809496707118e+00
5.215686274509804266e-01 7.563257443112131995e+00
5.254901960784313930e-01 6.913904547469204687e+00
5.294117647058823595e-01 5.142894482401444201e+00
5.333333333333333259e-01 6.472264448194971820e+00
5.372549019607842924e-01 9.272739061737205191e+00
5.411764705882352589e-01 7.767262997710407291e+00
5.450980392156862253e-01 7.252044659969555163e+00
5.490196078431373028e-01 9.584523755275430545e+00
5.529411764705882693e-01 8.915139822888809462e+00
5.568627450980392357e-01 8.452317173126212779e+00
5.607843137254902022e-01 7.845445484990461793e+00
5.647058823529411686e-01 8.768944726123999445e+00
5.686274509803921351e-01 9.378909295293020421e+00
5.725490196078431016e-01 8.569130368151752108e+00
5.764705882352940680e-01 6.657334722904923119e+00
5.803921568627450345e-01 9.121303371996761555e+00
5.843137254901961120e-01 6.634757234633601009e+00
5.882352941176470784e-01 7.915461424969256754e+00
5.921568627450980449e-01 8.528853074571689064e+00
5.960784313725490113e-01 9.770124383503462795e+00
5.999999999999999778e-01 6.796554254635038816e+00
6.039215686274509443e-01 7.900122115792795441e+00
6.078431372549019107e-01 9.581801160821303398e+00
6.117647058823529882e-01 7.205397290206861705e+00
6.156862745098039547e-01 9.340033474315175610e+00
6.196078431372549211e-01 9.235935117872269728e+00
6.235294117647058876e-01 7.021521960240029614e+00
6.274509803921568540e-01 8.629221355889612255e+00
6.313725490196078205e-01 8.693739489513843566e+00
6.352941176470587870e-01 7.743531671710893072e+00
6.392156862745097534e-01 8.180066238638911358e+00
6.431372549019607199e-01 9.868261817413678472e+00
6.470588235294117974e-01 8.698405844955422239e+00
6.509803921568627638e-01 7.925413655640626942e+00
6.549019607843137303e-01 7.425438866025791285e+00
6.588235294117646967e-01 7.529849189331488724e+00
6.627450980392156632e-01 7.482634757967092654e+00
6.666666666666666297e-01 7.332440441977545298e+00
6.705882352941175961e-01 1.031902070770621727e+01
6.745098039215686736e-01 7.711835952660971216e+00
6.784313725490196401e-01 8.693482479549860642e+00
6.823529411764706065e-01 7.662261695030011310e+00
6.862745098039215730e-01 7.639231848943835779e+00
6.901960784313725394e-01 8.489155359808783885e+00
6.941176470588235059e-01 8.423125577476831438e+00
6.980392156862744724e-01 8.405066199192766874e+00
7.019607843137254388e-01 6.856103468630975861e+00
7.058823529411764053e-01 8.357937098151193567e+00
7.098039215686274828e-01 8.662613168887929760e+00
7.137254901960784492e-01 8.031855829329728635e+00
7.176470588235294157e-01 8.289624963680520153e+00
7.215686274509803821e-01 8.386908627985000919e+00
7.254901960784313486e-01 9.007222434705884240e+00
7.294117647058823151e-01 5.912901259548376309e+00
7.333333333333332815e-01 6.419213898686822795e+00
7.372549019607843590e-01 6.102894225189093191e+00
7.411764705882353255e-01 8.213192943037078919e+00
7.450980392156862919e-01 7.674364298841827470e+00
7.490196078431372584e-01 7.224031886977176242e+00
7.529411764705882248e-01 6.714527799224121907e+00
7.568627450980391913e-01 6.283468796269136902e+00
7.607843137254901578e-01 7.871389001363549021e+00
7.647058823529411242e-01 8.109640537673628913e+00
7.686274509803920907e-01 7.421321157278191194e+00
7.725490196078431682e-01 7.545281954945328273e+00
7.764705882352941346e-01 8.052493978644434947e+00
7.803921568627451011e-01 8.935028737040665803e+00
7.843137254901960675e-01 6.274170988883677857e+00
7.882352941176470340e-01 8.254180467988133429e+00
7.921568627450980005e-01 7.108011596171132318e+00
7.960784313725489669e-01 5.882778917176097799e+00
8.000000000000000444e-01 6.898915076750583353e+00
8.039215686274510109e-01 7.239816025781844466e+00
8.078431372549019773e-01 5.826725650729233763e+00
8.117647058823529438e-01 8.967706377718490884e+00
8.156862745098039102e-01 8.193887467414096903e+00
8.196078431372548767e-01 7.503079142748797281e+00
8.235294117647058432e-01 7.586544486890189454e+00
8.274509803921568096e-01 6.776292142900449456e+00
8.313725490196077761e-01 6.178893994148470625e+00
8.352941176470588536e-01 5.986904905074402983e+00
8.392156862745098200e-01 7.348522096140762017e+00
8.431372549019607865e-01 6.919188327832673124e+00
8.470588235294117530e-01 5.452013916174169417e+00
8.509803921568627194e-01 7.683924652388454568e+00
8.549019607843136859e-01 8.162517786158705491e+00
8.588235294117646523e-01 6.147596833802941418e+00
8.627450980392157298e-01 8.150595689455839121e+00
8.666666666666666963e-01 6.326797166586251464e+00
8.705882352941176627e-01 6.284539414569808358e+00
8.745098039215686292e-01 6.806510633532636412e+00
8.784313725490195957e-01 8.036537950572220979e+00
8.823529411764705621e-01 7.554989611011085238e+00
8.862745098039215286e-01 5.394019048018671825e+00
8.901960784313724950e-01 8.979181764802426358e+00
8.941176470588234615e-01 5.915983946387989079e+00
8.980392156862745390e-01 6.461690970718604987e+00
9.019607843137255054e-01 5.862866628524772139e+00
9.058823529411764719e-01 6.696666670536878918e+00
9.098039215686274384e-01 8.192901639521275925e+00
9.137254901960784048e-01 8.584952342223983734e+00
9.176470588235293713e-01 8.070714040583750304e+00
9.215686274509803377e-01 6.398734336457767569e+00
9.254901960784314152e-01 8.990474978407871021e+00
9.294117647058823817e-01 6.518295802433168973e+00
9.333333333333333481e-01 1.000935462146428279e+01
9.372549019607843146e-01 6.513241700786317701e+00
9.411764705882352811e-01 6.082398795731974950e+00
9.450980392156862475e-01 7.718526206036552928e+00
9.490196078431372140e-01 7.355339525973913162e+00
9.529411764705881804e-01 5.747827056873335394e+00
9.568627450980391469e-01 7.424958927099563510e+00
9.607843137254902244e-01 7.806699589166743003e+00
9.647058823529411908e-01 6.533231620962217434e+00
9.686274509803921573e-01 8.039993253520256289e+00
9.725490196078431238e-01 5.581672454483924461e+00
9.764705882352940902e-01 5.211555942967862620e+00
9.803921568627450567e-01 6.049396565813174753e+00
9.843137254901960231e-01 5.614983784598062577e+00
9.882352941176471006e-01 7.911132597750226481e+00
9.921568627450980671e-01 8.814331243302500951e+00
9.960784313725490335e-01 6.913895624494319492e+00
1.000000000000000000e+00 6.576571429915157196e+00
