0.000000000000000000e+00 4.723850372367571104e+00
3.921568627450980338e-03 4.515082394234677388e+00
7.843137254901960675e-03 5.920127506589191846e+00
1.176470588235294101e-02 5.760447755307854578e+00
1.568627450980392135e-02 4.511047368186628326e+00
1.960784313725490169e-02 4.438458102951498674e+00
2.352941176470588203e-02 4.846378750530356605e+00
2.745098039215686236e-02 5.317121814580622718e+00
3.137254901960784270e-02 4.751842278857457913e+00
3.529411764705882304e-02 5.388117037690224542e+00
3.921568627450980338e-02 4.924008463397279378e+00
4.313725490196078372e-02 4.349807025915357173e+00
4.705882352941176405e-02 5.855966458176854239e+00
5.098039215686274439e-02 4.989575018117025529e+00
5.490196078431372473e-02 5.112197800122085134e+00
5.882352941176470507e-02 5.776656655044361877e+00
6.274509803921568540e-02 4.683793168232559978e+00
6.666666666666666574e-02 4.578134755178548509e+00
7.058823529411764608e-02 4.497334446140087927e+00
7.450980392156862642e-02 5.695405957675815145e+00
7.843137254901960675e-02 6.656912480012551647e+00
8.235294117647058709e-02 5.703572547119834191e+00
8.627450980392156743e-02 5.635845140131008790e+00
9.019607843137254777e-02 6.420670801557715635e+00
9.411764705882352811e-02 6.100776270533905254e+00
9.803921568627450844e-02 6.070066220534695134e+00
1.019607843137254888e-01 6.387011187819556568e+00
1.058823529411764691e-01 6.943275463746535259e+00
1.098039215686274495e-01 5.951919281274876461e+00
1.137254901960784298e-01 5.880053095314857536e+00
1.176470588235294101e-01 5.147872860709804321e+00
1.215686274509803905e-01 5.643482871740333806e+00
1.254901960784313708e-01 6.937596117953842345e+00
1.294117647058823373e-01 5.733950401060801561e+00
1.333333333333333315e-01 5.486390030314789890e+00
1.372549019607843257e-01 7.120897127234704804e+00
1.411764705882352922e-01 7.722980427898112232e+00
1.450980392156862586e-01 6.707252550733446839e+00
1.490196078431372528e-01 4.996428184980286957e+00
1.529411764705882470e-01 5.826402845391880803e+00
1.568627450980392135e-01 6.804376151013975971e+00
1.607843137254901800e-01 5.856775292889880191e+00
1.647058823529411742e-01 8.064309205951735393e+00
1.686274509803921684e-01 7.646160260536758457e+00
1.725490196078431349e-01 6.695882978234589444e+00
1.764705882352941013e-01 6.848502494268672969e+00
1.803921568627450955e-01 5.704171548534342051e+00
1.843137254901960898e-01 6.579515493276872462e+00
1.882352941176470562e-01 8.022606890481934983e+00
1.921568627450980227e-01 6.985637571685482605e+00
1.960784313725490169e-01 7.191531102787021013e+00
2.000000000000000111e-01 6.941565840160277112e+00
2.039215686274509776e-01 4.839925217697135018e+00
2.078431372549019440e-01 6.946149198732436858e+00
2.117647058823529382e-01 4.530694036614743681e+00
2.156862745098039325e-01 8.845415194571319972e+00
2.196078431372548989e-01 9.122068486805336107e+00
2.235294117647058654e-01 7.429182693070902843e+00
2.274509803921568596e-01 6.044014519829825183e+00
2.313725490196078538e-01 5.030000570192194154e+00
2.352941176470588203e-01 6.254623134853916966e+00
2.392156862745097867e-01 5.168405765880407898e+00
2.431372549019607809e-01 6.612540191903498510e+00
2.470588235294117752e-01 8.940052730918491619e+00
2.509803921568627416e-01 5.721775916607859003e+00
2.549019607843137081e-01 8.397083661609341831e+00
2.588235294117646745e-01 6.949069877591393940e+00
2.627450980392156965e-01 6.688325035598992052e+00
2.666666666666666630e-01 6.890236795785257939e+00
2.705882352941176294e-01 8.590778313740202066e+00
2.745098039215686514e-01 8.376678875182143713e+00
2.784313725490196179e-01 7.531999269764033222e+00
2.823529411764705843e-01 6.297758249044795420e+00
2.862745098039215508e-01 7.678801455435054990e+00
2.901960784313725172e-01 7.059167209513891095e+00
2.941176470588235392e-01 7.795135507272531683e+00
2.980392156862745057e-01 6.518081872813933586e+00
3.019607843137254721e-01 5.535717139090758465e+00
3.058823529411764941e-01 5.211338097588381402e+00
3.098039215686274606e-01 4.983179504457430298e+00
3.137254901960784270e-01 6.578529690081110992e+00
3.176470588235293935e-01 7.172130483602569662e+00
3.215686274509803599e-01 7.749007823770257097e+00
3.254901960784313819e-01 8.420607855240083595e+00
3.294117647058823484e-01 6.918409012095336763e+00
3.333333333333333148e-01 6.698588895887889194e+00
3.372549019607843368e-01 6.715514116505952202e+00
3.411764705882353033e-01 6.219709310819412806e+00
3.450980392156862697e-01 7.205609462201733706e+00
3.490196078431372362e-01 7.998480045898205049e+00
3.529411764705882026e-01 6.589819998078597862e+00
3.568627450980392246e-01 5.722797929962148089e+00
3.607843137254901911e-01 6.127952591762330314e+00
3.647058823529411575e-01 6.321074443317654890e+00
3.686274509803921795e-01 5.846894763394057115e+00
3.725490196078431460e-01 5.790689459369787961e+00
3.764705882352941124e-01 6.472072668940251461e+00
3.803921568627450789e-01 7.928245284450578190e+00
3.843137254901960453e-01 5.875729617631487933e+00
3.882352941176470673e-01 6.345896667130571878e+00
3.921568627450980338e-01 7.004610214514586986e+00
3.960784313725490002e-01 7.312053977597462229e+00
4.000000000000000222e-01 5.061898776436492220e+00
4.039215686274509887e-01 7.815002824257959446e+00
4.078431372549019551e-01 5.082083327470190426e+00
4.117647058823529216e-01 6.259881799284299220e+00
4.156862745098038880e-01 4.127352097740869752e+00
4.196078431372549100e-01 6.537314544289735352e+00
4.235294117647058765e-01 4.975200900791826086e+00
4.274509803921568429e-01 6.286804533299486408e+00
4.313725490196078649e-01 5.716458066156266504e+00
4.352941176470588314e-01 7.429350877398583464e+00
4.392156862745097978e-01 6.894798399483500262e+00
4.431372549019607643e-01 5.877857403500575728e+00
4.470588235294117307e-01 6.242339326887964113e+00
4.509803921568627527e-01 6.784964713027863858e+00
4.549019607843137192e-01 6.120701085241514683e+00
4.588235294117646856e-01 6.558123322328312632e+00
4.627450980392157076e-01 5.900634383461796695e+00
4.666666666666666741e-01 4.350880996795751798e+00
4.705882352941176405e-01 5.546956998322554178e+00
4.745098039215686070e-01 6.131490339338588669e+00
4.784313725490195734e-01 4.975622655440390396e+00
4.823529411764705954e-01 5.860954490015544138e+00
4.862745098039215619e-01 5.037567016494051586e+00
4.901960784313725283e-01 5.763013713024603746e+00
4.941176470588235503e-01 5.780666536981178716e+00
4.980392156862745168e-01 3.937125215983861892e+00
5.019607843137254832e-01 7.967078990072103295e+00
5.058823529411764497e-01 5.590243436471507010e+00
5.098039215686274161e-01 5.619974446780727106e+00
5.137254901960783826e-01 5.060611401523066988e+00
5.176470588235293491e-01 7.312443541409797021e+00
5.215686274509804266e-01 3.606877661989011941e+00
5.254901960784313930e-01 4.387010235451536566e+00
5.294117647058823595e-01 6.071337267807114024e+00
5.333333333333333259e-01 4.278693549972881982e+00
5.372549019607842924e-01 5.149413044275091167e+00
5.411764705882352589e-01 5.043886973486818803e+00
5.450980392156862253e-01 5.494909409247597409e+00
5.490196078431373028e-01 5.704449490201810136e+00
5.529411764705882693e-01 6.234519720491807249e+00
5.568627450980392357e-01 3.587897853635878320e+00
5.607843137254902022e-01 4.438209768546769851e+00
5.647058823529411686e-01 5.127654966832427164e+00
5.686274509803921351e-01 6.129726886809539366e+00
5.725490196078431016e-01 3.018097510104504444e+00
5.764705882352940680e-01 6.083453107835620877e+00
5.803921568627450345e-01 5.188050422493393654e+00
5.843137254901961120e-01 4.577578042569098393e+00
5.882352941176470784e-01 3.133600847661891287e+00
5.921568627450980449e-01 3.724008367320460700e+00
5.960784313725490113e-01 5.756172870921163920e+00
5.999999999999999778e-01 4.076583906636992438e+00
6.039215686274509443e-01 3.976669469135875712e+00
6.078431372549019107e-01 5.114737065441646635e+00
6.117647058823529882e-01 5.065359317451061827e+00
6.156862745098039547e-01 5.759398004813479410e+00
6.196078431372549211e-01 3.063771898218995204e+00
6.235294117647058876e-01 6.607468498808372281e+00
6.274509803921568540e-01 3.871849046165389829e+00
6.313725490196078205e-01 3.199709176981540892e+00
6.352941176470587870e-01 2.771846465825328121e+00
6.392156862745097534e-01 5.544349862555051800e+00
6.431372549019607199e-01 6.306631156229460800e+00
6.470588235294117974e-01 5.187175283952632832e+00
6.509803921568627638e-01 5.502364303745977736e+00
6.549019607843137303e-01 4.632334523905832668e+00
6.588235294117646967e-01 5.159639566469877536e+00
6.627450980392156632e-01 4.761909977887857970e+00
6.666666666666666297e-01 3.278160925934066494e+00
6.705882352941175961e-01 5.217715108987952988e+00
6.745098039215686736e-01 4.947099196177616953e+00
6.784313725490196401e-01 3.021206175215356282e+00
6.823529411764706065e-01 3.997277426395930533e+00
6.862745098039215730e-01 4.338998500779418066e+00
6.901960784313725394e-01 4.041154059735053927e+00
6.941176470588235059e-01 3.423172124167691788e+00
6.980392156862744724e-01 4.491019034298646240e+00
7.019607843137254388e-01 5.213289805388141573e+00
7.058823529411764053e-01 3.991886419847597622e+00
7.098039215686274828e-01 3.560238956295295853e+00
7.137254901960784492e-01 3.259026513875391995e+00
7.176470588235294157e-01 3.208334432087080135e+00
7.215686274509803821e-01 3.793134485278551793e+00
7.254901960784313486e-01 4.615515768979602029e+00
7.294117647058823151e-01 4.803104866098360404e+00
7.333333333333332815e-01 3.523468223233762853e+00
7.372549019607843590e-01 1.642880396204334348e+00
7.411764705882353255e-01 5.041073138015369715e+00
7.450980392156862919e-01 2.027830666239215596e+00
7.490196078431372584e-01 3.796436296600510740e+00
7.529411764705882248e-01 3.423682236991665739e+00
7.568627450980391913e-01 3.687114785951102647e+00
7.607843137254901578e-01 2.331833059435637345e+00
7.647058823529411242e-01 3.780623328983263143e+00
7.686274509803920907e-01 2.478268280078243624e+00
7.725490196078431682e-01 4.071302169317839059e+00
7.764705882352941346e-01 1.919836382193049529e+00
7.803921568627451011e-01 4.052495807881356882e+00
7.843137254901960675e-01 5.148789742721366025e+00
7.882352941176470340e-01 2.170867868405789824e+00
7.921568627450980005e-01 2.225399081475902818e+00
7.960784313725489669e-01 2.366133744406328621e+00
8.000000000000000444e-01 3.901137474796868787e+00
8.039215686274510109e-01 2.849693566759933905e+00
8.078431372549019773e-01 6.613766129023490592e-02
8.117647058823529438e-01 2.652688564058659715e+00
8.156862745098039102e-01 2.689616548607271618e+00
8.196078431372548767e-01 3.077680071481206703e+00
8.235294117647058432e-01 9.215293073792802936e-01
8.274509803921568096e-01 3.381541102410293487e+00
8.313725490196077761e-01 3.063862771881575853e+00
8.352941176470588536e-01 3.428814922736306059e+00
8.392156862745098200e-01 2.771312439960381457e+00
8.431372549019607865e-01 3.028160317815055791e+00
8.470588235294117530e-01 2.408681915793758233e+00
8.509803921568627194e-01 1.807147604126985607e+00
8.549019607843136859e-01 4.141503706472673407e+00
8.588235294117646523e-01 2.119490852321295193e+00
8.627450980392157298e-01 2.317770399961006866e+00
8.666666666666666963e-01 1.551202169669942510e+00
8.705882352941176627e-01 1.384571799917862611e+00
8.745098039215686292e-01 2.727215761559552476e+00
8.784313725490195957e-01 3.764431979917897131e+00
8.823529411764705621e-01 3.962261680338445835e+00
8.862745098039215286e-01 1.871408510356769028e-01
8.901960784313724950e-01 3.197516610893897049e+00
8.941176470588234615e-01 2.668301669079649052e-01
8.980392156862745390e-01 2.028139637009781282e+00
9.019607843137255054e-01 2.391700409329167165e+00
9.058823529411764719e-01 1.924853619043067621e+00
9.098039215686274384e-01 2.694732113577344546e+00
9.137254901960784048e-01 1.996178543890781309e+00
9.176470588235293713e-01 2.407046161218246105e+00
9.215686274509803377e-01 3.434307496675357285e+00
9.254901960784314152e-01 2.463367918296952563e+00
9.294117647058823817e-01 2.671781861366611999e+00
9.333333333333333481e-01 3.285757171791617637e+00
9.372549019607843146e-01 3.369700976159336392e+00
9.411764705882352811e-01 2.622728788143427803e+00
9.450980392156862475e-01 2.680249104162746754e+00
9.490196078431372140e-01 2.016381864250710088e+00
9.529411764705881804e-01 2.084213828826937398e+00
9.568627450980391469e-01 9.153493278573190395e-01
9.607843137254902244e-01 5.216371447507281545e+00
9.647058823529411908e-01 4.850046832620996895e+00
9.686274509803921573e-01 3.235603735001496339e+00
9.725490196078431238e-01 3.021326204163859774e+00
9.764705882352940902e-01 3.120536850624745728e+00
9.803921568627450567e-01 1.942980059128947889e+00
9.843137254901960231e-01 3.104054470060246373e+00
9.882352941176471006e-01 2.488817958748510861e+00
9.921568627450980671e-01 4.639807140095430604e+00
9.960784313725490335e-01 3.934595673986666320e+00
1.000000000000000000e+00 2.098218569363425878e+00
