0.000000000000000000e+00 6.305669557014147664e+00
3.921568627450980338e-03 6.597147520182923053e+00
7.843137254901960675e-03 6.346864630864150314e+00
1.176470588235294101e-02 8.483667714886832911e+00
1.568627450980392135e-02 7.135621850287164669e+00
1.960784313725490169e-02 6.962909189042311375e+00
2.352941176470588203e-02 6.594479478298101327e+00
2.745098039215686236e-02 6.892067681444236982e+00
3.137254901960784270e-02 7.445065788665951700e+00
3.529411764705882304e-02 6.629857800055411587e+00
3.921568627450980338e-02 7.508720282282901337e+00
4.313725490196078372e-02 6.434119673480001467e+00
4.705882352941176405e-02 7.756481854777480756e+00
5.098039215686274439e-02 8.847233564090061009e+00
5.490196078431372473e-02 6.871745805560246723e+00
5.882352941176470507e-02 5.203696066489442273e+00
6.274509803921568540e-02 6.541393436209360424e+00
6.666666666666666574e-02 7.673459291285985806e+00
7.058823529411764608e-02 7.314004270981634193e+00
7.450980392156862642e-02 6.208434113432319990e+00
7.843137254901960675e-02 7.891617035466529373e+00
8.235294117647058709e-02 8.460114771178959714e+00
8.627450980392156743e-02 8.531648667957391297e+00
9.019607843137254777e-02 8.316532597680110328e+00
9.411764705882352811e-02 8.910387794395852268e+00
9.803921568627450844e-02 8.179909902285723788e+00
1.019607843137254888e-01 7.962531982555131727e+00
1.058823529411764691e-01 8.768478448405145897e+00
1.098039215686274495e-01 8.784356933042660742e+00
1.137254901960784298e-01 9.897845197162901343e+00
1.176470588235294101e-01 7.226143380906814073e+00
1.215686274509803905e-01 8.016815552357133612e+00
1.254901960784313708e-01 7.795703206109545924e+00
1.294117647058823373e-01 7.621084653918973828e+00
1.333333333333333315e-01 8.461846504228772048e+00
1.372549019607843257e-01 9.824199962908553019e+00
1.411764705882352922e-01 9.199816215338552539e+00
1.450980392156862586e-01 8.632319921911703275e+00
1.490196078431372528e-01 7.112914441963014589e+00
1.529411764705882470e-01 7.858121883667469554e+00
1.568627450980392135e-01 8.728162079093282344e+00
1.607843137254901800e-01 8.945006758752116482e+00
1.647058823529411742e-01 8.761817421645369919e+00
1.686274509803921684e-01 9.073677805201743496e+00
1.725490196078431349e-01 6.341231576181910690e+00
1.764705882352941013e-01 7.500897293478258732e+00
1.803921568627450955e-01 8.277268986435663223e+00
1.843137254901960898e-01 9.607419873398217902e+00
1.882352941176470562e-01 5.956470659083047181e+00
1.921568627450980227e-01 7.769082672806238321e+00
1.960784313725490169e-01 5.989594934737297649e+00
2.000000000000000111e-01 7.480835709407976708e+00
2.039215686274509776e-01 6.047494987935687405e+00
2.078431372549019440e-01 8.853368177125030769e+00
2.117647058823529382e-01 8.280423022444047376e+00
2.156862745098039325e-01 7.432272432499812176e+00
2.196078431372548989e-01 9.689717037156572843e+00
2.235294117647058654e-01 4.862046351649610187e+00
2.274509803921568596e-01 6.944395742343409950e+00
2.313725490196078538e-01 5.958662486898679944e+00
2.352941176470588203e-01 6.274683077615707205e+00
2.392156862745097867e-01 6.920078244478559348e+00
2.431372549019607809e-01 6.627417258560075020e+00
2.470588235294117752e-01 5.954764501648032393e+00
2.509803921568627416e-01 5.854007836045441948e+00
2.549019607843137081e-01 7.377914252594460542e+00
2.588235294117646745e-01 7.975380196070474881e+00
2.627450980392156965e-01 6.237618981357098136e+00
2.666666666666666630e-01 8.118958937386921093e+00
2.705882352941176294e-01 5.983365605055094072e+00
2.745098039215686514e-01 5.682740280515925946e+00
2.784313725490196179e-01 7.356506861337937409e+00
2.823529411764705843e-01 6.829534924053178635e+00
2.862745098039215508e-01 8.378900746677810929e+00
2.901960784313725172e-01 6.553950487662757673e+00
2.941176470588235392e-01 6.194023058197576148e+00
2.980392156862745057e-01 7.691898576208973992e+00
3.019607843137254721e-01 5.359459464859699374e+00
3.058823529411764941e-01 6.744948599835331571e+00
3.098039215686274606e-01 7.098206289776649136e+00
3.137254901960784270e-01 7.202256036148551921e+00
3.176470588235293935e-01 5.053471582554392327e+00
3.215686274509803599e-01 7.303579083313234577e+00
3.254901960784313819e-01 6.293367181684675238e+00
3.294117647058823484e-01 5.941938312010593748e+00
3.333333333333333148e-01 6.985699492240654784e+00
3.372549019607843368e-01 5.297030770839563196e+00
3.411764705882353033e-01 5.179758190007758500e+00
3.450980392156862697e-01 5.249364869538474032e+00
3.490196078431372362e-01 5.904642886316803896e+00
3.529411764705882026e-01 6.928696874033641429e+00
3.568627450980392246e-01 5.602063412904892736e+00
3.607843137254901911e-01 5.747928720139836578e+00
3.647058823529411575e-01 5.824659838801474976e+00
3.686274509803921795e-01 5.793277768498345637e+00
3.725490196078431460e-01 4.333426034274281413e+00
3.764705882352941124e-01 5.003452916311201371e+00
3.803921568627450789e-01 4.781747794493981907e+00
3.843137254901960453e-01 4.126148870775448785e+00
3.882352941176470673e-01 5.578604842216710935e+00
3.921568627450980338e-01 3.325655228248223683e+00
3.960784313725490002e-01 3.579729676787779091e+00
4.000000000000000222e-01 4.851963104206973298e+00
4.039215686274509887e-01 4.921119583291986288e+00
4.078431372549019551e-01 3.970997653983701081e+00
4.117647058823529216e-01 3.605275080257022147e+00
4.156862745098038880e-01 4.177871236931478549e+00
4.196078431372549100e-01 5.381088826015323789e+00
4.235294117647058765e-01 5.084932422611998959e+00
4.274509803921568429e-01 3.678130267308588941e+00
4.313725490196078649e-01 3.779374310560527750e+00
4.352941176470588314e-01 3.097669710305107849e+00
4.392156862745097978e-01 4.316821337332102715e+00
4.431372549019607643e-01 3.697011584018793151e+00
4.470588235294117307e-01 3.738099197356786974e+00
4.509803921568627527e-01 6.219734094150514814e+00
4.549019607843137192e-01 3.599590299163857310e+00
4.588235294117646856e-01 4.679692246142164613e+00
4.627450980392157076e-01 2.881885029490547367e+00
4.666666666666666741e-01 3.601560179572393050e+00
4.705882352941176405e-01 3.920955659073310340e+00
4.745098039215686070e-01 3.873181567390822089e+00
4.784313725490195734e-01 6.038978106627437725e+00
4.823529411764705954e-01 4.254945637450493479e+00
4.862745098039215619e-01 1.918000716587150212e+00
4.901960784313725283e-01 3.407164159734367370e+00
4.941176470588235503e-01 2.602721422307918253e+00
4.980392156862745168e-01 2.361271126018815281e+00
5.019607843137254832e-01 3.382908751976890116e+00
5.058823529411764497e-01 3.389149724474649350e+00
5.098039215686274161e-01 5.513842234095834627e+00
5.137254901960783826e-01 3.200709760911238710e+00
5.176470588235293491e-01 4.696516181290117942e+00
5.215686274509804266e-01 4.349622156863154565e+00
5.254901960784313930e-01 2.742875776993189518e+00
5.294117647058823595e-01 2.346872663596879072e+00
5.333333333333333259e-01 4.057293351206448406e+00
5.372549019607842924e-01 2.444895533258681919e+00
5.411764705882352589e-01 3.173824120099799639e+00
5.450980392156862253e-01 5.760493605070752920e+00
5.490196078431373028e-01 3.423131842043348971e+00
5.529411764705882693e-01 2.289127380808635870e+00
5.568627450980392357e-01 3.066974161030529000e+00
5.607843137254902022e-01 2.643455629882303537e+00
5.647058823529411686e-01 2.850602950076298825e+00
5.686274509803921351e-01 3.668577806512945294e+00
5.725490196078431016e-01 3.672233632760967481e+00
5.764705882352940680e-01 1.616060659091766993e+00
5.803921568627450345e-01 3.750089518630987051e+00
5.843137254901961120e-01 2.637804244170820489e+00
5.882352941176470784e-01 3.982070624863330188e+00
5.921568627450980449e-01 3.156574313873730109e+00
5.960784313725490113e-01 4.349382212600449549e+00
5.999999999999999778e-01 2.436357820364627003e+00
6.039215686274509443e-01 1.722421694667230163e+00
6.078431372549019107e-01 3.459136260274347396e+00
6.117647058823529882e-01 2.326178515923751355e+00
6.156862745098039547e-01 2.434969507280186463e+00
6.196078431372549211e-01 2.299788957880624984e+00
6.235294117647058876e-01 4.559558208729920459e+00
6.274509803921568540e-01 3.666559790032806188e+00
6.313725490196078205e-01 1.615190393742989006e+00
6.352941176470587870e-01 4.125948561029000317e+00
6.392156862745097534e-01 3.358400969440790806e+00
6.431372549019607199e-01 2.583245427373629610e+00
6.470588235294117974e-01 1.756432432661799714e+00
6.509803921568627638e-01 2.768439565167989613e+00
6.549019607843137303e-01 1.345130296534061465e+00
6.588235294117646967e-01 3.511184252145752804e+00
6.627450980392156632e-01 3.585875462270590397e+00
6.666666666666666297e-01 2.638152257951825064e+00
6.705882352941175961e-01 3.671237086428499108e+00
6.745098039215686736e-01 2.593214838811454204e+00
6.784313725490196401e-01 2.090569934681715925e+00
6.823529411764706065e-01 1.707015693355071084e+00
6.862745098039215730e-01 3.945254723698359722e+00
6.901960784313725394e-01 2.692942029248555524e+00
6.941176470588235059e-01 3.310076108285699092e+00
6.980392156862744724e-01 3.582343691364501037e+00
7.019607843137254388e-01 2.868683742749213117e+00
7.058823529411764053e-01 1.941587571068248419e+00
7.098039215686274828e-01 1.630156607427928561e+00
7.137254901960784492e-01 2.480036708903997855e+00
7.176470588235294157e-01 2.550950474925897993e+00
7.215686274509803821e-01 2.187810907558097373e+00
7.254901960784313486e-01 3.924119059289061795e+00
7.294117647058823151e-01 2.756679317907297033e+00
7.333333333333332815e-01 3.738086838369536480e+00
7.372549019607843590e-01 3.137967858062185922e+00
7.411764705882353255e-01 3.032850070137357523e+00
7.450980392156862919e-01 2.864196495141024812e+00
7.490196078431372584e-01 5.124946455465172690e+00
7.529411764705882248e-01 4.866882826626959258e+00
7.568627450980391913e-01 3.782907220697464545e+00
7.607843137254901578e-01 3.363053432293228173e+00
7.647058823529411242e-01 6.207679987175036551e+00
7.686274509803920907e-01 6.064918663336495541e+00
7.725490196078431682e-01 2.667345208962439873e+00
7.764705882352941346e-01 3.624009096189944490e+00
7.803921568627451011e-01 6.368756789514521621e+00
7.843137254901960675e-01 3.521730707259211446e+00
7.882352941176470340e-01 3.561352854677589441e+00
7.921568627450980005e-01 3.443303849518280835e+00
7.960784313725489669e-01 5.091315045057421607e+00
8.000000000000000444e-01 4.181347916663609610e+00
8.039215686274510109e-01 4.819536725420104695e+00
8.078431372549019773e-01 3.446845439103984443e+00
8.117647058823529438e-01 4.918559511506570558e+00
8.156862745098039102e-01 4.176348959247961901e+00
8.196078431372548767e-01 4.417514234439241072e+00
8.235294117647058432e-01 5.160512451136005652e+00
8.274509803921568096e-01 3.822370616215767569e+00
8.313725490196077761e-01 2.835672261494021296e+00
8.352941176470588536e-01 3.676982985182150276e+00
8.392156862745098200e-01 4.667904788169582986e+00
8.431372549019607865e-01 4.795667113413786709e+00
8.470588235294117530e-01 3.446401898175547096e+00
8.509803921568627194e-01 6.890896287211425886e+00
8.549019607843136859e-01 4.339865305400543605e+00
8.588235294117646523e-01 5.507181182192597113e+00
8.627450980392157298e-01 6.005551019505088739e+00
8.666666666666666963e-01 2.214990499297795346e+00
8.705882352941176627e-01 4.280163310652943309e+00
8.745098039215686292e-01 3.741760191459397866e+00
8.784313725490195957e-01 4.389952163297728305e+00
8.823529411764705621e-01 4.213869985794366002e+00
8.862745098039215286e-01 5.153847589157357412e+00
8.901960784313724950e-01 6.358173796706725334e+00
8.941176470588234615e-01 5.028920263777054700e+00
8.980392156862745390e-01 4.360377145757427186e+00
9.019607843137255054e-01 4.941976481473369098e+00
9.058823529411764719e-01 4.947297117269013000e+00
9.098039215686274384e-01 2.840299033897163206e+00
9.137254901960784048e-01 5.973562834848070047e+00
9.176470588235293713e-01 3.695909061734260703e+00
9.215686274509803377e-01 4.713254927808300465e+00
9.254901960784314152e-01 5.584669767604610868e+00
9.294117647058823817e-01 4.523410525797462611e+00
9.333333333333333481e-01 5.876203986923600908e+00
9.372549019607843146e-01 5.455540316629242881e+00
9.411764705882352811e-01 6.095068993596754581e+00
9.450980392156862475e-01 4.560789188762257140e+00
9.490196078431372140e-01 4.136354166272141697e+00
9.529411764705881804e-01 6.355423977375924238e+00
9.568627450980391469e-01 6.196470735173875255e+00
9.607843137254902244e-01 5.861686526875707237e+00
9.647058823529411908e-01 5.800191729322954792e+00
9.686274509803921573e-01 5.923307984258260106e+00
9.725490196078431238e-01 5.642648544656271525e+00
9.764705882352940902e-01 5.073061609890496371e+00
9.803921568627450567e-01 3.909836938191873834e+00
9.843137254901960231e-01 5.880973522140897636e+00
9.882352941176471006e-01 3.834693437732980215e+00
9.921568627450980671e-01 5.917516184273609703e+00
9.960784313725490335e-01 5.321802973435229234e+00
1.000000000000000000e+00 6.261682321169183219e+00
