0.000000000000000000e+00 5.739566080346194532e+00
3.921568627450980338e-03 3.292290532752720544e+00
7.843137254901960675e-03 4.972359960421093739e+00
1.176470588235294101e-02 3.417056843681142819e+00
1.568627450980392135e-02 3.924213833000453455e+00
1.960784313725490169e-02 3.585889898822916422e+00
2.352941176470588203e-02 4.718582582032795791e+00
2.745098039215686236e-02 3.556012149476725170e+00
3.137254901960784270e-02 3.658895439705166730e+00
3.529411764705882304e-02 3.468857588788068824e+00
3.921568627450980338e-02 4.450888099164373557e+00
4.313725490196078372e-02 3.326260519593105425e+00
4.705882352941176405e-02 4.101816081497291933e+00
5.098039215686274439e-02 6.377623111622146013e+00
5.490196078431372473e-02 2.663298599971841263e+00
5.882352941176470507e-02 3.766511918651537894e+00
6.274509803921568540e-02 3.826386807109072308e+00
6.666666666666666574e-02 2.800299841240764032e+00
7.058823529411764608e-02 4.862506815226529611e+00
7.450980392156862642e-02 3.560938940039677369e+00
7.843137254901960675e-02 1.921040051025433959e+00
8.235294117647058709e-02 2.548028747628065638e+00
8.627450980392156743e-02 3.290496675554640760e+00
9.019607843137254777e-02 5.566758800855433620e+00
9.411764705882352811e-02 2.190254576019011967e+00
9.803921568627450844e-02 3.169183039510350408e+00
1.019607843137254888e-01 2.315545180968143324e+00
1.058823529411764691e-01 4.089914712935824426e+00
1.098039215686274495e-01 3.183403358441577513e+00
1.137254901960784298e-01 3.445763680981722032e+00
1.176470588235294101e-01 3.208659924053292478e+00
1.215686274509803905e-01 4.216286262704595167e+00
1.254901960784313708e-01 4.295794253698307585e+00
1.294117647058823373e-01 3.197821227836529445e+00
1.333333333333333315e-01 2.235926938995031144e+00
1.372549019607843257e-01 3.953072434350030750e+00
1.411764705882352922e-01 3.582867995840754105e+00
1.450980392156862586e-01 3.284682072328491298e+00
1.490196078431372528e-01 3.146230448745521713e+00
1.529411764705882470e-01 3.141541011516331583e+00
1.568627450980392135e-01 4.103682097492272973e+00
1.607843137254901800e-01 5.078269783383907665e+00
1.647058823529411742e-01 4.179385712464259051e+00
1.686274509803921684e-01 3.055411490297434085e+00
1.725490196078431349e-01 4.678392020972918175e+00
1.764705882352941013e-01 3.752526301245668883e+00
1.803921568627450955e-01 3.150651118733980294e+00
1.843137254901960898e-01 4.956096051674830250e+00
1.882352941176470562e-01 2.337299719657893071e+00
1.921568627450980227e-01 3.122410008687713567e+00
1.960784313725490169e-01 2.826517485708214483e+00
2.000000000000000111e-01 3.615290574933437640e+00
2.039215686274509776e-01 3.812756792255668881e+00
2.078431372549019440e-01 1.848050166607695832e+00
2.117647058823529382e-01 2.922985751975499369e+00
2.156862745098039325e-01 4.263727424859035331e+00
2.196078431372548989e-01 4.742067630539507306e+00
2.235294117647058654e-01 4.657725271752905627e+00
2.274509803921568596e-01 3.466798620271168030e+00
2.313725490196078538e-01 2.438102667325211304e+00
2.352941176470588203e-01 2.582081231487244555e+00
2.392156862745097867e-01 4.483004764377311879e+00
2.431372549019607809e-01 4.167703013033737136e+00
2.470588235294117752e-01 4.564162886456742285e+00
2.509803921568627416e-01 4.471262292787451464e+00
2.549019607843137081e-01 6.034681109035956226e+00
2.588235294117646745e-01 4.190657654884737404e+00
2.627450980392156965e-01 4.631193901504382815e+00
2.666666666666666630e-01 4.015166698775627374e+00
2.705882352941176294e-01 4.512468011499029430e+00
2.745098039215686514e-01 4.602371187050079193e+00
2.784313725490196179e-01 5.349481808719188436e+00
2.823529411764705843e-01 3.115050515997537239e+00
2.862745098039215508e-01 4.617157154623692250e+00
2.901960784313725172e-01 6.019164887727090019e+00
2.941176470588235392e-01 4.355930813665691126e+00
2.980392156862745057e-01 5.753746777585021732e+00
3.019607843137254721e-01 3.903862759758123246e+00
3.058823529411764941e-01 4.979130168170565973e+00
3.098039215686274606e-01 4.889062396489403994e+00
3.137254901960784270e-01 4.774189846366230228e+00
3.176470588235293935e-01 3.101421280242660838e+00
3.215686274509803599e-01 4.787412241152071424e+00
3.254901960784313819e-01 5.229093396723156317e+00
3.294117647058823484e-01 5.262552497918618677e+00
3.333333333333333148e-01 4.269906211798380369e+00
3.372549019607843368e-01 6.919110794601432524e+00
3.411764705882353033e-01 4.634297924095927890e+00
3.450980392156862697e-01 5.389080078494576931e+00
3.490196078431372362e-01 6.628184879129336515e+00
3.529411764705882026e-01 5.613013184165209779e+00
3.568627450980392246e-01 6.575972987236406553e+00
3.607843137254901911e-01 7.071678412811759351e+00
3.647058823529411575e-01 6.954058235804984278e+00
3.686274509803921795e-01 6.453590497503902235e+00
3.725490196078431460e-01 3.969584096507628335e+00
3.764705882352941124e-01 6.060311171027187527e+00
3.803921568627450789e-01 5.628424820769785342e+00
3.843137254901960453e-01 5.592193095099345257e+00
3.882352941176470673e-01 6.196311637670979700e+00
3.921568627450980338e-01 5.996832092953559012e+00
3.960784313725490002e-01 6.765587843625484155e+00
4.000000000000000222e-01 5.794563813060099378e+00
4.039215686274509887e-01 7.336057425199312476e+00
4.078431372549019551e-01 6.429570665799803741e+00
4.117647058823529216e-01 6.787461563048933222e+00
4.156862745098038880e-01 7.903481388131234908e+00
4.196078431372549100e-01 5.336039819802993023e+00
4.235294117647058765e-01 6.789509545864705231e+00
4.274509803921568429e-01 6.212681826553724918e+00
4.313725490196078649e-01 6.829803918743813540e+00
4.352941176470588314e-01 5.254309284263025681e+00
4.392156862745097978e-01 6.143557981703017923e+00
4.431372549019607643e-01 8.253814305186486067e+00
4.470588235294117307e-01 7.728803170831631597e+00
4.509803921568627527e-01 7.143009594099498649e+00
4.549019607843137192e-01 8.372275792145295270e+00
4.588235294117646856e-01 5.973173497025143774e+00
4.627450980392157076e-01 9.402756689446631455e+00
4.666666666666666741e-01 7.776478519097514308e+00
4.705882352941176405e-01 7.750264242847662466e+00
4.745098039215686070e-01 7.941498517806919288e+00
4.784313725490195734e-01 7.809992574846730484e+00
4.823529411764705954e-01 9.394218341714807963e+00
4.862745098039215619e-01 8.538148614487280241e+00
4.901960784313725283e-01 8.105158688021164792e+00
4.941176470588235503e-01 8.398000969922414072e+00
4.980392156862745168e-01 7.058701446775829780e+00
5.019607843137254832e-01 8.003559232430994541e+00
5.058823529411764497e-01 6.699968296263535628e+00
5.098039215686274161e-01 6.121367726304844936e+00
5.137254901960783826e-01 9.550693729363265660e+00
5.176470588235293491e-01 9.850172561368925273e+00
5.215686274509804266e-01 9.922774228532921015e+00
5.254901960784313930e-01 8.051097427891365399e+00
5.294117647058823595e-01 7.493644337521361720e+00
5.333333333333333259e-01 9.986689943315282036e+00
5.372549019607842924e-01 7.409922284499359968e+00
5.411764705882352589e-01 8.175411469654635610e+00
5.450980392156862253e-01 8.077556101789458154e+00
5.490196078431373028e-01 1.089638159034705112e+01
5.529411764705882693e-01 8.355875153782577058e+00
5.568627450980392357e-01 8.427125205519379492e+00
5.607843137254902022e-01 7.457362477553434843e+00
5.647058823529411686e-01 7.744388150680973304e+00
5.686274509803921351e-01 8.838389712684548982e+00
5.725490196078431016e-01 7.364008246399970758e+00
5.764705882352940680e-01 1.090524048993208694e+01
5.803921568627450345e-01 7.261353759598593527e+00
5.843137254901961120e-01 9.112729739339874513e+00
5.882352941176470784e-01 9.788796991293644112e+00
5.921568627450980449e-01 9.162957201411053632e+00
5.960784313725490113e-01 8.363225112645478632e+00
5.999999999999999778e-01 1.095450926889697918e+01
6.039215686274509443e-01 1.171708852956416536e+01
6.078431372549019107e-01 1.010422640732205934e+01
6.117647058823529882e-01 9.031455377964649145e+00
6.156862745098039547e-01 8.927124000134650572e+00
6.196078431372549211e-01 8.851256277025473906e+00
6.235294117647058876e-01 8.778703514105446359e+00
6.274509803921568540e-01 1.010551488433686984e+01
6.313725490196078205e-01 9.844749722361751054e+00
6.352941176470587870e-01 1.038317148240796151e+01
6.392156862745097534e-01 9.649810277829919514e+00
6.431372549019607199e-01 9.285326215737647715e+00
6.470588235294117974e-01 1.035813474423732394e+01
6.509803921568627638e-01 1.060031551275399053e+01
6.549019607843137303e-01 9.807545874578789125e+00
6.588235294117646967e-01 7.253232413629843833e+00
6.627450980392156632e-01 1.134541113076999785e+01
6.666666666666666297e-01 8.957175025788131961e+00
6.705882352941175961e-01 9.807158314906978092e+00
6.745098039215686736e-01 9.628267869067389739e+00
6.784313725490196401e-01 8.846370283755346620e+00
6.823529411764706065e-01 7.300339847552654859e+00
6.862745098039215730e-01 9.856557106951544966e+00
6.901960784313725394e-01 8.226001181340039992e+00
6.941176470588235059e-01 1.050956837849047432e+01
6.980392156862744724e-01 1.000827002253226894e+01
7.019607843137254388e-01 9.859150943594251260e+00
7.058823529411764053e-01 8.277103544713554584e+00
7.098039215686274828e-01 1.020863128921020291e+01
7.137254901960784492e-01 1.023280071246708367e+01
7.176470588235294157e-01 9.159440230125859728e+00
7.215686274509803821e-01 1.124737509579595240e+01
7.254901960784313486e-01 9.469859071559332264e+00
7.294117647058823151e-01 1.010960581262049729e+01
7.333333333333332815e-01 1.029543111428419877e+01
7.372549019607843590e-01 8.897628553935172491e+00
7.411764705882353255e-01 9.284996605036296202e+00
7.450980392156862919e-01 9.196935018469019951e+00
7.490196078431372584e-01 9.751903306226205714e+00
7.529411764705882248e-01 9.700504098702696254e+00
7.568627450980391913e-01 9.909854118585670335e+00
7.607843137254901578e-01 9.824597436154515862e+00
7.647058823529411242e-01 8.592026050966698136e+00
7.686274509803920907e-01 9.376062952147638185e+00
7.725490196078431682e-01 7.689197215747119785e+00
7.764705882352941346e-01 9.712646229901606532e+00
7.803921568627451011e-01 9.545728336008737713e+00
7.843137254901960675e-01 1.028035112907970827e+01
7.882352941176470340e-01 1.029459605566305491e+01
7.921568627450980005e-01 6.968245863592152034e+00
7.960784313725489669e-01 8.995724195160951453e+00
8.000000000000000444e-01 9.148264740485881674e+00
8.039215686274510109e-01 9.913583671940051190e+00
8.078431372549019773e-01 7.278390081726042737e+00
8.117647058823529438e-01 9.766107887810317578e+00
8.156862745098039102e-01 1.038212238250637753e+01
8.196078431372548767e-01 1.001273771309875116e+01
8.235294117647058432e-01 9.871176646948823574e+00
8.274509803921568096e-01 8.842148271322708197e+00
8.313725490196077761e-01 8.660540750199473337e+00
8.352941176470588536e-01 9.185618655714185010e+00
8.392156862745098200e-01 9.405995649073995324e+00
8.431372549019607865e-01 1.003260400179089906e+01
8.470588235294117530e-01 8.538716130610790600e+00
8.509803921568627194e-01 1.069273552772237146e+01
8.549019607843136859e-01 1.216412426083373433e+01
8.588235294117646523e-01 9.042196290082380017e+00
8.627450980392157298e-01 9.440144642474640690e+00
8.666666666666666963e-01 7.108940906010853489e+00
8.705882352941176627e-01 8.201570163672057490e+00
8.745098039215686292e-01 7.733407005237371123e+00
8.784313725490195957e-01 9.291106438510293941e+00
8.823529411764705621e-01 9.063677378373229843e+00
8.862745098039215286e-01 1.092140438996604601e+01
8.901960784313724950e-01 1.086962793397858462e+01
8.941176470588234615e-01 1.043009395179582022e+01
8.980392156862745390e-01 7.984399737179229462e+00
9.019607843137255054e-01 8.438975693980898640e+00
9.058823529411764719e-01 8.660795419097933490e+00
9.098039215686274384e-01 1.057659917225085699e+01
9.137254901960784048e-01 9.327093040057855333e+00
9.176470588235293713e-01 9.552377387067146230e+00
9.215686274509803377e-01 8.040710843543102726e+00
9.254901960784314152e-01 8.476733817492462464e+00
9.294117647058823817e-01 9.834508812735350602e+00
9.333333333333333481e-01 9.206008723585298981e+00
9.372549019607843146e-01 1.027453584165069245e+01
9.411764705882352811e-01 1.027833574325676480e+01
9.450980392156862475e-01 9.529592920284521540e+00
9.490196078431372140e-01 9.168516460456448414e+00
9.529411764705881804e-01 7.590635726121220728e+00
9.568627450980391469e-01 8.543154259274265527e+00
9.607843137254902244e-01 8.242970222927597845e+00
9.647058823529411908e-01 1.038442315905598434e+01
9.686274509803921573e-01 9.045199170808082556e+00
9.725490196078431238e-01 9.994503144908639669e+00
9.764705882352940902e-01 7.870306345369992407e+00
9.803921568627450567e-01 8.986530832431162352e+00
9.843137254901960231e-01 8.573807025172152763e+00
9.882352941176471006e-01 7.918854699437877898e+00
9.921568627450980671e-01 8.844000964811387533e+00
9.960784313725490335e-01 1.044400349231316838e+01
1.000000000000000000e+00 6.348616154256362165e+00
