0.000000000000000000e+00 -2.148541261677738845e-02
3.921568627450980338e-03 1.302825702848556144e+00
7.843137254901960675e-03 -1.408993481711998452e+00
1.176470588235294101e-02 8.413657870091775237e-01
1.568627450980392135e-02 -2.225855376955181875e+00
1.960784313725490169e-02 2.511206940327004311e-02
2.352941176470588203e-02 -2.634219013120231878e+00
2.745098039215686236e-02 2.487036782582973116e-01
3.137254901960784270e-02 -5.019393360056773057e-01
3.529411764705882304e-02 -9.032415943574297890e-01
3.921568627450980338e-02 -1.083736967177503896e+00
4.313725490196078372e-02 -1.158096759322056801e+00
4.705882352941176405e-02 -2.327390701374485726e-01
5.098039215686274439e-02 -9.943466988298911291e-01
5.490196078431372473e-02 7.179018360450646341e-01
5.882352941176470507e-02 -1.811363586550782667e-01
6.274509803921568540e-02 7.996114925486385028e-01
6.666666666666666574e-02 -3.492359501667520183e-01
7.058823529411764608e-02 1.293096983020494362e+00
7.450980392156862642e-02 2.011036052930223472e-01
7.843137254901960675e-02 8.009795371385264318e-01
8.235294117647058709e-02 -5.421581537205161228e-01
8.627450980392156743e-02 2.835241698223669893e+00
9.019607843137254777e-02 8.012992413319166563e-01
9.411764705882352811e-02 3.055989074365563773e+00
9.803921568627450844e-02 2.362036384750532680e-01
1.019607843137254888e-01 -9.643275200311509643e-01
1.058823529411764691e-01 5.719125332210462931e-01
1.098039215686274495e-01 1.616657546281455637e+00
1.137254901960784298e-01 1.369902696701579492e+00
1.176470588235294101e-01 2.764090067904038328e+00
1.215686274509803905e-01 2.087330779123496516e+00
1.254901960784313708e-01 2.243327546442883680e+00
1.294117647058823373e-01 1.434857918590548564e-02
1.333333333333333315e-01 2.883350952694936353e+00
1.372549019607843257e-01 8.863751391120496814e-01
1.411764705882352922e-01 2.117622145663077937e+00
1.450980392156862586e-01 8.040090842131080162e-01
1.490196078431372528e-01 1.423430953719741154e+00
1.529411764705882470e-01 1.711192226300702446e+00
1.568627450980392135e-01 1.009843197023309713e+00
1.607843137254901800e-01 -2.076731827722515522e-01
1.647058823529411742e-01 2.962437292019468593e+00
1.686274509803921684e-01 1.687175391955947346e+00
1.725490196078431349e-01 8.172827677579811434e-01
1.764705882352941013e-01 1.415136922594542712e+00
1.803921568627450955e-01 1.197414558582204913e+00
1.843137254901960898e-01 1.059436717150533891e+00
1.882352941176470562e-01 2.297373677716451734e+00
1.921568627450980227e-01 2.186096923430910000e+00
1.960784313725490169e-01 2.197227397507390378e+00
2.000000000000000111e-01 2.530196268013996885e+00
2.039215686274509776e-01 2.989546366749851636e+00
2.078431372549019440e-01 9.012623582338792350e-01
2.117647058823529382e-01 1.322764682631761612e+00
2.156862745098039325e-01 2.278554005841228136e+00
2.196078431372548989e-01 5.326415432143329909e+00
2.235294117647058654e-01 1.765615133928295055e+00
2.274509803921568596e-01 2.806912983633214509e+00
2.313725490196078538e-01 1.906419397882966882e+00
2.352941176470588203e-01 2.308278222165988325e+00
2.392156862745097867e-01 1.235301867454720481e+00
2.431372549019607809e-01 1.786918362585165454e+00
2.470588235294117752e-01 1.468269906532120306e+00
2.509803921568627416e-01 5.918382481134965012e-01
2.549019607843137081e-01 3.184432702433640294e+00
2.588235294117646745e-01 1.525192171990105594e+00
2.627450980392156965e-01 3.668913274949182846e+00
2.666666666666666630e-01 3.552344140449434029e+00
2.705882352941176294e-01 1.963936556083863305e+00
2.745098039215686514e-01 2.713810308875379995e+00
2.784313725490196179e-01 4.056629199750990011e+00
2.823529411764705843e-01 2.573627165265583994e+00
2.862745098039215508e-01 2.220898968581910715e+00
2.901960784313725172e-01 3.025583287144847588e+00
2.941176470588235392e-01 3.104497512958761973e+00
2.980392156862745057e-01 4.110796249249450085e+00
3.019607843137254721e-01 3.266455959067498416e+00
3.058823529411764941e-01 2.991948632035062339e+00
3.098039215686274606e-01 1.663395088494567187e+00
3.137254901960784270e-01 3.170641274829826273e+00
3.176470588235293935e-01 2.341333829427540092e+00
3.215686274509803599e-01 2.054103889826367713e+00
3.254901960784313819e-01 5.389111567809839798e+00
3.294117647058823484e-01 4.531402019220815092e+00
3.333333333333333148e-01 2.539008762262823460e+00
3.372549019607843368e-01 1.750476294263959787e+00
3.411764705882353033e-01 4.278006241894759754e+00
3.450980392156862697e-01 2.141834982349956285e+00
3.490196078431372362e-01 2.253940062020257429e+00
3.529411764705882026e-01 4.549280069444645136e+00
3.568627450980392246e-01 3.571265468129541709e+00
3.607843137254901911e-01 3.325070562119544881e+00
3.647058823529411575e-01 2.402943878241706521e+00
3.686274509803921795e-01 4.087536480983983367e+00
3.725490196078431460e-01 2.381479708608527979e+00
3.764705882352941124e-01 3.661405283823867762e+00
3.803921568627450789e-01 3.612278699389821046e+00
3.843137254901960453e-01 3.928308940727738285e+00
3.882352941176470673e-01 2.207817558306618189e+00
3.921568627450980338e-01 3.816914700246291314e+00
3.960784313725490002e-01 2.920420438545832553e+00
4.000000000000000222e-01 2.822263568251350385e+00
4.039215686274509887e-01 3.634889392455555424e+00
4.078431372549019551e-01 2.337352344317357389e+00
4.117647058823529216e-01 4.087955413940917104e+00
4.156862745098038880e-01 4.149664028627918277e+00
4.196078431372549100e-01 2.312817173703943130e+00
4.235294117647058765e-01 1.873659132434319252e+00
4.274509803921568429e-01 2.682556410392737511e+00
4.313725490196078649e-01 4.181473195139321142e+00
4.352941176470588314e-01 3.538816854465957285e+00
4.392156862745097978e-01 2.733789256474129292e+00
4.431372549019607643e-01 1.766988828918195642e+00
4.470588235294117307e-01 3.780681195854239895e+00
4.509803921568627527e-01 4.641781429760902355e+00
4.549019607843137192e-01 3.406023802718553206e+00
4.588235294117646856e-01 3.575504829199610324e+00
4.627450980392157076e-01 3.864059160069515997e+00
4.666666666666666741e-01 1.670312702603155008e+00
4.705882352941176405e-01 3.958742028414458769e+00
4.745098039215686070e-01 1.921290590297758838e+00
4.784313725490195734e-01 2.885111160859340274e+00
4.823529411764705954e-01 1.416077639125021603e+00
4.862745098039215619e-01 3.971129052293045358e+00
4.901960784313725283e-01 1.849088110636067928e+00
4.941176470588235503e-01 2.914960999218299431e+00
4.980392156862745168e-01 3.315890887855051261e+00
5.019607843137254832e-01 4.176241408207187256e+00
5.058823529411764497e-01 3.467301825422617778e+00
5.098039215686274161e-01 2.646865773583749970e+00
5.137254901960783826e-01 4.740147882688988901e+00
5.176470588235293491e-01 3.885597766534624853e+00
5.215686274509804266e-01 4.708939206422934731e+00
5.254901960784313930e-01 4.373282036845392184e+00
5.294117647058823595e-01 3.004049857648875221e+00
5.333333333333333259e-01 2.392730761348765167e+00
5.372549019607842924e-01 2.874952399884219467e+00
5.411764705882352589e-01 3.916124222249416142e+00
5.450980392156862253e-01 3.315385506500901691e+00
5.490196078431373028e-01 3.016265281053571723e+00
5.529411764705882693e-01 4.095989208916016366e+00
5.568627450980392357e-01 3.221734345113823395e+00
5.607843137254902022e-01 3.217564062326350616e+00
5.647058823529411686e-01 3.437715765712453742e+00
5.686274509803921351e-01 2.304932590395742054e+00
5.725490196078431016e-01 1.843665658605817326e+00
5.764705882352940680e-01 1.692672518599395159e+00
5.803921568627450345e-01 3.278853763345671357e+00
5.843137254901961120e-01 3.602004301663156216e+00
5.882352941176470784e-01 2.465791404086865146e+00
5.921568627450980449e-01 2.799173276239413699e+00
5.960784313725490113e-01 4.060804369558407956e+00
5.999999999999999778e-01 3.451394262756708464e+00
6.039215686274509443e-01 2.590520318771458719e+00
6.078431372549019107e-01 3.926218040293652844e+00
6.117647058823529882e-01 3.257467080787634028e+00
6.156862745098039547e-01 1.521947222575498193e+00
6.196078431372549211e-01 3.565568630557558905e+00
6.235294117647058876e-01 1.731514286275754433e+00
6.274509803921568540e-01 4.018128919366773744e+00
6.313725490196078205e-01 3.570359216001202540e+00
6.352941176470587870e-01 4.212271846550954102e+00
6.392156862745097534e-01 2.161493913714993553e+00
6.431372549019607199e-01 3.818067431379263521e+00
6.470588235294117974e-01 2.863241010377560514e+00
6.509803921568627638e-01 3.972103540125556442e+00
6.549019607843137303e-01 2.118222805519819563e+00
6.588235294117646967e-01 2.232496828837159164e+00
6.627450980392156632e-01 3.285602304510991445e+00
6.666666666666666297e-01 1.604127390968710820e+00
6.705882352941175961e-01 2.121198818143156473e+00
6.745098039215686736e-01 3.110892661265229009e+00
6.784313725490196401e-01 4.155076646540383223e+00
6.823529411764706065e-01 5.655288717200091853e+00
6.862745098039215730e-01 1.734476365948008025e+00
6.901960784313725394e-01 3.092720327156367688e+00
6.941176470588235059e-01 3.048492951417693941e+00
6.980392156862744724e-01 2.905322381683380861e+00
7.019607843137254388e-01 2.017334906029207620e+00
7.058823529411764053e-01 3.646850392072014113e+00
7.098039215686274828e-01 3.452618622835437634e+00
7.137254901960784492e-01 3.437287776086472846e+00
7.176470588235294157e-01 2.626986767740421058e+00
7.215686274509803821e-01 2.848039714130885525e+00
7.254901960784313486e-01 3.237823060682633258e+00
7.294117647058823151e-01 2.951095494617646420e+00
7.333333333333332815e-01 3.704523539338335780e+00
7.372549019607843590e-01 3.774549580546872285e+00
7.411764705882353255e-01 1.437439816027026973e+00
7.450980392156862919e-01 4.219689837183953962e+00
7.490196078431372584e-01 3.457211758158234893e+00
7.529411764705882248e-01 2.157443207749391689e+00
7.568627450980391913e-01 2.624831412563689792e+00
7.607843137254901578e-01 1.644504869155819060e+00
7.647058823529411242e-01 3.331471211694632562e+00
7.686274509803920907e-01 2.287903978101506031e+00
7.725490196078431682e-01 3.191802210994753253e+00
7.764705882352941346e-01 2.254985777924654489e+00
7.803921568627451011e-01 4.033019669454986911e+00
7.843137254901960675e-01 2.552138741282062639e+00
7.882352941176470340e-01 2.969237579267743676e+00
7.921568627450980005e-01 2.040115251119764217e+00
7.960784313725489669e-01 3.271458308924251490e+00
8.000000000000000444e-01 2.601058110018996672e+00
8.039215686274510109e-01 3.063718018746990346e+00
8.078431372549019773e-01 2.134857243139177463e+00
8.117647058823529438e-01 4.537871758817357382e+00
8.156862745098039102e-01 2.165908839586800916e+00
8.196078431372548767e-01 9.853479963172417921e-01
8.235294117647058432e-01 3.974256424026839429e+00
8.274509803921568096e-01 2.821620220742693252e+00
8.313725490196077761e-01 2.002074139448960288e+00
8.352941176470588536e-01 2.909523359134338349e+00
8.392156862745098200e-01 2.640661214459774975e+00
8.431372549019607865e-01 2.120870094678912743e+00
8.470588235294117530e-01 9.037064712957063595e-01
8.509803921568627194e-01 1.581103535111882064e+00
8.549019607843136859e-01 2.969562309735187533e+00
8.588235294117646523e-01 4.383822530476287227e+00
8.627450980392157298e-01 2.641573330663555819e+00
8.666666666666666963e-01 2.375646769665792579e+00
8.705882352941176627e-01 1.505527713108361976e+00
8.745098039215686292e-01 1.102969656541627597e+00
8.784313725490195957e-01 6.052521564796631282e-03
8.823529411764705621e-01 3.790096594266392227e+00
8.862745098039215286e-01 2.816688201446971185e+00
8.901960784313724950e-01 3.465266154590576519e+00
8.941176470588234615e-01 2.622816729704224858e+00
8.980392156862745390e-01 3.485249119004070195e+00
9.019607843137255054e-01 1.167249012620704907e+00
9.058823529411764719e-01 9.691116330335807216e-01
9.098039215686274384e-01 2.420111876448859167e+00
9.137254901960784048e-01 2.063108196178015774e+00
9.176470588235293713e-01 1.776571998619577819e+00
9.215686274509803377e-01 1.988114555274086204e+00
9.254901960784314152e-01 1.339168430415615729e+00
9.294117647058823817e-01 2.443708607079504880e+00
9.333333333333333481e-01 1.695945688632255699e+00
9.372549019607843146e-01 3.533375205129511976e-01
9.411764705882352811e-01 1.983114063862624565e+00
9.450980392156862475e-01 1.851295007484939692e+00
9.490196078431372140e-01 -2.508006576321264447e-02
9.529411764705881804e-01 -1.961557582572659442e-01
9.568627450980391469e-01 2.317575594181694232e+00
9.607843137254902244e-01 1.206862935267888348e+00
9.647058823529411908e-01 6.057205052749133900e-01
9.686274509803921573e-01 -8.607387348250992165e-01
9.725490196078431238e-01 9.837693011392841802e-01
9.764705882352940902e-01 2.914337223407755140e+00
9.803921568627450567e-01 1.112539841432897969e+00
9.843137254901960231e-01 1.315222472783571739e+00
9.882352941176471006e-01 -6.457150945055347702e-01
9.921568627450980671e-01 -6.181892834603852638e-02
9.960784313725490335e-01 1.083872523905207608e+00
1.000000000000000000e+00 7.636366319462194463e-01
