0.000000000000000000e+00 2.690110665945984803e+00
3.921568627450980338e-03 3.576151185340330052e+00
7.843137254901960675e-03 1.802392438691173382e+00
1.176470588235294101e-02 2.668474385699165286e+00
1.568627450980392135e-02 1.719107176593497766e+00
1.960784313725490169e-02 1.757817406909807367e+00
2.352941176470588203e-02 3.002117721044554877e+00
2.745098039215686236e-02 2.805211741477572573e+00
3.137254901960784270e-02 3.139095455535674262e+00
3.529411764705882304e-02 1.991938418884823481e+00
3.921568627450980338e-02 2.040638921947283357e+00
4.313725490196078372e-02 1.366904032053090301e+00
4.705882352941176405e-02 2.127424221995580567e+00
5.098039215686274439e-02 3.562915413793618313e+00
5.490196078431372473e-02 7.543007726978421257e-01
5.882352941176470507e-02 -5.222589955839527232e-01
6.274509803921568540e-02 1.475587733346809038e+00
6.666666666666666574e-02 1.789337796536761616e+00
7.058823529411764608e-02 5.319261743184604541e-01
7.450980392156862642e-02 3.418402227328169563e+00
7.843137254901960675e-02 3.288252602995028084e+00
8.235294117647058709e-02 2.025109505883023964e+00
8.627450980392156743e-02 1.742094126527622633e+00
9.019607843137254777e-02 1.435643004989549221e+00
9.411764705882352811e-02 1.814234102782088742e+00
9.803921568627450844e-02 2.907837811826010643e+00
1.019607843137254888e-01 1.847704576014862488e+00
1.058823529411764691e-01 2.162941496327606572e+00
1.098039215686274495e-01 6.279898583759279118e-01
1.137254901960784298e-01 3.092342399171078782e+00
1.176470588235294101e-01 2.405871687934400427e+00
1.215686274509803905e-01 2.420084048174401925e+00
1.254901960784313708e-01 1.026873828549167644e+00
1.294117647058823373e-01 1.652218463018798378e+00
1.333333333333333315e-01 1.281363307731881784e+00
1.372549019607843257e-01 2.266573355153163938e+00
1.411764705882352922e-01 2.906197097621966652e+00
1.450980392156862586e-01 3.691475585999366871e+00
1.490196078431372528e-01 1.235697071629582533e+00
1.529411764705882470e-01 5.144259842934446603e-01
1.568627450980392135e-01 1.586218502691156162e+00
1.607843137254901800e-01 1.053752399297922748e+00
1.647058823529411742e-01 3.250275585904359055e+00
1.686274509803921684e-01 2.868996118085837210e+00
1.725490196078431349e-01 1.502788430349071946e+00
1.764705882352941013e-01 1.280189991251464043e+00
1.803921568627450955e-01 1.658996822885557831e+00
1.843137254901960898e-01 3.285091474570178693e+00
1.882352941176470562e-01 2.948754303819052680e+00
1.921568627450980227e-01 1.760786668502038577e+00
1.960784313725490169e-01 2.101308178263632698e+00
2.000000000000000111e-01 2.260286358472231250e+00
2.039215686274509776e-01 1.218476490254703837e+00
2.078431372549019440e-01 1.553833129187321971e+00
2.117647058823529382e-01 1.027007722261473299e+00
2.156862745098039325e-01 1.555329122472513870e+00
2.196078431372548989e-01 1.660103548412685814e+00
2.235294117647058654e-01 2.772670602017246466e+00
2.274509803921568596e-01 2.779442063129189844e+00
2.313725490196078538e-01 2.245446692517272247e+00
2.352941176470588203e-01 2.891985520615081739e+00
2.392156862745097867e-01 2.124480546662574909e+00
2.431372549019607809e-01 2.381903914569670100e+00
2.470588235294117752e-01 2.035236822397714196e+00
2.509803921568627416e-01 2.055055283277838818e+00
2.549019607843137081e-01 2.390654702823439948e+00
2.588235294117646745e-01 1.948658541385516862e+00
2.627450980392156965e-01 4.056772255245528314e+00
2.666666666666666630e-01 1.899757923458885944e+00
2.705882352941176294e-01 1.232861710707223946e+00
2.745098039215686514e-01 2.645247199140470684e+00
2.784313725490196179e-01 3.228199312521479847e+00
2.823529411764705843e-01 2.097750317843015910e+00
2.862745098039215508e-01 3.270691314208068690e+00
2.901960784313725172e-01 2.257237092142381218e+00
2.941176470588235392e-01 1.498058135285924575e+00
2.980392156862745057e-01 3.718653442029920431e+00
3.019607843137254721e-01 4.199006961467525834e+00
3.058823529411764941e-01 1.848440063519390275e+00
3.098039215686274606e-01 2.543572938230304725e+00
3.137254901960784270e-01 1.478554137028977866e+00
3.176470588235293935e-01 2.605244131703411625e+00
3.215686274509803599e-01 3.658589698682961355e+00
3.254901960784313819e-01 4.438525938946956906e+00
3.294117647058823484e-01 1.651259665188294035e+00
3.333333333333333148e-01 1.429290401359416096e+00
3.372549019607843368e-01 4.569645436121777315e+00
3.411764705882353033e-01 4.142114909424265967e-01
3.450980392156862697e-01 4.414051783063866807e+00
3.490196078431372362e-01 3.928412615678974706e+00
3.529411764705882026e-01 3.597486048244354251e+00
3.568627450980392246e-01 2.603701344039207832e+00
3.607843137254901911e-01 1.648406071834239706e+00
3.647058823529411575e-01 2.575588932490470384e+00
3.686274509803921795e-01 2.695403937367403913e+00
3.725490196078431460e-01 2.493414130315301236e-01
3.764705882352941124e-01 1.644331902252739619e+00
3.803921568627450789e-01 2.645187428581767364e+00
3.843137254901960453e-01 4.010378376946024837e+00
3.882352941176470673e-01 5.251257361106638655e+00
3.921568627450980338e-01 3.116470524500678074e+00
3.960784313725490002e-01 5.183361303343965609e+00
4.000000000000000222e-01 3.957322021096414399e+00
4.039215686274509887e-01 3.490102558351987128e+00
4.078431372549019551e-01 3.948294829437454467e+00
4.117647058823529216e-01 3.515550296442034650e+00
4.156862745098038880e-01 3.716002735747877317e+00
4.196078431372549100e-01 1.947678551385052304e+00
4.235294117647058765e-01 3.454158892561300931e+00
4.274509803921568429e-01 3.307518513358723489e+00
4.313725490196078649e-01 4.305201896816519991e+00
4.352941176470588314e-01 2.842110706860908387e+00
4.392156862745097978e-01 2.124126852577113311e+00
4.431372549019607643e-01 3.354111909518992629e+00
4.470588235294117307e-01 2.734061530328144141e+00
4.509803921568627527e-01 6.513967639127474563e+00
4.549019607843137192e-01 4.137209841549933209e+00
4.588235294117646856e-01 2.027849774882439782e+00
4.627450980392157076e-01 3.965289621629225714e+00
4.666666666666666741e-01 3.728914226067497228e+00
4.705882352941176405e-01 2.716259853584670481e+00
4.745098039215686070e-01 2.147152377637040033e+00
4.784313725490195734e-01 4.996554362765697199e+00
4.823529411764705954e-01 2.787776294541643107e+00
4.862745098039215619e-01 1.615635302233093595e+00
4.901960784313725283e-01 2.481966634346973066e+00
4.941176470588235503e-01 3.916629464306305319e+00
4.980392156862745168e-01 2.112046984816143613e+00
5.019607843137254832e-01 3.075113235959419100e+00
5.058823529411764497e-01 3.712744112445094835e+00
5.098039215686274161e-01 4.141816082969313584e+00
5.137254901960783826e-01 3.498763450192120761e+00
5.176470588235293491e-01 3.997437204082643358e+00
5.215686274509804266e-01 2.473581228508380470e+00
5.254901960784313930e-01 4.210602187521319095e+00
5.294117647058823595e-01 2.709685247579280087e+00
5.333333333333333259e-01 3.273153099205030614e+00
5.372549019607842924e-01 5.404125864590438866e+00
5.411764705882352589e-01 3.998007600514048576e+00
5.450980392156862253e-01 3.261151403676459282e+00
5.490196078431373028e-01 3.147793122599266358e+00
5.529411764705882693e-01 3.442276155076336774e+00
5.568627450980392357e-01 3.536948735055817750e+00
5.607843137254902022e-01 4.960804134065011972e+00
5.647058823529411686e-01 4.893414200231855027e+00
5.686274509803921351e-01 4.495054832046553095e+00
5.725490196078431016e-01 4.097599402875363062e+00
5.764705882352940680e-01 4.934542600901247411e+00
5.803921568627450345e-01 4.010685961995345217e+00
5.843137254901961120e-01 2.713890097281108638e+00
5.882352941176470784e-01 2.289510626625129497e+00
5.921568627450980449e-01 1.634842405447608282e+00
5.960784313725490113e-01 4.202160838623949068e+00
5.999999999999999778e-01 4.242518085378689463e+00
6.039215686274509443e-01 3.250700990078148944e+00
6.078431372549019107e-01 2.498008605144098837e+00
6.117647058823529882e-01 2.385224858720939256e+00
6.156862745098039547e-01 2.239875399917597321e+00
6.196078431372549211e-01 2.395747409946380024e+00
6.235294117647058876e-01 2.481270375219872371e+00
6.274509803921568540e-01 2.142092921469942457e+00
6.313725490196078205e-01 3.380214080671527288e+00
6.352941176470587870e-01 3.502829453673083293e+00
6.392156862745097534e-01 2.511753080832447527e+00
6.431372549019607199e-01 2.054852133705478145e+00
6.470588235294117974e-01 1.553455357805975767e+00
6.509803921568627638e-01 4.037223973363683882e+00
6.549019607843137303e-01 3.629374843703379927e+00
6.588235294117646967e-01 3.510512541517830876e+00
6.627450980392156632e-01 2.189344383016886830e+00
6.666666666666666297e-01 5.540946296458151288e+00
6.705882352941175961e-01 1.317928933914392031e+00
6.745098039215686736e-01 3.637622075469625127e+00
6.784313725490196401e-01 3.359751687445783119e+00
6.823529411764706065e-01 3.332453911330750085e+00
6.862745098039215730e-01 8.419148146773256514e-01
6.901960784313725394e-01 3.181262265271689316e+00
6.941176470588235059e-01 3.223086331343417932e+00
6.980392156862744724e-01 2.601792710058222990e+00
7.019607843137254388e-01 2.785613100201116410e+00
7.058823529411764053e-01 2.698028680062342755e+00
7.098039215686274828e-01 1.806900151058324244e+00
7.137254901960784492e-01 4.741475824541176110e+00
7.176470588235294157e-01 4.090615606654610659e+00
7.215686274509803821e-01 3.330603332421794960e+00
7.254901960784313486e-01 2.620856553184243154e+00
7.294117647058823151e-01 2.455592329479161950e+00
7.333333333333332815e-01 3.233859726554285885e+00
7.372549019607843590e-01 3.407335253555713539e+00
7.411764705882353255e-01 1.666415509633430769e+00
7.450980392156862919e-01 3.147098401825944691e+00
7.490196078431372584e-01 2.448591734853486024e+00
7.529411764705882248e-01 4.862066402178493618e+00
7.568627450980391913e-01 1.175593255833877082e+00
7.607843137254901578e-01 3.470325704452891458e+00
7.647058823529411242e-01 1.590693436616335887e+00
7.686274509803920907e-01 2.043825270488443646e+00
7.725490196078431682e-01 1.243637082296575436e+00
7.764705882352941346e-01 3.514781684449125976e+00
7.803921568627451011e-01 3.593139995204706949e+00
7.843137254901960675e-01 2.451977564439878243e+00
7.882352941176470340e-01 2.225848467851844870e+00
7.921568627450980005e-01 1.980641753399466687e+00
7.960784313725489669e-01 1.997106630094369173e+00
8.000000000000000444e-01 3.100398530114740758e+00
8.039215686274510109e-01 1.831253017825000384e+00
8.078431372549019773e-01 4.557239445227878605e-02
8.117647058823529438e-01 2.663808955172506376e+00
8.156862745098039102e-01 2.278676965219542883e+00
8.196078431372548767e-01 2.272563427062967989e+00
8.235294117647058432e-01 3.003737686935900708e+00
8.274509803921568096e-01 2.433683579208464565e+00
8.313725490196077761e-01 2.487244111793645462e+00
8.352941176470588536e-01 1.890764535492496012e+00
8.392156862745098200e-01 7.356802418742784955e-01
8.431372549019607865e-01 6.366508857645909458e-01
8.470588235294117530e-01 2.247425376393837659e+00
8.509803921568627194e-01 2.990041899215484467e+00
8.549019607843136859e-01 2.033732072153074721e+00
8.588235294117646523e-01 2.025883266470473565e+00
8.627450980392157298e-01 -2.813480692682723827e-01
8.666666666666666963e-01 1.824165110472593776e+00
8.705882352941176627e-01 2.257917247472976729e+00
8.745098039215686292e-01 4.325802571823647025e-01
8.784313725490195957e-01 2.876864561057903558e+00
8.823529411764705621e-01 1.252920223707727487e-01
8.862745098039215286e-01 1.340549004735951844e+00
8.901960784313724950e-01 1.180450151181033913e+00
8.941176470588234615e-01 2.927038680934053616e+00
8.980392156862745390e-01 1.347915315862059149e+00
9.019607843137255054e-01 3.193227991493897022e+00
9.058823529411764719e-01 2.593679007660929514e+00
9.098039215686274384e-01 1.602921781876380569e+00
9.137254901960784048e-01 1.256628941771080310e+00
9.176470588235293713e-01 2.997598571796860067e+00
9.215686274509803377e-01 4.018129431621146885e+00
9.254901960784314152e-01 2.355046314787767603e+00
9.294117647058823817e-01 1.551946986881836077e+00
9.333333333333333481e-01 2.449291334172681633e+00
9.372549019607843146e-01 4.620062570920415723e-01
9.411764705882352811e-01 3.527595310537192219e+00
9.450980392156862475e-01 1.210757403263435616e+00
9.490196078431372140e-01 2.887088622896698098e+00
9.529411764705881804e-01 1.366815446702984049e+00
9.568627450980391469e-01 8.066190143737169693e-01
9.607843137254902244e-01 2.969352554667506361e+00
9.647058823529411908e-01 -5.379347369684723823e-01
9.686274509803921573e-01 2.442011951661669400e+00
9.725490196078431238e-01 3.868158943441902586e+00
9.764705882352940902e-01 3.582765517187444626e+00
9.803921568627450567e-01 1.721318107976559819e+00
9.843137254901960231e-01 2.144846543312952214e+00
9.882352941176471006e-01 2.221592543403547282e+00
9.921568627450980671e-01 1.508387843677785556e+00
9.960784313725490335e-01 3.388139490270990706e+00
1.000000000000000000e+00 4.002520447798191938e+00
