0.000000000000000000e+00 3.261843740316493268e+00
3.921568627450980338e-03 1.511951325241859934e+00
7.843137254901960675e-03 3.438566464358981278e+00
1.176470588235294101e-02 2.608741913455439931e+00
1.568627450980392135e-02 3.012400501586275148e+00
1.960784313725490169e-02 3.140397236056065022e+00
2.352941176470588203e-02 2.663552179761195404e+00
2.745098039215686236e-02 2.780633583463233638e+00
3.137254901960784270e-02 4.325056076373140712e+00
3.529411764705882304e-02 2.873525595706984070e+00
3.921568627450980338e-02 1.957749539195830391e+00
4.313725490196078372e-02 4.899354389407960753e+00
4.705882352941176405e-02 3.798374351346448297e+00
5.098039215686274439e-02 3.690241216032121851e+00
5.490196078431372473e-02 2.177120340175257684e+00
5.882352941176470507e-02 1.623523244756994055e+00
6.274509803921568540e-02 3.957106564891106348e+00
6.666666666666666574e-02 2.447824496113834680e+00
7.058823529411764608e-02 3.100057333603620791e+00
7.450980392156862642e-02 3.921456546339823657e+00
7.843137254901960675e-02 4.846459572773800240e+00
8.235294117647058709e-02 1.639832502789674296e+00
8.627450980392156743e-02 3.875663530734922091e+00
9.019607843137254777e-02 3.014330412685530369e+00
9.411764705882352811e-02 1.842280833654315941e+00
9.803921568627450844e-02 4.349216653840722202e+00
1.019607843137254888e-01 3.940028432410153769e+00
1.058823529411764691e-01 3.039434669573478409e+00
1.098039215686274495e-01 3.558553756849563321e+00
1.137254901960784298e-01 3.004993257846344967e+00
1.176470588235294101e-01 3.771272216915124709e+00
1.215686274509803905e-01 4.652833649383789627e+00
1.254901960784313708e-01 4.763022570878423956e+00
1.294117647058823373e-01 5.523259353149313711e+00
1.333333333333333315e-01 3.063203107361386124e+00
1.372549019607843257e-01 3.614133977050449253e+00
1.411764705882352922e-01 5.183425981769311797e+00
1.450980392156862586e-01 3.825588042795703636e+00
1.490196078431372528e-01 5.884256101743026157e+00
1.529411764705882470e-01 4.858592071733334627e+00
1.568627450980392135e-01 3.205815085686812616e+00
1.607843137254901800e-01 3.153375478827422640e+00
1.647058823529411742e-01 5.172594843646423080e+00
1.686274509803921684e-01 6.454075575006052112e+00
1.725490196078431349e-01 4.974034843434920639e+00
1.764705882352941013e-01 5.194049392258025755e+00
1.803921568627450955e-01 4.948565402463867002e+00
1.843137254901960898e-01 3.786639405996301999e+00
1.882352941176470562e-01 3.959613485865704163e+00
1.921568627450980227e-01 6.281981719537174769e+00
1.960784313725490169e-01 4.216399725956955002e+00
2.000000000000000111e-01 5.630579532668086529e+00
2.039215686274509776e-01 5.248358165491497473e+00
2.078431372549019440e-01 4.383709236519377939e+00
2.117647058823529382e-01 4.965681229092771432e+00
2.156862745098039325e-01 5.816169433368715502e+00
2.196078431372548989e-01 6.231689013580617775e+00
2.235294117647058654e-01 7.343828835868451144e+00
2.274509803921568596e-01 6.061219314142237913e+00
2.313725490196078538e-01 6.086381055640934790e+00
2.352941176470588203e-01 4.001321976607445485e+00
2.392156862745097867e-01 4.997315066823610152e+00
2.431372549019607809e-01 4.924396227647919844e+00
2.470588235294117752e-01 6.145540741172820454e+00
2.509803921568627416e-01 5.186651111134409575e+00
2.549019607843137081e-01 5.694134322071208842e+00
2.588235294117646745e-01 4.913089068844374907e+00
2.627450980392156965e-01 7.453795376949889473e+00
2.666666666666666630e-01 5.408680706257208648e+00
2.705882352941176294e-01 5.174548130410871138e+00
2.745098039215686514e-01 7.797335321312290013e+00
2.784313725490196179e-01 5.545300409062997815e+00
2.823529411764705843e-01 6.875136719444582489e+00
2.862745098039215508e-01 7.159703898630656482e+00
2.901960784313725172e-01 7.285807746882910330e+00
2.941176470588235392e-01 7.253938153685693280e+00
2.980392156862745057e-01 7.216047715261154849e+00
3.019607843137254721e-01 8.276835234521106699e+00
3.058823529411764941e-01 6.737354082434251268e+00
3.098039215686274606e-01 8.532457988522518022e+00
3.137254901960784270e-01 8.478357486137777954e+00
3.176470588235293935e-01 7.841121450048397890e+00
3.215686274509803599e-01 6.710494332839332721e+00
3.254901960784313819e-01 6.646411517602161645e+00
3.294117647058823484e-01 6.684374150250251390e+00
3.333333333333333148e-01 6.132581376253293470e+00
3.372549019607843368e-01 7.321665042671254398e+00
3.411764705882353033e-01 6.831226570010242582e+00
3.450980392156862697e-01 6.920961560546023961e+00
3.490196078431372362e-01 7.240561051466116282e+00
3.529411764705882026e-01 7.381124924607932236e+00
3.568627450980392246e-01 6.727280694203805034e+00
3.607843137254901911e-01 7.342830157161784221e+00
3.647058823529411575e-01 6.456326044970102096e+00
3.686274509803921795e-01 8.759428334379608216e+00
3.725490196078431460e-01 9.393943454186496567e+00
3.764705882352941124e-01 8.575529944873411026e+00
3.803921568627450789e-01 7.783080443580776553e+00
3.843137254901960453e-01 8.543160710467548213e+00
3.882352941176470673e-01 7.496124542268737478e+00
3.921568627450980338e-01 8.934835444646354929e+00
3.960784313725490002e-01 6.781720327279147753e+00
4.000000000000000222e-01 7.234239885646159607e+00
4.039215686274509887e-01 7.703809097864340316e+00
4.078431372549019551e-01 8.348353366176633372e+00
4.117647058823529216e-01 9.479222566881166046e+00
4.156862745098038880e-01 7.334721506011930181e+00
4.196078431372549100e-01 8.588543489564495204e+00
4.235294117647058765e-01 9.800564986630837083e+00
4.274509803921568429e-01 7.323248778774415157e+00
4.313725490196078649e-01 1.004138869785240296e+01
4.352941176470588314e-01 8.063881212996411918e+00
4.392156862745097978e-01 9.102243109655521636e+00
4.431372549019607643e-01 8.964343852086845033e+00
4.470588235294117307e-01 8.282657182259832496e+00
4.509803921568627527e-01 6.874233705028062857e+00
4.549019607843137192e-01 8.535760422160599603e+00
4.588235294117646856e-01 6.996184967439986302e+00
4.627450980392157076e-01 9.093161298705407347e+00
4.666666666666666741e-01 8.766470561877662604e+00
4.705882352941176405e-01 9.055543646972019189e+00
4.745098039215686070e-01 8.353793629878410343e+00
4.784313725490195734e-01 1.025510548583065606e+01
4.823529411764705954e-01 8.614334403625985459e+00
4.862745098039215619e-01 8.188483654011896817e+00
4.901960784313725283e-01 9.053591790455358890e+00
4.941176470588235503e-01 7.922601583597185915e+00
4.980392156862745168e-01 8.100878169521262606e+00
5.019607843137254832e-01 8.215055706621564369e+00
5.058823529411764497e-01 9.688672766695889393e+00
5.098039215686274161e-01 1.060013908809178140e+01
5.137254901960783826e-01 9.172814985455550740e+00
5.176470588235293491e-01 8.219158610288666011e+00
5.215686274509804266e-01 9.234682223101405185e+00
5.254901960784313930e-01 8.062077740436295770e+00
5.294117647058823595e-01 9.075881126694985923e+00
5.333333333333333259e-01 9.341384923346353730e+00
5.372549019607842924e-01 9.646647234380765212e+00
5.411764705882352589e-01 8.798919813081090169e+00
5.450980392156862253e-01 9.141416064010124742e+00
5.490196078431373028e-01 9.557964000264021820e+00
5.529411764705882693e-01 8.110377619427787010e+00
5.568627450980392357e-01 7.534500766339425226e+00
5.607843137254902022e-01 9.620837575177120016e+00
5.647058823529411686e-01 1.045587040526135780e+01
5.686274509803921351e-01 1.048734186247079947e+01
5.725490196078431016e-01 9.237337678598537494e+00
5.764705882352940680e-01 8.138647043415648596e+00
5.803921568627450345e-01 8.433275469435912441e+00
5.843137254901961120e-01 7.677362960161929983e+00
5.882352941176470784e-01 9.097436790268528028e+00
5.921568627450980449e-01 9.484349591075392993e+00
5.960784313725490113e-01 9.486696181766586022e+00
5.999999999999999778e-01 7.231848296757648065e+00
6.039215686274509443e-01 9.008755983009857360e+00
6.078431372549019107e-01 8.688755284007838142e+00
6.117647058823529882e-01 7.807846213934116264e+00
6.156862745098039547e-01 7.490061764214931195e+00
6.196078431372549211e-01 8.993160233266266346e+00
6.235294117647058876e-01 7.020464435993548413e+00
6.274509803921568540e-01 9.711171532186741118e+00
6.313725490196078205e-01 8.010451834351735911e+00
6.352941176470587870e-01 8.101702198951095113e+00
6.392156862745097534e-01 8.911730658146975514e+00
6.431372549019607199e-01 8.421465476509553127e+00
6.470588235294117974e-01 8.814905204483562073e+00
6.509803921568627638e-01 6.782424502065882876e+00
6.549019607843137303e-01 1.133810873764028315e+01
6.588235294117646967e-01 8.154593676156435933e+00
6.627450980392156632e-01 8.113702681636782543e+00
6.666666666666666297e-01 8.204714586353167860e+00
6.705882352941175961e-01 7.031103154219031204e+00
6.745098039215686736e-01 8.540361661409230365e+00
6.784313725490196401e-01 9.172081612637171588e+00
6.823529411764706065e-01 8.166198314643652978e+00
6.862745098039215730e-01 8.488755439964787541e+00
6.901960784313725394e-01 8.053288876808936791e+00
6.941176470588235059e-01 7.229676075627950560e+00
6.980392156862744724e-01 8.418659881744478213e+00
7.019607843137254388e-01 8.959900381226288957e+00
7.058823529411764053e-01 5.162787538744510130e+00
7.098039215686274828e-01 8.385753068302438606e+00
7.137254901960784492e-01 9.101336065251974361e+00
7.176470588235294157e-01 6.683344590227805249e+00
7.215686274509803821e-01 6.862747508502795135e+00
7.254901960784313486e-01 8.685590792263136350e+00
7.294117647058823151e-01 8.153023764599415912e+00
7.333333333333332815e-01 7.726771905738149648e+00
7.372549019607843590e-01 7.229711903273460472e+00
7.411764705882353255e-01 6.501819533226780301e+00
7.450980392156862919e-01 6.820029675568556549e+00
7.490196078431372584e-01 7.533402063954040884e+00
7.529411764705882248e-01 5.613136450940773514e+00
7.568627450980391913e-01 7.889629870652894006e+00
7.607843137254901578e-01 6.437421261217904700e+00
7.647058823529411242e-01 7.265967560366271449e+00
7.686274509803920907e-01 8.218539294288888186e+00
7.725490196078431682e-01 7.121027535192700597e+00
7.764705882352941346e-01 7.634725863796502310e+00
7.803921568627451011e-01 5.598125016851201785e+00
7.843137254901960675e-01 8.299259533160762814e+00
7.882352941176470340e-01 7.990942365849992512e+00
7.921568627450980005e-01 8.114099384510581103e+00
7.960784313725489669e-01 4.586972650570642074e+00
8.000000000000000444e-01 8.117208007925354352e+00
8.039215686274510109e-01 5.068325064577363648e+00
8.078431372549019773e-01 5.138892245767151756e+00
8.117647058823529438e-01 6.841543561315571509e+00
8.156862745098039102e-01 8.395439454892581921e+00
8.196078431372548767e-01 6.862757801422907811e+00
8.235294117647058432e-01 4.110353562925987525e+00
8.274509803921568096e-01 6.276700155902387834e+00
8.313725490196077761e-01 6.147511210385219194e+00
8.352941176470588536e-01 8.410299280374813335e+00
8.392156862745098200e-01 5.777620110211383775e+00
8.431372549019607865e-01 7.249653096238711569e+00
8.470588235294117530e-01 6.178798330212063483e+00
8.509803921568627194e-01 5.987938798279791364e+00
8.549019607843136859e-01 5.351021752014048616e+00
8.588235294117646523e-01 6.939183139066847694e+00
8.627450980392157298e-01 6.023926327749302700e+00
8.666666666666666963e-01 5.725606455080268553e+00
8.705882352941176627e-01 6.146233931070752554e+00
8.745098039215686292e-01 5.103055223656777883e+00
8.784313725490195957e-01 5.001518461022985029e+00
8.823529411764705621e-01 5.184465384026151646e+00
8.862745098039215286e-01 4.292159977200119769e+00
8.901960784313724950e-01 6.516668120739455894e+00
8.941176470588234615e-01 8.317296510215854255e+00
8.980392156862745390e-01 4.000062257551791234e+00
9.019607843137255054e-01 4.448394596284090952e+00
9.058823529411764719e-01 5.737602049628899081e+00
9.098039215686274384e-01 4.828005245215948982e+00
9.137254901960784048e-01 5.903356224806529440e+00
9.176470588235293713e-01 6.439968696555544270e+00
9.215686274509803377e-01 4.450559472423218033e+00
9.254901960784314152e-01 5.419256504657169238e+00
9.294117647058823817e-01 6.174527629343433688e+00
9.333333333333333481e-01 5.193064776183005549e+00
9.372549019607843146e-01 5.583884071982564201e+00
9.411764705882352811e-01 6.307804408269433338e+00
9.450980392156862475e-01 5.592462418202292618e+00
9.490196078431372140e-01 4.613025591472768028e+00
9.529411764705881804e-01 5.604433279928440648e+00
9.568627450980391469e-01 5.215970266171837011e+00
9.607843137254902244e-01 4.343075729199017410e+00
9.647058823529411908e-01 7.462425932913968829e+00
9.686274509803921573e-01 7.575596286615981612e+00
9.725490196078431238e-01 5.752574088487400594e+00
9.764705882352940902e-01 4.215368172895737509e+00
9.803921568627450567e-01 5.795245658122364141e+00
9.843137254901960231e-01 3.971341110161246579e+00
9.882352941176471006e-01 6.036178648518990997e+00
9.921568627450980671e-01 5.027525161995072267e+00
9.960784313725490335e-01 5.344630363607411283e+00
1.000000000000000000e+00 5.653195857264766921e+00
