0.000000000000000000e+00 6.477604213717436998e+00
3.921568627450980338e-03 6.053819180591593074e+00
7.843137254901960675e-03 8.970073977423563605e+00
1.176470588235294101e-02 7.111512849086052412e+00
1.568627450980392135e-02 5.881387606449849592e+00
1.960784313725490169e-02 6.837801886750651370e+00
2.352941176470588203e-02 6.716148151113614517e+00
2.745098039215686236e-02 7.176867597247778008e+00
3.137254901960784270e-02 6.629941635160129465e+00
3.529411764705882304e-02 7.116614512872044607e+00
3.921568627450980338e-02 7.767122413765183531e+00
4.313725490196078372e-02 5.783778536165503859e+00
4.705882352941176405e-02 7.661470709805056956e+00
5.098039215686274439e-02 5.925304235224042593e+00
5.490196078431372473e-02 7.150441526006061643e+00
5.882352941176470507e-02 7.790436406125740731e+00
6.274509803921568540e-02 8.033457379852659841e+00
6.666666666666666574e-02 7.567212948666041328e+00
7.058823529411764608e-02 8.066461038832986929e+00
7.450980392156862642e-02 6.787747152616565138e+00
7.843137254901960675e-02 7.379661610100159308e+00
8.235294117647058709e-02 5.798839107206551269e+00
8.627450980392156743e-02 6.374469473370712791e+00
9.019607843137254777e-02 7.327282211270749634e+00
9.411764705882352811e-02 7.020172579210771424e+00
9.803921568627450844e-02 5.171462262234625129e+00
1.019607843137254888e-01 6.692574177647108158e+00
1.058823529411764691e-01 7.583644372288224744e+00
1.098039215686274495e-01 6.262793499795335173e+00
1.137254901960784298e-01 8.757044768380195521e+00
1.176470588235294101e-01 6.794694150872189198e+00
1.215686274509803905e-01 5.961698601906777029e+00
1.254901960784313708e-01 8.043770814233049293e+00
1.294117647058823373e-01 6.529997271798077207e+00
1.333333333333333315e-01 6.702516584204677663e+00
1.372549019607843257e-01 6.288896575440577230e+00
1.411764705882352922e-01 7.503389986704487313e+00
1.450980392156862586e-01 6.624382964822953745e+00
1.490196078431372528e-01 7.424936375518802478e+00
1.529411764705882470e-01 6.793634995187299630e+00
1.568627450980392135e-01 7.715341814755932504e+00
1.607843137254901800e-01 5.676010648273293491e+00
1.647058823529411742e-01 7.232548703709570148e+00
1.686274509803921684e-01 8.692943299272233304e+00
1.725490196078431349e-01 8.421894460659293813e+00
1.764705882352941013e-01 6.214155669355648115e+00
1.803921568627450955e-01 7.229684150205939019e+00
1.843137254901960898e-01 7.633901517931647618e+00
1.882352941176470562e-01 9.332947187500582942e+00
1.921568627450980227e-01 6.666935512901194905e+00
1.960784313725490169e-01 5.181243085985825836e+00
2.000000000000000111e-01 6.511229459359445748e+00
2.039215686274509776e-01 8.737798376733065808e+00
2.078431372549019440e-01 8.047290121948618591e+00
2.117647058823529382e-01 5.825142284662396364e+00
2.156862745098039325e-01 6.834722723215976181e+00
2.196078431372548989e-01 4.234614363570996076e+00
2.235294117647058654e-01 7.183534035106402094e+00
2.274509803921568596e-01 7.011262640843635374e+00
2.313725490196078538e-01 6.806546696975978250e+00
2.352941176470588203e-01 5.487149917976576141e+00
2.392156862745097867e-01 7.171182451204062502e+00
2.431372549019607809e-01 6.791674371321024140e+00
2.470588235294117752e-01 6.243566960484435491e+00
2.509803921568627416e-01 5.597276831162088406e+00
2.549019607843137081e-01 5.635389178704338420e+00
2.588235294117646745e-01 5.580689926585975513e+00
2.627450980392156965e-01 5.306923523279738930e+00
2.666666666666666630e-01 5.593636807452000426e+00
2.705882352941176294e-01 5.635179583113298918e+00
2.745098039215686514e-01 6.872968759371986813e+00
2.784313725490196179e-01 8.126047321156443459e+00
2.823529411764705843e-01 6.609465014057836818e+00
2.862745098039215508e-01 5.636699699217389892e+00
2.901960784313725172e-01 5.280835018591526264e+00
2.941176470588235392e-01 5.543133814685829996e+00
2.980392156862745057e-01 5.615608006355393478e+00
3.019607843137254721e-01 5.326014970086905720e+00
3.058823529411764941e-01 6.274509292959431050e+00
3.098039215686274606e-01 6.541440574862813939e+00
3.137254901960784270e-01 7.510001636782765999e+00
3.176470588235293935e-01 7.444547133122891402e+00
3.215686274509803599e-01 5.966447722593728464e+00
3.254901960784313819e-01 4.263836806426670734e+00
3.294117647058823484e-01 5.763259705724918192e+00
3.333333333333333148e-01 5.540656351160482274e+00
3.372549019607843368e-01 6.375482113278555296e+00
3.411764705882353033e-01 4.299372084590779686e+00
3.450980392156862697e-01 3.743165458335990792e+00
3.490196078431372362e-01 6.188228795012888028e+00
3.529411764705882026e-01 5.898492129899842062e+00
3.568627450980392246e-01 6.385116081573429803e+00
3.607843137254901911e-01 4.123470148965090232e+00
3.647058823529411575e-01 7.607334304809531211e+00
3.686274509803921795e-01 3.080327899273033854e+00
3.725490196078431460e-01 7.229965399817608329e+00
3.764705882352941124e-01 5.040129903892591301e+00
3.803921568627450789e-01 4.885321844597101837e+00
3.843137254901960453e-01 3.142943338034350553e+00
3.882352941176470673e-01 5.600271018775352161e+00
3.921568627450980338e-01 6.923411658984417016e+00
3.960784313725490002e-01 7.172770648213690592e+00
4.000000000000000222e-01 5.826313695212559374e+00
4.039215686274509887e-01 5.380033098507752243e+00
4.078431372549019551e-01 6.161579184109744034e+00
4.117647058823529216e-01 5.219662493561736838e+00
4.156862745098038880e-01 6.071750769521179869e+00
4.196078431372549100e-01 3.862213673715968909e+00
4.235294117647058765e-01 5.275031364986727311e+00
4.274509803921568429e-01 3.612319421640742156e+00
4.313725490196078649e-01 4.139621208664695295e+00
4.352941176470588314e-01 4.923998074750314480e+00
4.392156862745097978e-01 5.338472777584622797e+00
4.431372549019607643e-01 5.252130853547422262e+00
4.470588235294117307e-01 4.996626077339167971e+00
4.509803921568627527e-01 4.974836864353494370e+00
4.549019607843137192e-01 4.998009578068431935e+00
4.588235294117646856e-01 3.699344028515611171e+00
4.627450980392157076e-01 4.391437402375763632e+00
4.666666666666666741e-01 6.039689226659266552e+00
4.705882352941176405e-01 3.741904872983642605e+00
4.745098039215686070e-01 5.314595693914255570e+00
4.784313725490195734e-01 6.386813343325979275e+00
4.823529411764705954e-01 3.338128393982129793e+00
4.862745098039215619e-01 6.372694522343242518e+00
4.901960784313725283e-01 2.781841930568432542e+00
4.941176470588235503e-01 6.583079523778412323e+00
4.980392156862745168e-01 3.600971038241772337e+00
5.019607843137254832e-01 4.746141706450327291e+00
5.058823529411764497e-01 3.585757502717809242e+00
5.098039215686274161e-01 4.868891708355155501e+00
5.137254901960783826e-01 4.393298253919133423e+00
5.176470588235293491e-01 5.197288759440850114e+00
5.215686274509804266e-01 4.689173297226374437e+00
5.254901960784313930e-01 3.478834906638466506e+00
5.294117647058823595e-01 4.743526774277727398e+00
5.333333333333333259e-01 4.242267968130910560e+00
5.372549019607842924e-01 3.004565162590927763e+00
5.411764705882352589e-01 4.536538217291634645e+00
5.450980392156862253e-01 3.195048709447164903e+00
5.490196078431373028e-01 2.106924583426014408e+00
5.529411764705882693e-01 3.733627836500932773e+00
5.568627450980392357e-01 4.357136019614643807e+00
5.607843137254902022e-01 3.484877058294677532e+00
5.647058823529411686e-01 2.586809695287181299e+00
5.686274509803921351e-01 4.257640618621584494e+00
5.725490196078431016e-01 4.183106380421357962e+00
5.764705882352940680e-01 5.354762822690126711e+00
5.803921568627450345e-01 3.239453428300155036e+00
5.843137254901961120e-01 3.179063510306171736e+00
5.882352941176470784e-01 2.341996585624317895e+00
5.921568627450980449e-01 4.758968849177760418e+00
5.960784313725490113e-01 3.770946495759473382e+00
5.999999999999999778e-01 4.001111349594316025e+00
6.039215686274509443e-01 3.468421189507012947e+00
6.078431372549019107e-01 3.562193254977893631e+00
6.117647058823529882e-01 3.714733381741824658e+00
6.156862745098039547e-01 2.054783185549393210e+00
6.196078431372549211e-01 2.653226702477897270e+00
6.235294117647058876e-01 3.425818706481615905e+00
6.274509803921568540e-01 2.590947274158714286e+00
6.313725490196078205e-01 2.465125645593973847e+00
6.352941176470587870e-01 4.134964726023045323e+00
6.392156862745097534e-01 3.508547711971191418e+00
6.431372549019607199e-01 3.913568399752293203e+00
6.470588235294117974e-01 3.397702498716219210e+00
6.509803921568627638e-01 3.183563352297557714e+00
6.549019607843137303e-01 2.701027885983540600e+00
6.588235294117646967e-01 2.898775223726071992e+00
6.627450980392156632e-01 3.746923889737959090e+00
6.666666666666666297e-01 4.916059796198102738e+00
6.705882352941175961e-01 2.762772831823585129e+00
6.745098039215686736e-01 4.333524625735467595e+00
6.784313725490196401e-01 3.033275777155182151e+00
6.823529411764706065e-01 2.978128205193475431e+00
6.862745098039215730e-01 4.262921860780362948e+00
6.901960784313725394e-01 4.061832446745773595e+00
6.941176470588235059e-01 2.963842565135639262e+00
6.980392156862744724e-01 4.061342323669109078e+00
7.019607843137254388e-01 3.686600583588815372e+00
7.058823529411764053e-01 3.926399335578409477e+00
7.098039215686274828e-01 3.133956776236933361e+00
7.137254901960784492e-01 2.102195553658506633e+00
7.176470588235294157e-01 4.442840572902360563e+00
7.215686274509803821e-01 9.288819075644254575e-01
7.254901960784313486e-01 2.299766638528047746e+00
7.294117647058823151e-01 4.409364860209810999e+00
7.333333333333332815e-01 1.452191799048479393e+00
7.372549019607843590e-01 4.839436906249696690e+00
7.411764705882353255e-01 3.409560805838375508e+00
7.450980392156862919e-01 3.903703776449678475e+00
7.490196078431372584e-01 2.369517870456556707e+00
7.529411764705882248e-01 2.452674553246235511e+00
7.568627450980391913e-01 2.622925425137892397e+00
7.607843137254901578e-01 2.442067862688782398e+00
7.647058823529411242e-01 3.779261610746034616e+00
7.686274509803920907e-01 2.743165528132561537e+00
7.725490196078431682e-01 2.459661827910774257e+00
7.764705882352941346e-01 3.471102373442876310e+00
7.803921568627451011e-01 4.742172782507950046e+00
7.843137254901960675e-01 2.391627147212596505e+00
7.882352941176470340e-01 3.812270161924574463e+00
7.921568627450980005e-01 2.558794353520374099e+00
7.960784313725489669e-01 3.630392476220930753e+00
8.000000000000000444e-01 2.926956856250731320e+00
8.039215686274510109e-01 2.643485850669763160e+00
8.078431372549019773e-01 4.673308518881311713e+00
8.117647058823529438e-01 5.061912874351662595e+00
8.156862745098039102e-01 5.182874948591954301e+00
8.196078431372548767e-01 1.106548510119482298e+00
8.235294117647058432e-01 2.745153807473448726e+00
8.274509803921568096e-01 4.018292910041002308e+00
8.313725490196077761e-01 2.615474006168523324e+00
8.352941176470588536e-01 2.962863361190438916e+00
8.392156862745098200e-01 5.534213002117912339e+00
8.431372549019607865e-01 4.964873945952775536e+00
8.470588235294117530e-01 5.263819598160759838e+00
8.509803921568627194e-01 3.751075532523016065e+00
8.549019607843136859e-01 4.362721504796426508e+00
8.588235294117646523e-01 3.669024226113848819e+00
8.627450980392157298e-01 4.336991824574455201e+00
8.666666666666666963e-01 4.594747473632592616e+00
8.705882352941176627e-01 3.112292152588138627e+00
8.745098039215686292e-01 3.564598271966661791e+00
8.784313725490195957e-01 6.295667928810713576e+00
8.823529411764705621e-01 3.718593579311061603e+00
8.862745098039215286e-01 3.836336988704906137e+00
8.901960784313724950e-01 6.185852704761053644e+00
8.941176470588234615e-01 3.963342868422180310e+00
8.980392156862745390e-01 4.465943342591906173e+00
9.019607843137255054e-01 4.437616219306900867e+00
9.058823529411764719e-01 5.446749769555646381e+00
9.098039215686274384e-01 4.830054574270777223e+00
9.137254901960784048e-01 2.682666805452543102e+00
9.176470588235293713e-01 5.652504733363208800e+00
9.215686274509803377e-01 5.830385443368152565e+00
9.254901960784314152e-01 4.263294751152877815e+00
9.294117647058823817e-01 5.196703701980291967e+00
9.333333333333333481e-01 6.701102702146496171e+00
9.372549019607843146e-01 5.900114262076426641e+00
9.411764705882352811e-01 4.961771893843380354e+00
9.450980392156862475e-01 5.377356461703520552e+00
9.490196078431372140e-01 4.328441589020081359e+00
9.529411764705881804e-01 5.274130693592696595e+00
9.568627450980391469e-01 6.248025212394188621e+00
9.607843137254902244e-01 5.094779059204096683e+00
9.647058823529411908e-01 7.441652870704179357e+00
9.686274509803921573e-01 5.536837338727934821e+00
9.725490196078431238e-01 5.157673787776791308e+00
9.764705882352940902e-01 6.018041357800822944e+00
9.803921568627450567e-01 7.085455929991822721e+00
9.843137254901960231e-01 6.197823252606911026e+00
9.882352941176471006e-01 7.140126669339536214e+00
9.921568627450980671e-01 7.264422921659251742e+00
9.960784313725490335e-01 7.615180318604869214e+00
1.000000000000000000e+00 5.971149248575325252e+00
