0.000000000000000000e+00 7.613794375852509511e-01
3.921568627450980338e-03 2.054051406309493899e+00
7.843137254901960675e-03 -9.436742375076814238e-01
1.176470588235294101e-02 3.343731137462477410e+00
1.568627450980392135e-02 6.475166649884642744e-01
1.960784313725490169e-02 8.934710288058281824e-01
2.352941176470588203e-02 7.394586043443340806e-01
2.745098039215686236e-02 5.712240021698562487e-01
3.137254901960784270e-02 3.061660045697263133e+00
3.529411764705882304e-02 2.968616632905523467e+00
3.921568627450980338e-02 1.072879626506672679e+00
4.313725490196078372e-02 1.013908412336627984e+00
4.705882352941176405e-02 2.498559333200187638e+00
5.098039215686274439e-02 1.232388829817136822e+00
5.490196078431372473e-02 7.666336463989026351e-01
5.882352941176470507e-02 1.882520356714070475e+00
6.274509803921568540e-02 2.075596295853632256e+00
6.666666666666666574e-02 1.670111570199183770e+00
7.058823529411764608e-02 8.208568898061143759e-01
7.450980392156862642e-02 1.521470704301745247e+00
7.843137254901960675e-02 1.504584960518002390e+00
8.235294117647058709e-02 -1.633599155705696582e+00
8.627450980392156743e-02 1.767374176413283315e-02
9.019607843137254777e-02 8.144053125117878267e-01
9.411764705882352811e-02 -1.382982931453058395e-01
9.803921568627450844e-02 9.844703705929696014e-01
1.019607843137254888e-01 -1.556348168146502786e+00
1.058823529411764691e-01 1.204457856477850086e+00
1.098039215686274495e-01 9.619884080040908003e-01
1.137254901960784298e-01 9.294519618730228139e-01
1.176470588235294101e-01 6.069916089393514458e-01
1.215686274509803905e-01 2.787805662214352109e-01
1.254901960784313708e-01 2.553742736283337589e-01
1.294117647058823373e-01 1.239102557376936531e-01
1.333333333333333315e-01 1.027209728735520855e+00
1.372549019607843257e-01 8.137941657809975027e-01
1.411764705882352922e-01 1.602715342053128822e+00
1.450980392156862586e-01 4.700205096782130720e-01
1.490196078431372528e-01 1.133385343163249903e+00
1.529411764705882470e-01 1.527623713280300555e-01
1.568627450980392135e-01 -9.952477733186783082e-01
1.607843137254901800e-01 1.904000274060060782e+00
1.647058823529411742e-01 6.282314983160214306e-01
1.686274509803921684e-01 4.905677788509285042e-01
1.725490196078431349e-01 -2.787178005201915720e-01
1.764705882352941013e-01 7.689442638797371332e-01
1.803921568627450955e-01 5.744175505773589929e-01
1.843137254901960898e-01 8.717626572411663055e-02
1.882352941176470562e-01 -7.044317113167862798e-01
1.921568627450980227e-01 1.815551246032688137e+00
1.960784313725490169e-01 2.271657851923655436e+00
2.000000000000000111e-01 2.594764088296487525e+00
2.039215686274509776e-01 -6.389836737041639791e-01
2.078431372549019440e-01 3.800777931771648355e-02
2.117647058823529382e-01 1.081220694612460065e+00
2.156862745098039325e-01 2.390731927595200368e+00
2.196078431372548989e-01 -4.001535956809189054e-01
2.235294117647058654e-01 6.647037018599508684e-01
2.274509803921568596e-01 1.445122525250150503e+00
2.313725490196078538e-01 1.321310809091254868e+00
2.352941176470588203e-01 1.041726344063277354e-01
2.392156862745097867e-01 5.633606500431665998e-01
2.431372549019607809e-01 6.780019639190825176e-01
2.470588235294117752e-01 3.474231387117922010e-01
2.509803921568627416e-01 2.772090723520067357e+00
2.549019607843137081e-01 1.646590327914389640e+00
2.588235294117646745e-01 1.193247427445762954e+00
2.627450980392156965e-01 1.305203267481122476e+00
2.666666666666666630e-01 3.215868117160980422e-02
2.705882352941176294e-01 2.165829540998921665e+00
2.745098039215686514e-01 2.104695477477945609e+00
2.784313725490196179e-01 1.994821582820552663e+00
2.823529411764705843e-01 -1.088707725683342176e-01
2.862745098039215508e-01 1.091935657850166885e+00
2.901960784313725172e-01 1.573100796098068077e+00
2.941176470588235392e-01 2.382525741404763586e+00
2.980392156862745057e-01 1.920451685738655101e+00
3.019607843137254721e-01 4.156191588803769932e+00
3.058823529411764941e-01 6.488120821891566470e-01
3.098039215686274606e-01 3.040602865917568121e+00
3.137254901960784270e-01 1.875965755312128724e+00
3.176470588235293935e-01 1.352744639681835448e+00
3.215686274509803599e-01 -8.529124925856268469e-02
3.254901960784313819e-01 -4.567966224390045404e-01
3.294117647058823484e-01 2.374234293167612364e+00
3.333333333333333148e-01 3.032705592818485396e+00
3.372549019607843368e-01 1.847299084733103669e+00
3.411764705882353033e-01 1.846956396580089033e+00
3.450980392156862697e-01 1.559696988723509481e+00
3.490196078431372362e-01 2.925335196928526393e+00
3.529411764705882026e-01 9.759866055814594432e-01
3.568627450980392246e-01 3.342170214907584924e+00
3.607843137254901911e-01 5.479266646739344715e-02
3.647058823529411575e-01 1.928122150195113793e+00
3.686274509803921795e-01 2.049920478973921156e-02
3.725490196078431460e-01 9.357063252683095467e-01
3.764705882352941124e-01 2.034278251971250562e+00
3.803921568627450789e-01 2.441316870169693676e+00
3.843137254901960453e-01 9.430482424526291929e-01
3.882352941176470673e-01 1.302976055209856820e+00
3.921568627450980338e-01 1.273819528671570334e+00
3.960784313725490002e-01 2.055820655251519025e+00
4.000000000000000222e-01 3.252871347286435011e+00
4.039215686274509887e-01 3.231857733890380668e+00
4.078431372549019551e-01 1.769336967921173898e+00
4.117647058823529216e-01 1.274187721356943470e+00
4.156862745098038880e-01 1.193247831213255949e+00
4.196078431372549100e-01 4.224187943203281392e-01
4.235294117647058765e-01 1.489792668795562713e+00
4.274509803921568429e-01 3.584980246318860253e+00
4.313725490196078649e-01 1.605814471323383952e+00
4.352941176470588314e-01 3.574994908112849146e+00
4.392156862745097978e-01 2.297036221223776931e+00
4.431372549019607643e-01 1.385812468250073870e+00
4.470588235294117307e-01 2.473410751167286925e+00
4.509803921568627527e-01 8.615988587991165737e-01
4.549019607843137192e-01 3.314669527717881703e+00
4.588235294117646856e-01 3.264806741428871284e+00
4.627450980392157076e-01 2.140306238355499158e+00
4.666666666666666741e-01 2.839494849714877311e+00
4.705882352941176405e-01 4.437589113245890005e+00
4.745098039215686070e-01 1.642703484839405537e+00
4.784313725490195734e-01 2.860866769938961163e+00
4.823529411764705954e-01 1.194941774803339296e+00
4.862745098039215619e-01 1.165572139906517535e+00
4.901960784313725283e-01 2.393506918839701125e+00
4.941176470588235503e-01 1.411816987668946810e+00
4.980392156862745168e-01 4.284065456810845163e+00
5.019607843137254832e-01 2.083392343797916713e+00
5.058823529411764497e-01 2.919068768819415460e+00
5.098039215686274161e-01 3.353319026956118165e+00
5.137254901960783826e-01 3.027560863280724934e+00
5.176470588235293491e-01 2.787171988202698625e+00
5.215686274509804266e-01 2.099750697586463488e+00
5.254901960784313930e-01 1.426375140279505960e+00
5.294117647058823595e-01 2.441883254520385460e+00
5.333333333333333259e-01 1.978795287796476954e+00
5.372549019607842924e-01 2.517598759429008570e+00
5.411764705882352589e-01 4.292538017439689213e+00
5.450980392156862253e-01 2.572102882545596270e+00
5.490196078431373028e-01 5.633434906481316062e-01
5.529411764705882693e-01 3.050076486104566165e+00
5.568627450980392357e-01 3.203892667043748421e+00
5.607843137254902022e-01 2.114815979326226003e+00
5.647058823529411686e-01 3.539616022956756147e+00
5.686274509803921351e-01 1.460000452192992793e+00
5.725490196078431016e-01 2.117345652366801279e+00
5.764705882352940680e-01 1.131894345236764465e+00
5.803921568627450345e-01 1.721921065761099712e+00
5.843137254901961120e-01 1.605543259326322580e+00
5.882352941176470784e-01 2.743427075045715480e+00
5.921568627450980449e-01 9.994165278796167673e-01
5.960784313725490113e-01 3.917423745267802460e+00
5.999999999999999778e-01 3.037067046175710328e+00
6.039215686274509443e-01 2.487220326393781988e+00
6.078431372549019107e-01 1.353676749390341438e+00
6.117647058823529882e-01 2.322809315229916294e+00
6.156862745098039547e-01 1.595643042580920934e+00
6.196078431372549211e-01 2.857305032863883820e+00
6.235294117647058876e-01 9.947240141875675068e-01
6.274509803921568540e-01 2.336702924015896521e+00
6.313725490196078205e-01 1.114596337986136998e+00
6.352941176470587870e-01 2.140664566070987540e+00
6.392156862745097534e-01 2.839836340489178212e+00
6.431372549019607199e-01 2.989371822165622472e+00
6.470588235294117974e-01 3.375720981849376301e+00
6.509803921568627638e-01 1.294624128302813482e+00
6.549019607843137303e-01 2.344147265293246019e+00
6.588235294117646967e-01 2.487064081162241536e+00
6.627450980392156632e-01 3.533998024655069514e+00
6.666666666666666297e-01 9.716410727634230415e-01
6.705882352941175961e-01 3.670872608187075947e+00
6.745098039215686736e-01 2.916442053132868750e+00
6.784313725490196401e-01 3.664340418324068871e+00
6.823529411764706065e-01 2.041808770165251197e+00
6.862745098039215730e-01 2.309777313892422246e+00
6.901960784313725394e-01 3.427470694657859696e+00
6.941176470588235059e-01 2.465616156217041333e+00
6.980392156862744724e-01 2.437142551375822919e+00
7.019607843137254388e-01 2.644040250984735163e+00
7.058823529411764053e-01 2.179489455238337481e+00
7.098039215686274828e-01 2.526272915696177623e+00
7.137254901960784492e-01 2.467062547036444453e+00
7.176470588235294157e-01 1.702652894933670114e+00
7.215686274509803821e-01 2.557967954361646701e+00
7.254901960784313486e-01 2.696102877636339379e+00
7.294117647058823151e-01 1.659635417995600104e+00
7.333333333333332815e-01 3.358509032924261284e+00
7.372549019607843590e-01 2.714291695699404539e+00
7.411764705882353255e-01 1.978608704153494990e+00
7.450980392156862919e-01 2.693701718414643231e+00
7.490196078431372584e-01 3.141569469223133737e+00
7.529411764705882248e-01 2.534582490921106768e+00
7.568627450980391913e-01 2.922975221220537989e+00
7.607843137254901578e-01 3.246116402312622995e+00
7.647058823529411242e-01 3.431053302543709549e+00
7.686274509803920907e-01 2.902344588534091052e+00
7.725490196078431682e-01 3.353896444816204969e+00
7.764705882352941346e-01 -5.250489539400557959e-01
7.803921568627451011e-01 2.270037547586242432e+00
7.843137254901960675e-01 2.600953068241047106e+00
7.882352941176470340e-01 2.657208182279790165e+00
7.921568627450980005e-01 1.848535416934365294e+00
7.960784313725489669e-01 5.065594478295403214e+00
8.000000000000000444e-01 1.728071451481253629e+00
8.039215686274510109e-01 1.310045608334499123e+00
8.078431372549019773e-01 2.043101902746574439e+00
8.117647058823529438e-01 3.427670269863779318e+00
8.156862745098039102e-01 2.695341921813481978e+00
8.196078431372548767e-01 1.987013617954186628e+00
8.235294117647058432e-01 9.352690653886426286e-01
8.274509803921568096e-01 2.880953525082937006e+00
8.313725490196077761e-01 1.682110278450065888e+00
8.352941176470588536e-01 1.371935609095411346e+00
8.392156862745098200e-01 2.956756774616392747e+00
8.431372549019607865e-01 1.961838455980611018e+00
8.470588235294117530e-01 2.396007222762186029e+00
8.509803921568627194e-01 1.840880342021704585e+00
8.549019607843136859e-01 -8.981740162480100764e-03
8.588235294117646523e-01 2.102823758382235564e+00
8.627450980392157298e-01 3.237878403277910877e+00
8.666666666666666963e-01 2.379566533119623184e+00
8.705882352941176627e-01 1.654441477039478858e+00
8.745098039215686292e-01 4.046360222390912309e-01
8.784313725490195957e-01 9.888005808003839103e-01
8.823529411764705621e-01 1.981711339341692302e+00
8.862745098039215286e-01 1.002178602979873157e+00
8.901960784313724950e-01 5.858157003141972741e-01
8.941176470588234615e-01 5.191960555324399706e+00
8.980392156862745390e-01 2.861883228975227844e+00
9.019607843137255054e-01 3.349893500104780486e+00
9.058823529411764719e-01 1.956111739101497715e+00
9.098039215686274384e-01 2.128095716677846916e+00
9.137254901960784048e-01 1.597035419876140283e+00
9.176470588235293713e-01 3.729139668756039860e+00
9.215686274509803377e-01 1.524248704568000212e+00
9.254901960784314152e-01 1.884398560814120271e+00
9.294117647058823817e-01 1.888913357757071587e+00
9.333333333333333481e-01 1.905360199889492234e+00
9.372549019607843146e-01 1.745354687828190698e+00
9.411764705882352811e-01 2.113487493700800801e+00
9.450980392156862475e-01 4.518363356744872661e+00
9.490196078431372140e-01 2.868037911264150530e+00
9.529411764705881804e-01 2.239226366989062633e+00
9.568627450980391469e-01 2.317271279498857250e+00
9.607843137254902244e-01 2.443543479273935226e+00
9.647058823529411908e-01 1.807099575314537798e+00
9.686274509803921573e-01 -1.212038924469158729e-01
9.725490196078431238e-01 3.286218435831512963e+00
9.764705882352940902e-01 3.436966024262515518e+00
9.803921568627450567e-01 2.632478232223023795e+00
9.843137254901960231e-01 2.423424749766750708e+00
9.882352941176471006e-01 2.562587581353634736e+00
9.921568627450980671e-01 -1.359736377174605160e-01
9.960784313725490335e-01 2.647509129950212703e+00
1.000000000000000000e+00 3.201957020187799596e+00
