0.000000000000000000e+00 2.061938655688199340e+00
3.921568627450980338e-03 2.701971035212299643e+00
7.843137254901960675e-03 1.767840553000356696e+00
1.176470588235294101e-02 3.628332272251387103e+00
1.568627450980392135e-02 1.812752701547583722e+00
1.960784313725490169e-02 1.439820135392212208e+00
2.352941176470588203e-02 3.763340871914259811e+00
2.745098039215686236e-02 1.733412149383402934e+00
3.137254901960784270e-02 1.452497634474415822e+00
3.529411764705882304e-02 2.991625924093630040e+00
3.921568627450980338e-02 7.587540441051032758e-02
4.313725490196078372e-02 2.103695837646351485e+00
4.705882352941176405e-02 2.014129478743974744e+00
5.098039215686274439e-02 3.553404291177242769e+00
5.490196078431372473e-02 8.096129473418600675e-01
5.882352941176470507e-02 2.611387842773349455e+00
6.274509803921568540e-02 2.057364034873657932e+00
6.666666666666666574e-02 2.424066850474425827e+00
7.058823529411764608e-02 3.549467193789970665e+00
7.450980392156862642e-02 2.580098659574636688e+00
7.843137254901960675e-02 2.998634807962342386e+00
8.235294117647058709e-02 2.662671152690944787e+00
8.627450980392156743e-02 7.855966044591893294e-01
9.019607843137254777e-02 2.472336757165856547e+00
9.411764705882352811e-02 2.922337243959088671e+00
9.803921568627450844e-02 2.761535100612720228e+00
1.019607843137254888e-01 1.925431802594865127e+00
1.058823529411764691e-01 2.547158581453603077e+00
1.098039215686274495e-01 3.152419048771751164e+00
1.137254901960784298e-01 1.853726314057437374e+00
1.176470588235294101e-01 1.171733033067594798e+00
1.215686274509803905e-01 3.438679485715288919e+00
1.254901960784313708e-01 3.173092261331769137e+00
1.294117647058823373e-01 3.213426863111815024e+00
1.333333333333333315e-01 2.249783597330448082e+00
1.372549019607843257e-01 2.995903950536274785e+00
1.411764705882352922e-01 3.936228578937194023e+00
1.450980392156862586e-01 1.573535890308062513e+00
1.490196078431372528e-01 1.589914712730172042e+00
1.529411764705882470e-01 3.438418497760364012e+00
1.568627450980392135e-01 3.109296971976718282e+00
1.607843137254901800e-01 1.407408219981422182e+00
1.647058823529411742e-01 2.622185858788236068e+00
1.686274509803921684e-01 3.990601460397580347e+00
1.725490196078431349e-01 1.350684776316785074e+00
1.764705882352941013e-01 -6.595394912719099167e-02
1.803921568627450955e-01 9.989220928823694390e-01
1.843137254901960898e-01 2.585002712589286045e+00
1.882352941176470562e-01 1.575124800621697352e+00
1.921568627450980227e-01 1.768501406456659319e+00
1.960784313725490169e-01 9.209246668316037887e-01
2.000000000000000111e-01 1.757561614344686163e+00
2.039215686274509776e-01 2.683124575871764339e+00
2.078431372549019440e-01 2.264544775329000004e+00
2.117647058823529382e-01 1.473638751490778720e+00
2.156862745098039325e-01 4.187180822132076763e+00
2.196078431372548989e-01 1.646215575478930493e+00
2.235294117647058654e-01 2.242518945445183043e+00
2.274509803921568596e-01 5.413853391351821642e-01
2.313725490196078538e-01 3.282695236914527470e+00
2.352941176470588203e-01 1.677371870445557578e+00
2.392156862745097867e-01 1.303772370282627602e+00
2.431372549019607809e-01 2.462042499788739125e+00
2.470588235294117752e-01 4.180808729342636809e+00
2.509803921568627416e-01 1.832037056895901905e+00
2.549019607843137081e-01 4.698288904446211056e+00
2.588235294117646745e-01 2.337383670966200810e+00
2.627450980392156965e-01 3.937259153522940203e+00
2.666666666666666630e-01 3.224664283243535934e+00
2.705882352941176294e-01 1.171397813466013016e+00
2.745098039215686514e-01 2.537773823904021064e+00
2.784313725490196179e-01 1.753060261966435718e+00
2.823529411764705843e-01 3.566588525908028551e+00
2.862745098039215508e-01 2.075616953681261201e+00
2.901960784313725172e-01 3.084402103319284993e+00
2.941176470588235392e-01 3.567504177666786180e+00
2.980392156862745057e-01 2.790811537262763764e+00
3.019607843137254721e-01 3.546742602213949880e+00
3.058823529411764941e-01 2.140793740772853671e+00
3.098039215686274606e-01 3.360179328338168681e+00
3.137254901960784270e-01 3.492682122073844653e+00
3.176470588235293935e-01 1.865811799738939847e+00
3.215686274509803599e-01 3.676044068496704398e+00
3.254901960784313819e-01 4.091227250358191014e+00
3.294117647058823484e-01 3.675396495783668449e+00
3.333333333333333148e-01 4.624303713930228987e+00
3.372549019607843368e-01 3.124077306057146064e+00
3.411764705882353033e-01 3.775352223788505768e+00
3.450980392156862697e-01 2.786511173115407303e+00
3.490196078431372362e-01 3.072695612387780884e+00
3.529411764705882026e-01 3.983252686165958067e+00
3.568627450980392246e-01 4.205518683476407560e+00
3.607843137254901911e-01 2.305475396796380139e+00
3.647058823529411575e-01 2.536378883305979048e+00
3.686274509803921795e-01 8.534080534689296726e-01
3.725490196078431460e-01 2.853202217473635116e+00
3.764705882352941124e-01 2.349789789192824774e+00
3.803921568627450789e-01 4.817011265710311463e+00
3.843137254901960453e-01 3.117499788418873763e+00
3.882352941176470673e-01 3.374317078770946665e+00
3.921568627450980338e-01 4.405129772406110256e+00
3.960784313725490002e-01 5.185186178035295690e+00
4.000000000000000222e-01 3.453523809194066096e+00
4.039215686274509887e-01 2.929131815665170890e+00
4.078431372549019551e-01 3.773121659946486073e+00
4.117647058823529216e-01 4.566262387090749719e+00
4.156862745098038880e-01 3.819827235090155426e+00
4.196078431372549100e-01 4.184489308120833861e+00
4.235294117647058765e-01 1.714594323886400540e+00
4.274509803921568429e-01 3.753207093769047376e+00
4.313725490196078649e-01 4.359169458378431727e+00
4.352941176470588314e-01 4.587471211453316045e+00
4.392156862745097978e-01 4.206175024367650117e+00
4.431372549019607643e-01 4.078433254491663718e+00
4.470588235294117307e-01 4.509292079376111317e+00
4.509803921568627527e-01 5.688886614281873477e+00
4.549019607843137192e-01 1.812515320014712605e+00
4.588235294117646856e-01 2.883761234446510890e+00
4.627450980392157076e-01 2.194748641333023720e+00
4.666666666666666741e-01 4.467066950281912696e+00
4.705882352941176405e-01 3.184023466328983254e+00
4.745098039215686070e-01 2.933734278696201958e+00
4.784313725490195734e-01 4.681813103711503388e+00
4.823529411764705954e-01 4.063018806732303645e+00
4.862745098039215619e-01 4.008542221975543107e+00
4.901960784313725283e-01 4.567788001450431068e+00
4.941176470588235503e-01 3.437643065943379206e+00
4.980392156862745168e-01 4.186714864096638955e+00
5.019607843137254832e-01 3.010940068600704400e+00
5.058823529411764497e-01 2.111783217371383081e+00
5.098039215686274161e-01 4.896513835096728329e+00
5.137254901960783826e-01 4.728760909451480643e+00
5.176470588235293491e-01 3.612698917197519233e+00
5.215686274509804266e-01 4.525080887228397408e+00
5.254901960784313930e-01 3.893717408802675806e+00
5.294117647058823595e-01 3.934395596026357023e+00
5.333333333333333259e-01 2.755425253630720217e+00
5.372549019607842924e-01 3.893835796249980774e+00
5.411764705882352589e-01 2.748492695386295370e+00
5.450980392156862253e-01 5.236529304828991371e+00
5.490196078431373028e-01 5.071492157270645507e+00
5.529411764705882693e-01 3.154993928178650986e+00
5.568627450980392357e-01 4.200903883326780885e+00
5.607843137254902022e-01 4.058102035515138262e+00
5.647058823529411686e-01 3.806186848854655302e+00
5.686274509803921351e-01 4.052310704554936471e+00
5.725490196078431016e-01 4.720953624922927361e+00
5.764705882352940680e-01 5.479697223266119188e+00
5.803921568627450345e-01 4.785931873713855644e+00
5.843137254901961120e-01 4.244683698646055880e+00
5.882352941176470784e-01 2.975851976683883571e+00
5.921568627450980449e-01 4.086669012054011674e+00
5.960784313725490113e-01 3.832898412218306294e+00
5.999999999999999778e-01 2.519975010276469529e+00
6.039215686274509443e-01 3.320734542121967614e+00
6.078431372549019107e-01 4.691307304596620043e+00
6.117647058823529882e-01 3.472547478110056929e+00
6.156862745098039547e-01 4.895000410665726776e+00
6.196078431372549211e-01 4.032914895383020948e+00
6.235294117647058876e-01 3.650286860780218134e+00
6.274509803921568540e-01 4.170641490523133044e+00
6.313725490196078205e-01 3.809926300509502983e+00
6.352941176470587870e-01 1.389924258066890683e+00
6.392156862745097534e-01 3.475202047457867760e+00
6.431372549019607199e-01 2.739793112597281421e+00
6.470588235294117974e-01 4.968848646882607412e+00
6.509803921568627638e-01 4.725682237310120826e+00
6.549019607843137303e-01 2.628990211770755980e+00
6.588235294117646967e-01 3.390365107654286891e+00
6.627450980392156632e-01 1.438293490834326116e+00
6.666666666666666297e-01 4.494963434475439001e+00
6.705882352941175961e-01 2.937598494280604378e+00
6.745098039215686736e-01 2.416891455580582715e+00
6.784313725490196401e-01 4.179316722007305529e+00
6.823529411764706065e-01 1.928599886325918389e+00
6.862745098039215730e-01 1.812582261780520287e+00
6.901960784313725394e-01 2.446028480566786012e+00
6.941176470588235059e-01 2.475973568287217930e+00
6.980392156862744724e-01 3.350229488837735303e+00
7.019607843137254388e-01 2.942179738249825149e+00
7.058823529411764053e-01 2.357633300207484517e+00
7.098039215686274828e-01 2.189063243623140753e+00
7.137254901960784492e-01 1.947634390276677063e+00
7.176470588235294157e-01 2.242660736089501228e+00
7.215686274509803821e-01 4.287539925231460103e+00
7.254901960784313486e-01 3.896213731544646564e+00
7.294117647058823151e-01 2.773568193279027927e+00
7.333333333333332815e-01 2.782638363241160206e+00
7.372549019607843590e-01 3.626310967992096401e+00
7.411764705882353255e-01 1.045907425510602895e+00
7.450980392156862919e-01 3.632330884417897643e+00
7.490196078431372584e-01 3.199856176071874891e+00
7.529411764705882248e-01 3.300289351116685754e+00
7.568627450980391913e-01 4.358794910304560233e+00
7.607843137254901578e-01 3.342043426936149864e-01
7.647058823529411242e-01 1.980312867176693858e+00
7.686274509803920907e-01 4.538551210298258809e+00
7.725490196078431682e-01 2.599970982347886927e+00
7.764705882352941346e-01 2.029879616833330402e+00
7.803921568627451011e-01 2.845586957304438336e+00
7.843137254901960675e-01 3.172471547940342695e+00
7.882352941176470340e-01 3.579146449256986884e+00
7.921568627450980005e-01 2.423415893108918251e+00
7.960784313725489669e-01 2.578640397419559971e+00
8.000000000000000444e-01 2.112517515129046508e-01
8.039215686274510109e-01 1.208742126591788368e+00
8.078431372549019773e-01 3.961460286853517587e+00
8.117647058823529438e-01 1.469191357663638842e+00
8.156862745098039102e-01 3.918527468518250956e+00
8.196078431372548767e-01 2.691986330209029887e+00
8.235294117647058432e-01 3.683352336497969226e+00
8.274509803921568096e-01 6.915449543435923108e-01
8.313725490196077761e-01 6.846076650115529016e-01
8.352941176470588536e-01 1.364288159348708174e+00
8.392156862745098200e-01 3.953508038908142730e+00
8.431372549019607865e-01 1.325756322961367584e+00
8.470588235294117530e-01 2.290837222751846092e+00
8.509803921568627194e-01 2.502000585416185530e+00
8.549019607843136859e-01 3.761221497163803384e+00
8.588235294117646523e-01 3.225595724172568346e+00
8.627450980392157298e-01 1.386885603020182600e+00
8.666666666666666963e-01 -1.257224903268334693e-01
8.705882352941176627e-01 9.745822212249302119e-01
8.745098039215686292e-01 1.685072855435928885e+00
8.784313725490195957e-01 2.783129929409163594e+00
8.823529411764705621e-01 2.032385475993740087e+00
8.862745098039215286e-01 2.253034875234698475e+00
8.901960784313724950e-01 3.655807915179183354e-01
8.941176470588234615e-01 2.520674629401099764e+00
8.980392156862745390e-01 2.753254428790844699e+00
9.019607843137255054e-01 3.705903616361622355e+00
9.058823529411764719e-01 8.789115535149540914e-01
9.098039215686274384e-01 2.189146186298920771e+00
9.137254901960784048e-01 3.210693636989856881e+00
9.176470588235293713e-01 1.702899284454670870e+00
9.215686274509803377e-01 4.147905765862184069e+00
9.254901960784314152e-01 2.434465462144237424e+00
9.294117647058823817e-01 1.182672361065973732e+00
9.333333333333333481e-01 2.305466174664616119e+00
9.372549019607843146e-01 3.171712710469390295e+00
9.411764705882352811e-01 2.224052332924585151e+00
9.450980392156862475e-01 3.737307630190158658e+00
9.490196078431372140e-01 2.051196389554848842e+00
9.529411764705881804e-01 2.115901803213707133e+00
9.568627450980391469e-01 2.323093865904458433e+00
9.607843137254902244e-01 6.937878969091781922e-01
9.647058823529411908e-01 2.313168567659719788e+00
9.686274509803921573e-01 2.948469758833010879e+00
9.725490196078431238e-01 2.372023651336578443e+00
9.764705882352940902e-01 1.157704531292954808e+00
9.803921568627450567e-01 1.754823960870779853e+00
9.843137254901960231e-01 2.136061390313464425e+00
9.882352941176471006e-01 4.185978588908767506e+00
9.921568627450980671e-01 4.053209760147790774e+00
9.960784313725490335e-01 2.267168980180384708e+00
1.000000000000000000e+00 4.135391448941562409e+00
