0.000000000000000000e+00 1.018053078577321457e+01
3.921568627450980338e-03 8.240738978432920803e+00
7.843137254901960675e-03 1.008100276603109968e+01
1.176470588235294101e-02 1.114842280813519437e+01
1.568627450980392135e-02 9.021493944384689101e+00
1.960784313725490169e-02 8.659975671100459849e+00
2.352941176470588203e-02 8.585729971324500553e+00
2.745098039215686236e-02 1.148725448308731245e+01
3.137254901960784270e-02 1.004589093507817310e+01
3.529411764705882304e-02 8.737340217333757764e+00
3.921568627450980338e-02 7.418364084134466907e+00
4.313725490196078372e-02 9.816095375531867617e+00
4.705882352941176405e-02 1.060346955616549458e+01
5.098039215686274439e-02 8.642979738480493168e+00
5.490196078431372473e-02 8.216213913926015522e+00
5.882352941176470507e-02 9.407940503689824041e+00
6.274509803921568540e-02 8.338023304770402433e+00
6.666666666666666574e-02 1.007992114570275177e+01
7.058823529411764608e-02 1.153890719870634918e+01
7.450980392156862642e-02 9.861818123224502131e+00
7.843137254901960675e-02 9.735174762775208990e+00
8.235294117647058709e-02 9.920170809893210873e+00
8.627450980392156743e-02 9.936877987153629022e+00
9.019607843137254777e-02 9.255532921415941416e+00
9.411764705882352811e-02 9.708625200831283664e+00
9.803921568627450844e-02 9.180588916380418851e+00
1.019607843137254888e-01 1.040667691362640568e+01
1.058823529411764691e-01 1.035827305499646300e+01
1.098039215686274495e-01 9.353562298813766773e+00
1.137254901960784298e-01 1.064454818736698805e+01
1.176470588235294101e-01 1.121184658718523686e+01
1.215686274509803905e-01 1.065615713044860335e+01
1.254901960784313708e-01 9.328275290589209234e+00
1.294117647058823373e-01 9.371362844584400165e+00
1.333333333333333315e-01 9.854215348981915312e+00
1.372549019607843257e-01 9.736648858317863642e+00
1.411764705882352922e-01 1.002934682090550922e+01
1.450980392156862586e-01 1.016360582344888108e+01
1.490196078431372528e-01 1.018957419223894156e+01
1.529411764705882470e-01 1.003457378637895658e+01
1.568627450980392135e-01 1.122530124970090704e+01
1.607843137254901800e-01 9.142363059051886509e+00
1.647058823529411742e-01 8.471176536879239549e+00
1.686274509803921684e-01 9.969671491064794111e+00
1.725490196078431349e-01 8.755072871873785800e+00
1.764705882352941013e-01 1.092054586539610739e+01
1.803921568627450955e-01 9.136326781568843813e+00
1.843137254901960898e-01 9.537165065206313130e+00
1.882352941176470562e-01 9.417767626460008756e+00
1.921568627450980227e-01 1.038040540487649821e+01
1.960784313725490169e-01 7.832872442180909722e+00
2.000000000000000111e-01 9.727002735136496270e+00
2.039215686274509776e-01 8.690266263096354749e+00
2.078431372549019440e-01 9.146697987875802127e+00
2.117647058823529382e-01 1.177408260942969243e+01
2.156862745098039325e-01 9.429481067376812575e+00
2.196078431372548989e-01 9.228783166292082285e+00
2.235294117647058654e-01 1.004768461027409820e+01
2.274509803921568596e-01 1.139734950741057418e+01
2.313725490196078538e-01 8.502577688138137191e+00
2.352941176470588203e-01 9.549457727630342063e+00
2.392156862745097867e-01 9.464872245855586286e+00
2.431372549019607809e-01 8.977983832833684730e+00
2.470588235294117752e-01 9.356531686021588357e+00
2.509803921568627416e-01 9.955337968047043518e+00
2.549019607843137081e-01 8.827366168241862709e+00
2.588235294117646745e-01 8.801167699746541118e+00
2.627450980392156965e-01 1.165977471524799647e+01
2.666666666666666630e-01 1.068507113250776186e+01
2.705882352941176294e-01 1.082528619020755123e+01
2.745098039215686514e-01 9.674123082762925208e+00
2.784313725490196179e-01 9.456500091512641148e+00
2.823529411764705843e-01 1.182853985288138254e+01
2.862745098039215508e-01 9.227692948370162185e+00
2.901960784313725172e-01 8.417024040406255736e+00
2.941176470588235392e-01 9.113258464769247169e+00
2.980392156862745057e-01 7.481617632368068982e+00
3.019607843137254721e-01 1.137762606347866168e+01
3.058823529411764941e-01 8.206212667967520247e+00
3.098039215686274606e-01 8.388425531042257077e+00
3.137254901960784270e-01 9.254469421788192207e+00
3.176470588235293935e-01 9.396064890719399543e+00
3.215686274509803599e-01 9.705834764556925620e+00
3.254901960784313819e-01 8.052658831071290990e+00
3.294117647058823484e-01 1.105474772522819471e+01
3.333333333333333148e-01 1.007274065772345573e+01
3.372549019607843368e-01 7.416855398297502511e+00
3.411764705882353033e-01 9.677892284825878377e+00
3.450980392156862697e-01 8.849514617333994693e+00
3.490196078431372362e-01 9.436021479169980353e+00
3.529411764705882026e-01 7.245746513963371882e+00
3.568627450980392246e-01 1.032976030498027065e+01
3.607843137254901911e-01 8.741837909987724586e+00
3.647058823529411575e-01 7.131243169371371593e+00
3.686274509803921795e-01 7.854117513827875818e+00
3.725490196078431460e-01 8.672637336619439807e+00
3.764705882352941124e-01 8.492503985377567233e+00
3.803921568627450789e-01 8.947462096841499957e+00
3.843137254901960453e-01 9.112863129132623641e+00
3.882352941176470673e-01 7.639014689976690420e+00
3.921568627450980338e-01 1.054548077502825620e+01
3.960784313725490002e-01 1.022548886069766283e+01
4.000000000000000222e-01 9.501865456490962814e+00
4.039215686274509887e-01 7.935774275788671339e+00
4.078431372549019551e-01 8.242835875759858766e+00
4.117647058823529216e-01 6.941657918945782768e+00
4.156862745098038880e-01 9.851313086722797152e+00
4.196078431372549100e-01 8.002238947807795100e+00
4.235294117647058765e-01 9.708333395823025569e+00
4.274509803921568429e-01 9.074536362531402389e+00
4.313725490196078649e-01 9.016099720114526761e+00
4.352941176470588314e-01 8.156387619609471784e+00
4.392156862745097978e-01 9.037999910370769996e+00
4.431372549019607643e-01 6.741871018517270109e+00
4.470588235294117307e-01 6.409383323016271561e+00
4.509803921568627527e-01 8.891035112499878323e+00
4.549019607843137192e-01 8.776536434155614685e+00
4.588235294117646856e-01 9.141363118922431141e+00
4.627450980392157076e-01 7.944235295770116778e+00
4.666666666666666741e-01 7.688922851527983049e+00
4.705882352941176405e-01 1.004322127151274913e+01
4.745098039215686070e-01 6.412745843571699744e+00
4.784313725490195734e-01 7.660111219049658970e+00
4.823529411764705954e-01 6.587166857500576178e+00
4.862745098039215619e-01 7.367666051152711226e+00
4.901960784313725283e-01 7.650852482303988289e+00
4.941176470588235503e-01 7.650875778487392864e+00
4.980392156862745168e-01 6.805757214552382806e+00
5.019607843137254832e-01 7.325245936724011919e+00
5.058823529411764497e-01 8.188959239643832433e+00
5.098039215686274161e-01 4.886178656494019279e+00
5.137254901960783826e-01 7.596027969565903426e+00
5.176470588235293491e-01 8.282084989176967227e+00
5.215686274509804266e-01 7.008392399446697674e+00
5.254901960784313930e-01 7.036044568592396686e+00
5.294117647058823595e-01 6.934219064305662705e+00
5.333333333333333259e-01 7.202749270205581311e+00
5.372549019607842924e-01 6.989691551072919395e+00
5.411764705882352589e-01 7.747121855327269380e+00
5.450980392156862253e-01 4.894762495151189441e+00
5.490196078431373028e-01 9.028582125832821603e+00
5.529411764705882693e-01 6.360504948076157739e+00
5.568627450980392357e-01 7.204004727845249256e+00
5.607843137254902022e-01 7.548549747916992736e+00
5.647058823529411686e-01 6.481333614194202397e+00
5.686274509803921351e-01 8.386463838058137554e+00
5.725490196078431016e-01 7.308533006118508091e+00
5.764705882352940680e-01 6.375616578037022641e+00
5.803921568627450345e-01 4.112038392587662017e+00
5.843137254901961120e-01 7.514014267002593783e+00
5.882352941176470784e-01 7.138754633697474539e+00
5.921568627450980449e-01 7.036648075130176316e+00
5.960784313725490113e-01 6.153154498332420452e+00
5.999999999999999778e-01 7.388096053645457850e+00
6.039215686274509443e-01 6.445252610209827537e+00
6.078431372549019107e-01 7.968475338869314584e+00
6.117647058823529882e-01 5.407673023567202364e+00
6.156862745098039547e-01 6.651317658454396486e+00
6.196078431372549211e-01 7.170660871683426585e+00
6.235294117647058876e-01 8.108948566049264173e+00
6.274509803921568540e-01 6.616917620192007909e+00
6.313725490196078205e-01 5.881863875755991344e+00
6.352941176470587870e-01 7.324032205300737175e+00
6.392156862745097534e-01 4.954538092450812670e+00
6.431372549019607199e-01 6.535900506462903436e+00
6.470588235294117974e-01 5.717077292893443463e+00
6.509803921568627638e-01 6.191080523346900399e+00
6.549019607843137303e-01 4.919734241900508565e+00
6.588235294117646967e-01 5.638383671669339847e+00
6.627450980392156632e-01 5.806454128570983642e+00
6.666666666666666297e-01 5.986738350379857465e+00
6.705882352941175961e-01 6.320584453810153214e+00
6.745098039215686736e-01 5.441476620590667501e+00
6.784313725490196401e-01 5.952470780331371003e+00
6.823529411764706065e-01 6.904730930171680825e+00
6.862745098039215730e-01 5.190590625821968729e+00
6.901960784313725394e-01 6.042443851356292583e+00
6.941176470588235059e-01 5.940672455067080193e+00
6.980392156862744724e-01 7.125357014655230969e+00
7.019607843137254388e-01 4.754549950365416500e+00
7.058823529411764053e-01 4.563378614693279545e+00
7.098039215686274828e-01 7.321910868980680220e+00
7.137254901960784492e-01 4.532393527403227651e+00
7.176470588235294157e-01 4.994680246130564605e+00
7.215686274509803821e-01 5.877227203573270664e+00
7.254901960784313486e-01 4.017443292115677522e+00
7.294117647058823151e-01 5.155636212192850287e+00
7.333333333333332815e-01 3.406896783710165799e+00
7.372549019607843590e-01 6.719458695103622148e+00
7.411764705882353255e-01 4.190691617286197435e+00
7.450980392156862919e-01 4.932288287194928955e+00
7.490196078431372584e-01 7.093007830587709783e+00
7.529411764705882248e-01 4.460139194144691288e+00
7.568627450980391913e-01 5.980035269372075746e+00
7.607843137254901578e-01 5.287131895337446430e+00
7.647058823529411242e-01 4.650265825785110607e+00
7.686274509803920907e-01 3.326848820240454696e+00
7.725490196078431682e-01 4.485706105554559286e+00
7.764705882352941346e-01 4.377810438994806930e+00
7.803921568627451011e-01 5.836407868297057711e+00
7.843137254901960675e-01 3.388681722646067485e+00
7.882352941176470340e-01 5.867202307581187881e+00
7.921568627450980005e-01 4.685831316849289330e+00
7.960784313725489669e-01 3.460460982322159929e+00
8.000000000000000444e-01 4.650200023480373979e+00
8.039215686274510109e-01 6.004779185664350649e+00
8.078431372549019773e-01 5.587781743722159078e+00
8.117647058823529438e-01 5.993209384605044932e+00
8.156862745098039102e-01 3.679655853810036348e+00
8.196078431372548767e-01 4.100966516301685516e+00
8.235294117647058432e-01 3.431178067370827200e+00
8.274509803921568096e-01 5.137755725621501846e+00
8.313725490196077761e-01 4.880668773736475785e+00
8.352941176470588536e-01 3.332390776953335632e+00
8.392156862745098200e-01 4.658077222525799144e+00
8.431372549019607865e-01 7.348700617023065540e+00
8.470588235294117530e-01 4.205842814483465197e+00
8.509803921568627194e-01 5.648668513550011205e+00
8.549019607843136859e-01 4.301130378000188159e+00
8.588235294117646523e-01 5.270201713651803566e+00
8.627450980392157298e-01 3.382739158973878890e+00
8.666666666666666963e-01 2.393287339444575945e+00
8.705882352941176627e-01 4.429464796295621731e+00
8.745098039215686292e-01 3.032176507260111897e+00
8.784313725490195957e-01 4.247303321859639880e+00
8.823529411764705621e-01 4.140409527203631868e+00
8.862745098039215286e-01 4.330962712843190232e+00
8.901960784313724950e-01 3.603478453399855397e+00
8.941176470588234615e-01 3.223514520766188607e+00
8.980392156862745390e-01 4.655834739339022477e+00
9.019607843137255054e-01 4.649671879245111938e+00
9.058823529411764719e-01 3.350053567079577022e+00
9.098039215686274384e-01 4.541047852028027521e+00
9.137254901960784048e-01 3.246860097541231838e+00
9.176470588235293713e-01 4.169654383355832827e+00
9.215686274509803377e-01 4.468158503603737230e+00
9.254901960784314152e-01 5.441832966892389045e+00
9.294117647058823817e-01 5.166830840453997098e+00
9.333333333333333481e-01 3.344589443175335131e+00
9.372549019607843146e-01 4.258623150805751933e+00
9.411764705882352811e-01 4.831483689360760891e+00
9.450980392156862475e-01 4.218605311417832127e+00
9.490196078431372140e-01 5.542259439097672491e+00
9.529411764705881804e-01 5.187143750132483078e+00
9.568627450980391469e-01 3.508146707358170246e+00
9.607843137254902244e-01 3.752977005353725914e+00
9.647058823529411908e-01 5.075711146928546746e+00
9.686274509803921573e-01 4.891157424243244733e+00
9.725490196078431238e-01 4.031914029600657479e+00
9.764705882352940902e-01 4.284212585210073421e+00
9.803921568627450567e-01 2.729618346413709595e+00
9.843137254901960231e-01 6.556042432634662021e+00
9.882352941176471006e-01 4.572422915009308753e+00
9.921568627450980671e-01 4.840729426172138972e+00
9.960784313725490335e-01 6.225073596084790495e+00
1.000000000000000000e+00 3.295191155623873769e+00
