0.000000000000000000e+00 7.548682746950706957e+00
3.921568627450980338e-03 9.062065310217958469e+00
7.843137254901960675e-03 7.775092396675562512e+00
1.176470588235294101e-02 5.048870490785178688e+00
1.568627450980392135e-02 6.724089948227772062e+00
1.960784313725490169e-02 6.939925055075993221e+00
2.352941176470588203e-02 8.281952038868160670e+00
2.745098039215686236e-02 6.066345003872610775e+00
3.137254901960784270e-02 6.546559998320126361e+00
3.529411764705882304e-02 6.201743299675484877e+00
3.921568627450980338e-02 6.644931630974237891e+00
4.313725490196078372e-02 4.839291886212588878e+00
4.705882352941176405e-02 6.271478701161243841e+00
5.098039215686274439e-02 5.593945168415098479e+00
5.490196078431372473e-02 5.743400130160655870e+00
5.882352941176470507e-02 6.878500377490464501e+00
6.274509803921568540e-02 8.061453219225208855e+00
6.666666666666666574e-02 5.698162375669091340e+00
7.058823529411764608e-02 7.420310877911806102e+00
7.450980392156862642e-02 4.816457062043311588e+00
7.843137254901960675e-02 6.383726610006982938e+00
8.235294117647058709e-02 5.701316921434454343e+00
8.627450980392156743e-02 5.876097315839167834e+00
9.019607843137254777e-02 3.355003292729437536e+00
9.411764705882352811e-02 5.923980142515707037e+00
9.803921568627450844e-02 6.085353391824239289e+00
1.019607843137254888e-01 5.833214084142015921e+00
1.058823529411764691e-01 6.130432912251468025e+00
1.098039215686274495e-01 5.797328180532671738e+00
1.137254901960784298e-01 7.882450916097292648e+00
1.176470588235294101e-01 7.415322928871802333e+00
1.215686274509803905e-01 5.569939718663501793e+00
1.254901960784313708e-01 7.164844833028400473e+00
1.294117647058823373e-01 5.469445671076226034e+00
1.333333333333333315e-01 6.169742215149861764e+00
1.372549019607843257e-01 5.937811332314175239e+00
1.411764705882352922e-01 6.738497813745355280e+00
1.450980392156862586e-01 6.089799942162019697e+00
1.490196078431372528e-01 5.303853024710269537e+00
1.529411764705882470e-01 6.470521968033119187e+00
1.568627450980392135e-01 7.095972833656869483e+00
1.607843137254901800e-01 6.259563349199799731e+00
1.647058823529411742e-01 7.329125459060666259e+00
1.686274509803921684e-01 6.827113576337144885e+00
1.725490196078431349e-01 7.754574885890928471e+00
1.764705882352941013e-01 5.171833824946489244e+00
1.803921568627450955e-01 8.476183099930098663e+00
1.843137254901960898e-01 6.900102911051563481e+00
1.882352941176470562e-01 7.944860901731685132e+00
1.921568627450980227e-01 6.454583970796943682e+00
1.960784313725490169e-01 4.833238783996224086e+00
2.000000000000000111e-01 4.699801488464075305e+00
2.039215686274509776e-01 7.114755862118371077e+00
2.078431372549019440e-01 6.384966940709641214e+00
2.117647058823529382e-01 5.435410593081619446e+00
2.156862745098039325e-01 7.220861028554895533e+00
2.196078431372548989e-01 6.423098720659258909e+00
2.235294117647058654e-01 9.217509394118067689e+00
2.274509803921568596e-01 6.441047540047539322e+00
2.313725490196078538e-01 7.913100410213568026e+00
2.352941176470588203e-01 8.184112614102483363e+00
2.392156862745097867e-01 8.883339494823967897e+00
2.431372549019607809e-01 7.440339258346044815e+00
2.470588235294117752e-01 7.280833230955875202e+00
2.509803921568627416e-01 7.385649423710023420e+00
2.549019607843137081e-01 7.675421499525014291e+00
2.588235294117646745e-01 4.819058909150731651e+00
2.627450980392156965e-01 7.542262638009044728e+00
2.666666666666666630e-01 7.779795679649273765e+00
2.705882352941176294e-01 6.759646884527731991e+00
2.745098039215686514e-01 6.950888958421750807e+00
2.784313725490196179e-01 4.770000064648603377e+00
2.823529411764705843e-01 6.764789266329516160e+00
2.862745098039215508e-01 6.767952642908388050e+00
2.901960784313725172e-01 6.909755212065717522e+00
2.941176470588235392e-01 7.909779586168886212e+00
2.980392156862745057e-01 7.236343127242729878e+00
3.019607843137254721e-01 6.919782648323981711e+00
3.058823529411764941e-01 8.354817595471546454e+00
3.098039215686274606e-01 8.001054365603211593e+00
3.137254901960784270e-01 7.351546187112776742e+00
3.176470588235293935e-01 6.002048923778108502e+00
3.215686274509803599e-01 8.214501495071834469e+00
3.254901960784313819e-01 5.348986024966814412e+00
3.294117647058823484e-01 7.008405966785176133e+00
3.333333333333333148e-01 7.938394163131894388e+00
3.372549019607843368e-01 7.496918805941994890e+00
3.411764705882353033e-01 8.736384588339999979e+00
3.450980392156862697e-01 6.961369051203421421e+00
3.490196078431372362e-01 8.195607464334592862e+00
3.529411764705882026e-01 6.534880304540608087e+00
3.568627450980392246e-01 6.180099458329749496e+00
3.607843137254901911e-01 8.932054426430303451e+00
3.647058823529411575e-01 8.771122881175211106e+00
3.686274509803921795e-01 7.861475010743488312e+00
3.725490196078431460e-01 7.146903481175579387e+00
3.764705882352941124e-01 7.223891658517891834e+00
3.803921568627450789e-01 7.976731757735083583e+00
3.843137254901960453e-01 7.671491293532959332e+00
3.882352941176470673e-01 7.381657935387957892e+00
3.921568627450980338e-01 6.916538268780795917e+00
3.960784313725490002e-01 7.210538381044157674e+00
4.000000000000000222e-01 5.679823645147488165e+00
4.039215686274509887e-01 7.118772071820370861e+00
4.078431372549019551e-01 6.684880872742384739e+00
4.117647058823529216e-01 7.805992273347998278e+00
4.156862745098038880e-01 7.964774019729063070e+00
4.196078431372549100e-01 6.044150899316089287e+00
4.235294117647058765e-01 7.507449363996226310e+00
4.274509803921568429e-01 7.660187500998183907e+00
4.313725490196078649e-01 6.117045126507703046e+00
4.352941176470588314e-01 7.243647404406264201e+00
4.392156862745097978e-01 5.916928453934626297e+00
4.431372549019607643e-01 6.651236504748429645e+00
4.470588235294117307e-01 5.282780652927643317e+00
4.509803921568627527e-01 6.574950456969998136e+00
4.549019607843137192e-01 6.574986802904791539e+00
4.588235294117646856e-01 4.708799683590552121e+00
4.627450980392157076e-01 8.069190165069604959e+00
4.666666666666666741e-01 6.266216134775641322e+00
4.705882352941176405e-01 6.178929402117492309e+00
4.745098039215686070e-01 7.046265229401800667e+00
4.784313725490195734e-01 7.094602781153220405e+00
4.823529411764705954e-01 7.532750615747748846e+00
4.862745098039215619e-01 9.828467748568753493e+00
4.901960784313725283e-01 7.960603003230730224e+00
4.941176470588235503e-01 5.206200213451660730e+00
4.980392156862745168e-01 7.331767296112267296e+00
5.019607843137254832e-01 6.203428622784877611e+00
5.058823529411764497e-01 4.082918175209533374e+00
5.098039215686274161e-01 5.914006791413090269e+00
5.137254901960783826e-01 6.300286101046983056e+00
5.176470588235293491e-01 6.094711079983044399e+00
5.215686274509804266e-01 5.209868850079234726e+00
5.254901960784313930e-01 7.310697937187844886e+00
5.294117647058823595e-01 5.769685864916285212e+00
5.333333333333333259e-01 6.184497047757403720e+00
5.372549019607842924e-01 6.806078515502636428e+00
5.411764705882352589e-01 3.966147764186696900e+00
5.450980392156862253e-01 6.147974568172513976e+00
5.490196078431373028e-01 4.458674449986788524e+00
5.529411764705882693e-01 6.320051712560233348e+00
5.568627450980392357e-01 4.866652536407102048e+00
5.607843137254902022e-01 6.145762761803292840e+00
5.647058823529411686e-01 6.403410133983125085e+00
5.686274509803921351e-01 6.653628638119997163e+00
5.725490196078431016e-01 6.123325182129098820e+00
5.764705882352940680e-01 5.160502843735649492e+00
5.803921568627450345e-01 4.216610472446713942e+00
5.843137254901961120e-01 6.597764270315684243e+00
5.882352941176470784e-01 5.385015460092588135e+00
5.921568627450980449e-01 6.048741792747374113e+00
5.960784313725490113e-01 5.112597723557896323e+00
5.999999999999999778e-01 6.912232273261207816e+00
6.039215686274509443e-01 6.998536629787196262e+00
6.078431372549019107e-01 6.436731071070219912e+00
6.117647058823529882e-01 5.639045701354926443e+00
6.156862745098039547e-01 6.190865036576479241e+00
6.196078431372549211e-01 6.194603635364505756e+00
6.235294117647058876e-01 5.847775367798496937e+00
6.274509803921568540e-01 5.841569758065056739e+00
6.313725490196078205e-01 4.109142263606734069e+00
6.352941176470587870e-01 5.897355551259419570e+00
6.392156862745097534e-01 3.091556687928908254e+00
6.431372549019607199e-01 5.831698609567727232e+00
6.470588235294117974e-01 6.344230948076431176e+00
6.509803921568627638e-01 4.786871181003995446e+00
6.549019607843137303e-01 6.222366257211256801e+00
6.588235294117646967e-01 2.918394144925767097e+00
6.627450980392156632e-01 6.213275539320519236e+00
6.666666666666666297e-01 6.009193086260202321e+00
6.705882352941175961e-01 4.947255063373642514e+00
6.745098039215686736e-01 4.722212650698544678e+00
6.784313725490196401e-01 6.142258104608431246e+00
6.823529411764706065e-01 4.583340995979169108e+00
6.862745098039215730e-01 6.287473373925130282e+00
6.901960784313725394e-01 4.503717456359241922e+00
6.941176470588235059e-01 3.414868805900395543e+00
6.980392156862744724e-01 4.172949828086350621e+00
7.019607843137254388e-01 5.442689103554326557e+00
7.058823529411764053e-01 4.284587220778269590e+00
7.098039215686274828e-01 4.280681846421448888e+00
7.137254901960784492e-01 4.283075504315916326e+00
7.176470588235294157e-01 4.053334692870468103e+00
7.215686274509803821e-01 4.888851277574517873e+00
7.254901960784313486e-01 4.323484906870707078e+00
7.294117647058823151e-01 4.849028346758824881e+00
7.333333333333332815e-01 5.847277203620405039e+00
7.372549019607843590e-01 3.772207067316958984e+00
7.411764705882353255e-01 5.650298514455895038e+00
7.450980392156862919e-01 2.709382974931754617e+00
7.490196078431372584e-01 2.989956436180936983e+00
7.529411764705882248e-01 3.544246213816585556e+00
7.568627450980391913e-01 4.164246724524643284e+00
7.607843137254901578e-01 3.240794076967863369e+00
7.647058823529411242e-01 3.484840291122872635e+00
7.686274509803920907e-01 3.353537070059200431e+00
7.725490196078431682e-01 6.299846830930928121e+00
7.764705882352941346e-01 3.722659626160071511e+00
7.803921568627451011e-01 4.126005027102181089e+00
7.843137254901960675e-01 3.398518128272271177e+00
7.882352941176470340e-01 4.180523646319030284e+00
7.921568627450980005e-01 3.217185718711673470e+00
7.960784313725489669e-01 3.437203863446442131e+00
8.000000000000000444e-01 3.549134369073819961e+00
8.039215686274510109e-01 3.319730243007165349e+00
8.078431372549019773e-01 3.586125956932431524e+00
8.117647058823529438e-01 3.799110866163315059e+00
8.156862745098039102e-01 3.114646324242974718e+00
8.196078431372548767e-01 4.141135338552578204e+00
8.235294117647058432e-01 2.606472118086142764e+00
8.274509803921568096e-01 3.544050215410184723e+00
8.313725490196077761e-01 3.429286371540192668e+00
8.352941176470588536e-01 3.612326387142741790e+00
8.392156862745098200e-01 8.092624714408795938e-01
8.431372549019607865e-01 4.621238234837313108e+00
8.470588235294117530e-01 2.176566598514032336e+00
8.509803921568627194e-01 3.932591170215773424e+00
8.549019607843136859e-01 2.392649512341776585e+00
8.588235294117646523e-01 1.580452880945014460e+00
8.627450980392157298e-01 -1.401617181324090744e-01
8.666666666666666963e-01 3.961515271478223799e+00
8.705882352941176627e-01 4.459263940118274760e+00
8.745098039215686292e-01 4.478159949545252871e+00
8.784313725490195957e-01 4.742616871005322032e+00
8.823529411764705621e-01 2.970106236425095858e+00
8.862745098039215286e-01 3.947217792866085873e+00
8.901960784313724950e-01 3.390708022766202756e+00
8.941176470588234615e-01 4.781494501246404738e+00
8.980392156862745390e-01 3.233570384341657444e+00
9.019607843137255054e-01 3.882432563386300828e+00
9.058823529411764719e-01 3.896528687473952424e+00
9.098039215686274384e-01 2.483793326356972031e+00
9.137254901960784048e-01 4.203723989088865132e+00
9.176470588235293713e-01 4.774752014243949461e+00
9.215686274509803377e-01 3.507033267840937274e+00
9.254901960784314152e-01 5.264346905080784289e+00
9.294117647058823817e-01 2.126555205806672344e+00
9.333333333333333481e-01 1.761798139395448937e+00
9.372549019607843146e-01 3.198390113858293304e+00
9.411764705882352811e-01 3.600537393695841359e+00
9.450980392156862475e-01 4.197716097936615931e+00
9.490196078431372140e-01 5.057006461445240575e+00
9.529411764705881804e-01 2.990895733829975978e+00
9.568627450980391469e-01 2.564538958402650337e+00
9.607843137254902244e-01 3.564979350222698962e+00
9.647058823529411908e-01 2.621800941353630066e+00
9.686274509803921573e-01 3.733218485775297246e+00
9.725490196078431238e-01 5.114385545090652130e+00
9.764705882352940902e-01 4.654925493039604234e+00
9.803921568627450567e-01 3.601617658015838330e+00
9.843137254901960231e-01 5.527408535876994655e+00
9.882352941176471006e-01 5.578373184326480327e+00
9.921568627450980671e-01 3.520561470426149420e+00
9.960784313725490335e-01 4.380803146951631533e+00
1.000000000000000000e+00 6.604025942790486603e+00
