0.000000000000000000e+00 4.007139344961053062e+00
3.921568627450980338e-03 2.516874735261120044e+00
7.843137254901960675e-03 2.192182459354444113e+00
1.176470588235294101e-02 3.056841656802069984e+00
1.568627450980392135e-02 4.192394380900818618e+00
1.960784313725490169e-02 1.419227052900475350e+00
2.352941176470588203e-02 3.159893398823753863e+00
2.745098039215686236e-02 1.116712834454979930e+00
3.137254901960784270e-02 1.359398160125629973e+00
3.529411764705882304e-02 9.842637339235018601e-01
3.921568627450980338e-02 2.047108958074226770e+00
4.313725490196078372e-02 2.629687183821741048e+00
4.705882352941176405e-02 2.681649285984124553e+00
5.098039215686274439e-02 1.453967384344442726e+00
5.490196078431372473e-02 2.745975563418771248e+00
5.882352941176470507e-02 2.272425611474199414e+00
6.274509803921568540e-02 2.111331397129238674e+00
6.666666666666666574e-02 3.649776698727567492e+00
7.058823529411764608e-02 2.439042382031828993e+00
7.450980392156862642e-02 2.642771963967720517e+00
7.843137254901960675e-02 3.167702839998176145e+00
8.235294117647058709e-02 3.165680842296847430e+00
8.627450980392156743e-02 3.151728749938986329e+00
9.019607843137254777e-02 1.075953841578767944e+00
9.411764705882352811e-02 3.331814257136093804e+00
9.803921568627450844e-02 1.702448920469715077e+00
1.019607843137254888e-01 9.774955581014299622e-01
1.058823529411764691e-01 2.745297000907162221e+00
1.098039215686274495e-01 2.366656705474212252e+00
1.137254901960784298e-01 2.945118011930768720e+00
1.176470588235294101e-01 3.466919785958385791e+00
1.215686274509803905e-01 1.933698362314233199e+00
1.254901960784313708e-01 1.325548552748228470e+00
1.294117647058823373e-01 2.885652478892098305e+00
1.333333333333333315e-01 2.475455539928497650e+00
1.372549019607843257e-01 3.753946243028511098e+00
1.411764705882352922e-01 3.363727477326588833e+00
1.450980392156862586e-01 3.859619468522526908e+00
1.490196078431372528e-01 2.475119727620121335e+00
1.529411764705882470e-01 1.199080469034772500e+00
1.568627450980392135e-01 4.128557952669906328e+00
1.607843137254901800e-01 3.668628211040686260e+00
1.647058823529411742e-01 3.248572086383948232e+00
1.686274509803921684e-01 3.691048890098008073e+00
1.725490196078431349e-01 3.198954613207356523e+00
1.764705882352941013e-01 1.999362362379843550e+00
1.803921568627450955e-01 3.705857321825518635e+00
1.843137254901960898e-01 1.317484500400969649e+00
1.882352941176470562e-01 2.671309588585489614e+00
1.921568627450980227e-01 3.169134207482617427e+00
1.960784313725490169e-01 4.714996521074611202e+00
2.000000000000000111e-01 4.077186441399575756e+00
2.039215686274509776e-01 3.258129458815064439e+00
2.078431372549019440e-01 3.651535458802095846e+00
2.117647058823529382e-01 3.731938752335724807e+00
2.156862745098039325e-01 5.290919358979421006e+00
2.196078431372548989e-01 6.603265208781789575e+00
2.235294117647058654e-01 2.951767639846334834e+00
2.274509803921568596e-01 4.116744363474894364e+00
2.313725490196078538e-01 4.154896523157034061e+00
2.352941176470588203e-01 3.523558454912937066e+00
2.392156862745097867e-01 4.931197402748519032e+00
2.431372549019607809e-01 5.228047526764197706e+00
2.470588235294117752e-01 4.185301541312877127e+00
2.509803921568627416e-01 4.426011317146558710e+00
2.549019607843137081e-01 5.010780523639935424e+00
2.588235294117646745e-01 5.587242886023366495e+00
2.627450980392156965e-01 4.886421974737807261e+00
2.666666666666666630e-01 4.956465040073826600e+00
2.705882352941176294e-01 5.600961429826420535e+00
2.745098039215686514e-01 4.532204208666274603e+00
2.784313725490196179e-01 5.989356547023700017e+00
2.823529411764705843e-01 2.668530577868877263e+00
2.862745098039215508e-01 5.559693043877777185e+00
2.901960784313725172e-01 6.884008943738622044e+00
2.941176470588235392e-01 5.996514208486463993e+00
2.980392156862745057e-01 6.119957119942571744e+00
3.019607843137254721e-01 3.862288791278957412e+00
3.058823529411764941e-01 5.628236056654787767e+00
3.098039215686274606e-01 5.768227468811186753e+00
3.137254901960784270e-01 5.528972221328727343e+00
3.176470588235293935e-01 6.611168587321129664e+00
3.215686274509803599e-01 6.026082140847652369e+00
3.254901960784313819e-01 6.275374252456694002e+00
3.294117647058823484e-01 5.596573578532227700e+00
3.333333333333333148e-01 4.112728436483122252e+00
3.372549019607843368e-01 6.799539852973370380e+00
3.411764705882353033e-01 7.184943752677386719e+00
3.450980392156862697e-01 5.691676716744967557e+00
3.490196078431372362e-01 6.817137939061202800e+00
3.529411764705882026e-01 7.049541840304277329e+00
3.568627450980392246e-01 7.400313606133010147e+00
3.607843137254901911e-01 6.964431729977230923e+00
3.647058823529411575e-01 5.374961496737459044e+00
3.686274509803921795e-01 7.098756920430933093e+00
3.725490196078431460e-01 7.202666035143370671e+00
3.764705882352941124e-01 6.984142969392899580e+00
3.803921568627450789e-01 7.902161031000649594e+00
3.843137254901960453e-01 7.357480944918502352e+00
3.882352941176470673e-01 5.250816653329025030e+00
3.921568627450980338e-01 7.157636164003066348e+00
3.960784313725490002e-01 6.188718075526025153e+00
4.000000000000000222e-01 8.128263850508769650e+00
4.039215686274509887e-01 6.127173546378075208e+00
4.078431372549019551e-01 7.279295236033684446e+00
4.117647058823529216e-01 6.445173697774134958e+00
4.156862745098038880e-01 7.535364450946188342e+00
4.196078431372549100e-01 7.377780202070863602e+00
4.235294117647058765e-01 7.771990675990640085e+00
4.274509803921568429e-01 7.959559981570436094e+00
4.313725490196078649e-01 7.683163337360312539e+00
4.352941176470588314e-01 8.924922463754464630e+00
4.392156862745097978e-01 8.344629728297352500e+00
4.431372549019607643e-01 6.392290400093698644e+00
4.470588235294117307e-01 6.880667933230441236e+00
4.509803921568627527e-01 6.378777658054324284e+00
4.549019607843137192e-01 7.150121033673256576e+00
4.588235294117646856e-01 9.564523639025974688e+00
4.627450980392157076e-01 7.870506521810078482e+00
4.666666666666666741e-01 8.331125037518310350e+00
4.705882352941176405e-01 7.809655845822519815e+00
4.745098039215686070e-01 7.685964216390342330e+00
4.784313725490195734e-01 9.069019624572650429e+00
4.823529411764705954e-01 8.055242545599957893e+00
4.862745098039215619e-01 6.739050807750185612e+00
4.901960784313725283e-01 8.517200686050440339e+00
4.941176470588235503e-01 9.273870452134950426e+00
4.980392156862745168e-01 7.917497984350604590e+00
5.019607843137254832e-01 9.142626385326327210e+00
5.058823529411764497e-01 1.008702712882788610e+01
5.098039215686274161e-01 9.843569280509449015e+00
5.137254901960783826e-01 8.802850102071968053e+00
5.176470588235293491e-01 8.014882067180774783e+00
5.215686274509804266e-01 8.768464480648360038e+00
5.254901960784313930e-01 8.805049100917800686e+00
5.294117647058823595e-01 9.461056933412953285e+00
5.333333333333333259e-01 9.261527918671076165e+00
5.372549019607842924e-01 8.026672143091012401e+00
5.411764705882352589e-01 8.473980249664847975e+00
5.450980392156862253e-01 8.746926543797938436e+00
5.490196078431373028e-01 7.369345440117027302e+00
5.529411764705882693e-01 9.032747310560768739e+00
5.568627450980392357e-01 8.526846763080831337e+00
5.607843137254902022e-01 9.185710503214522760e+00
5.647058823529411686e-01 1.082504285884555273e+01
5.686274509803921351e-01 9.274078724532030193e+00
5.725490196078431016e-01 9.459084908733924379e+00
5.764705882352940680e-01 9.000247111774912767e+00
5.803921568627450345e-01 9.996470225514570984e+00
5.843137254901961120e-01 9.243934227334447584e+00
5.882352941176470784e-01 9.470589589948323450e+00
5.921568627450980449e-01 7.013789670292930545e+00
5.960784313725490113e-01 8.099517454382576531e+00
5.999999999999999778e-01 8.805887346127565962e+00
6.039215686274509443e-01 9.009844240771489154e+00
6.078431372549019107e-01 8.914373986633602698e+00
6.117647058823529882e-01 8.798701498554345690e+00
6.156862745098039547e-01 1.098344941092239857e+01
6.196078431372549211e-01 9.702243673922991363e+00
6.235294117647058876e-01 8.694773129547202828e+00
6.274509803921568540e-01 8.216193766893576722e+00
6.313725490196078205e-01 8.642732808461136784e+00
6.352941176470587870e-01 8.869613116819595078e+00
6.392156862745097534e-01 9.272854170984519584e+00
6.431372549019607199e-01 9.739212323426015061e+00
6.470588235294117974e-01 1.073102232526504451e+01
6.509803921568627638e-01 1.201057038217960127e+01
6.549019607843137303e-01 9.153530716135467316e+00
6.588235294117646967e-01 7.713977080859835134e+00
6.627450980392156632e-01 7.925165681964399411e+00
6.666666666666666297e-01 9.225823564156204526e+00
6.705882352941175961e-01 7.735579443082858830e+00
6.745098039215686736e-01 8.712478435945778088e+00
6.784313725490196401e-01 8.276215292197505846e+00
6.823529411764706065e-01 9.903773691039223337e+00
6.862745098039215730e-01 6.998685453035340842e+00
6.901960784313725394e-01 7.464817202837700449e+00
6.941176470588235059e-01 8.569344945432259664e+00
6.980392156862744724e-01 7.263355609530636414e+00
7.019607843137254388e-01 8.559517613705597938e+00
7.058823529411764053e-01 1.031236297440601213e+01
7.098039215686274828e-01 9.295236761375839762e+00
7.137254901960784492e-01 9.224061421741586386e+00
7.176470588235294157e-01 8.465480516447213333e+00
7.215686274509803821e-01 8.161909043317686852e+00
7.254901960784313486e-01 8.140376113345460851e+00
7.294117647058823151e-01 1.038266846770209817e+01
7.333333333333332815e-01 9.468189655803998406e+00
7.372549019607843590e-01 8.619408034061692092e+00
7.411764705882353255e-01 8.824211186201505797e+00
7.450980392156862919e-01 7.657355966553135218e+00
7.490196078431372584e-01 7.653207705533388250e+00
7.529411764705882248e-01 8.548662503002500301e+00
7.568627450980391913e-01 8.973629459829753685e+00
7.607843137254901578e-01 9.050101020996271117e+00
7.647058823529411242e-01 8.305183681387481087e+00
7.686274509803920907e-01 1.055082732743519536e+01
7.725490196078431682e-01 8.761545561353839773e+00
7.764705882352941346e-01 6.754304192851045663e+00
7.803921568627451011e-01 9.097833668475647784e+00
7.843137254901960675e-01 9.902808802078180150e+00
7.882352941176470340e-01 8.107522442629001347e+00
7.921568627450980005e-01 8.973587169629814397e+00
7.960784313725489669e-01 7.684820832546148672e+00
8.000000000000000444e-01 9.368642281004595063e+00
8.039215686274510109e-01 8.997990358642663722e+00
8.078431372549019773e-01 7.343568634806013407e+00
8.117647058823529438e-01 7.821995183160177056e+00
8.156862745098039102e-01 8.949257846957820561e+00
8.196078431372548767e-01 9.062599942388816388e+00
8.235294117647058432e-01 9.010006387055492283e+00
8.274509803921568096e-01 9.587603384357159086e+00
8.313725490196077761e-01 9.284641047263766822e+00
8.352941176470588536e-01 8.200778917855824801e+00
8.392156862745098200e-01 1.036160919054024809e+01
8.431372549019607865e-01 7.842727172927213886e+00
8.470588235294117530e-01 8.047315502456649838e+00
8.509803921568627194e-01 8.706732820443786380e+00
8.549019607843136859e-01 7.269135795750603535e+00
8.588235294117646523e-01 6.759210196527974723e+00
8.627450980392157298e-01 7.524095818624958909e+00
8.666666666666666963e-01 7.935229036169000771e+00
8.705882352941176627e-01 7.858922074108525280e+00
8.745098039215686292e-01 9.867362592116400322e+00
8.784313725490195957e-01 8.057087810372799197e+00
8.823529411764705621e-01 9.689213241117354158e+00
8.862745098039215286e-01 8.534268311209343594e+00
8.901960784313724950e-01 9.657890135575692980e+00
8.941176470588234615e-01 8.100730580231514821e+00
8.980392156862745390e-01 8.497603031538389473e+00
9.019607843137255054e-01 9.039670482348437730e+00
9.058823529411764719e-01 6.382450720959280233e+00
9.098039215686274384e-01 8.187813612233428628e+00
9.137254901960784048e-01 8.198809495824232130e+00
9.176470588235293713e-01 7.893764522017586494e+00
9.215686274509803377e-01 7.501583918505035697e+00
9.254901960784314152e-01 8.638231397495321318e+00
9.294117647058823817e-01 9.520925091743425384e+00
9.333333333333333481e-01 7.708644541728848942e+00
9.372549019607843146e-01 8.799518744148294047e+00
9.411764705882352811e-01 8.179281846336857953e+00
9.450980392156862475e-01 9.196517344488620793e+00
9.490196078431372140e-01 8.643365573915721356e+00
9.529411764705881804e-01 8.529562354106044353e+00
9.568627450980391469e-01 9.775543007457557110e+00
9.607843137254902244e-01 7.572153714251642853e+00
9.647058823529411908e-01 7.907553694932912158e+00
9.686274509803921573e-01 1.016927502595138577e+01
9.725490196078431238e-01 1.012688082902714370e+01
9.764705882352940902e-01 7.970449116655515809e+00
9.803921568627450567e-01 7.847520867900127151e+00
9.843137254901960231e-01 8.867840743653069069e+00
9.882352941176471006e-01 9.186044133493151520e+00
9.921568627450980671e-01 1.136619231023196974e+01
9.960784313725490335e-01 1.037240463940744561e+01
1.000000000000000000e+00 9.869020899799460622e+00
