0.000000000000000000e+00 6.342468037901712208e+00
3.921568627450980338e-03 4.113030877986130207e+00
7.843137254901960675e-03 3.456845647878966865e+00
1.176470588235294101e-02 6.233859021213655538e+00
1.568627450980392135e-02 6.409103500409264242e+00
1.960784313725490169e-02 7.439892854821003709e+00
2.352941176470588203e-02 3.584099873119397373e+00
2.745098039215686236e-02 6.048447646039171843e+00
3.137254901960784270e-02 4.657015224034203982e+00
3.529411764705882304e-02 6.529908860019089545e+00
3.921568627450980338e-02 5.725037981071351645e+00
4.313725490196078372e-02 6.161625869440849002e+00
4.705882352941176405e-02 5.106874162327091682e+00
5.098039215686274439e-02 5.708386598036662818e+00
5.490196078431372473e-02 5.687014401726071533e+00
5.882352941176470507e-02 5.302182093498840842e+00
6.274509803921568540e-02 6.296113560987281588e+00
6.666666666666666574e-02 5.539059527564620389e+00
7.058823529411764608e-02 6.152727710398066208e+00
7.450980392156862642e-02 5.770947114869155570e+00
7.843137254901960675e-02 6.904705677764834348e+00
8.235294117647058709e-02 7.141798830969622536e+00
8.627450980392156743e-02 7.564379433170130618e+00
9.019607843137254777e-02 7.755947812526136076e+00
9.411764705882352811e-02 6.766996256182371106e+00
9.803921568627450844e-02 6.443851668293026691e+00
1.019607843137254888e-01 7.275697647766961040e+00
1.058823529411764691e-01 5.909612758496254337e+00
1.098039215686274495e-01 6.077853957416064823e+00
1.137254901960784298e-01 7.471913784779028234e+00
1.176470588235294101e-01 7.749918664666619605e+00
1.215686274509803905e-01 7.861856420512070009e+00
1.254901960784313708e-01 8.568500705800664363e+00
1.294117647058823373e-01 5.248070468280856993e+00
1.333333333333333315e-01 6.275480286508130057e+00
1.372549019607843257e-01 5.943996771088250419e+00
1.411764705882352922e-01 6.821593705879048564e+00
1.450980392156862586e-01 6.791906306696184004e+00
1.490196078431372528e-01 5.310912040102316212e+00
1.529411764705882470e-01 5.532432260884477593e+00
1.568627450980392135e-01 7.857149532953258131e+00
1.607843137254901800e-01 6.230239232921364945e+00
1.647058823529411742e-01 7.014695917759261157e+00
1.686274509803921684e-01 7.817235715226924064e+00
1.725490196078431349e-01 5.440888776476184852e+00
1.764705882352941013e-01 7.028838362126272443e+00
1.803921568627450955e-01 7.889549091881125520e+00
1.843137254901960898e-01 7.383516116315822941e+00
1.882352941176470562e-01 9.570589977645518331e+00
1.921568627450980227e-01 8.404420237446210251e+00
1.960784313725490169e-01 8.806007400280490671e+00
2.000000000000000111e-01 8.558009135572781645e+00
2.039215686274509776e-01 8.734549402337488999e+00
2.078431372549019440e-01 9.112282718183525532e+00
2.117647058823529382e-01 6.664645556971238172e+00
2.156862745098039325e-01 6.472773718205012017e+00
2.196078431372548989e-01 6.735758948602239116e+00
2.235294117647058654e-01 8.318466467947546406e+00
2.274509803921568596e-01 6.575873147636649207e+00
2.313725490196078538e-01 8.553520874383103489e+00
2.352941176470588203e-01 6.848283513523979238e+00
2.392156862745097867e-01 6.478969352833792605e+00
2.431372549019607809e-01 7.540276298269378508e+00
2.470588235294117752e-01 6.011632812401705550e+00
2.509803921568627416e-01 7.571857046437508565e+00
2.549019607843137081e-01 6.014046454987473922e+00
2.588235294117646745e-01 6.174997614581964278e+00
2.627450980392156965e-01 6.370262128413616942e+00
2.666666666666666630e-01 7.221413752223853066e+00
2.705882352941176294e-01 7.642208331150614598e+00
2.745098039215686514e-01 6.779240730855574881e+00
2.784313725490196179e-01 6.181637909160475175e+00
2.823529411764705843e-01 8.085810666966045446e+00
2.862745098039215508e-01 6.925079894545239867e+00
2.901960784313725172e-01 8.072600866935804476e+00
2.941176470588235392e-01 8.546162723906332914e+00
2.980392156862745057e-01 7.443475217674164313e+00
3.019607843137254721e-01 6.186942459295597274e+00
3.058823529411764941e-01 6.987004395605594276e+00
3.098039215686274606e-01 6.934758217361356003e+00
3.137254901960784270e-01 5.472618326972732206e+00
3.176470588235293935e-01 7.290706841244372960e+00
3.215686274509803599e-01 6.066252559543228173e+00
3.254901960784313819e-01 6.428718999264090961e+00
3.294117647058823484e-01 5.776646989081306138e+00
3.333333333333333148e-01 6.731321998542886043e+00
3.372549019607843368e-01 6.307969866693732719e+00
3.411764705882353033e-01 6.296839009363186968e+00
3.450980392156862697e-01 7.022806393355845778e+00
3.490196078431372362e-01 7.278955925677752070e+00
3.529411764705882026e-01 7.016738732291258884e+00
3.568627450980392246e-01 6.357023958832241917e+00
3.607843137254901911e-01 6.390010474677266572e+00
3.647058823529411575e-01 5.971212952116292882e+00
3.686274509803921795e-01 5.315148276673024696e+00
3.725490196078431460e-01 7.013427898292382778e+00
3.764705882352941124e-01 4.383247602737077031e+00
3.803921568627450789e-01 6.207807487705687244e+00
3.843137254901960453e-01 3.729292250828544653e+00
3.882352941176470673e-01 6.317928437517442930e+00
3.921568627450980338e-01 5.845462662401098797e+00
3.960784313725490002e-01 6.688256296304539106e+00
4.000000000000000222e-01 7.175474178389544377e+00
4.039215686274509887e-01 5.218911332452081275e+00
4.078431372549019551e-01 4.434240170059010389e+00
4.117647058823529216e-01 5.046803269408230541e+00
4.156862745098038880e-01 5.650545047259949882e+00
4.196078431372549100e-01 5.295790493140207111e+00
4.235294117647058765e-01 4.216838366284890505e+00
4.274509803921568429e-01 4.959879614827875649e+00
4.313725490196078649e-01 5.888924935175897879e+00
4.352941176470588314e-01 6.696562300718219340e+00
4.392156862745097978e-01 6.700677096468271365e+00
4.431372549019607643e-01 7.517385341432881951e+00
4.470588235294117307e-01 4.184059463890581476e+00
4.509803921568627527e-01 5.480969558746855874e+00
4.549019607843137192e-01 6.234844305424784849e+00
4.588235294117646856e-01 6.156252520204075651e+00
4.627450980392157076e-01 5.637944885466258604e+00
4.666666666666666741e-01 7.025896218367021717e+00
4.705882352941176405e-01 4.792332547039572788e+00
4.745098039215686070e-01 6.632857174802550659e+00
4.784313725490195734e-01 6.875478029034534089e+00
4.823529411764705954e-01 6.397424393556953248e+00
4.862745098039215619e-01 5.692217087999132730e+00
4.901960784313725283e-01 6.728444650310475339e+00
4.941176470588235503e-01 6.369579586795060422e+00
4.980392156862745168e-01 4.224846397021632782e+00
5.019607843137254832e-01 6.611759740900077453e+00
5.058823529411764497e-01 6.832170811322094472e+00
5.098039215686274161e-01 6.307733564301718054e+00
5.137254901960783826e-01 5.545565075725843229e+00
5.176470588235293491e-01 7.578708519884301609e+00
5.215686274509804266e-01 5.334066579946402875e+00
5.254901960784313930e-01 6.785000117040025813e+00
5.294117647058823595e-01 5.925436663810838667e+00
5.333333333333333259e-01 4.222402068078402237e+00
5.372549019607842924e-01 6.289093711397621966e+00
5.411764705882352589e-01 5.915587212370095216e+00
5.450980392156862253e-01 3.631673837429345575e+00
5.490196078431373028e-01 5.392081617420828366e+00
5.529411764705882693e-01 5.888959874393305149e+00
5.568627450980392357e-01 5.220704743704977169e+00
5.607843137254902022e-01 4.713166539961596513e+00
5.647058823529411686e-01 5.930212129950390931e+00
5.686274509803921351e-01 3.885266514291311868e+00
5.725490196078431016e-01 5.518022275341565752e+00
5.764705882352940680e-01 4.916605622080642668e+00
5.803921568627450345e-01 5.321772319904804149e+00
5.843137254901961120e-01 4.652994297935506118e+00
5.882352941176470784e-01 5.749226615563363119e+00
5.921568627450980449e-01 5.155321631977243690e+00
5.960784313725490113e-01 3.951776131633000233e+00
5.999999999999999778e-01 2.922868139345847993e+00
6.039215686274509443e-01 4.067180103940627234e+00
6.078431372549019107e-01 6.922865961929796974e+00
6.117647058823529882e-01 4.247614062625702402e+00
6.156862745098039547e-01 5.074385306931104012e+00
6.196078431372549211e-01 6.608374113555487206e+00
6.235294117647058876e-01 6.860643144383059777e+00
6.274509803921568540e-01 6.233486462303728715e+00
6.313725490196078205e-01 4.170760546444684636e+00
6.352941176470587870e-01 3.458243688939011573e+00
6.392156862745097534e-01 5.805006831959116376e+00
6.431372549019607199e-01 5.617975131598320182e+00
6.470588235294117974e-01 3.169141173991048888e+00
6.509803921568627638e-01 5.790742362143193489e+00
6.549019607843137303e-01 5.674898563088104808e+00
6.588235294117646967e-01 5.373613375436552708e+00
6.627450980392156632e-01 4.841713880225900546e+00
6.666666666666666297e-01 6.205896854079945513e+00
6.705882352941175961e-01 3.006713346911667806e+00
6.745098039215686736e-01 4.461749707854826497e+00
6.784313725490196401e-01 4.681651278696149276e+00
6.823529411764706065e-01 3.902923706192463094e+00
6.862745098039215730e-01 5.017789765107162125e+00
6.901960784313725394e-01 4.394555257718650410e+00
6.941176470588235059e-01 5.487710503550965235e+00
6.980392156862744724e-01 4.940915680039880797e+00
7.019607843137254388e-01 4.473495181138896548e+00
7.058823529411764053e-01 5.811384967315933459e+00
7.098039215686274828e-01 5.787971370174053831e+00
7.137254901960784492e-01 5.487829917306013883e+00
7.176470588235294157e-01 4.578423804326197555e+00
7.215686274509803821e-01 3.217458845803273793e+00
7.254901960784313486e-01 5.231008828681632750e+00
7.294117647058823151e-01 4.800569495137663623e+00
7.333333333333332815e-01 7.539718597154573487e+00
7.372549019607843590e-01 2.691616894127631276e+00
7.411764705882353255e-01 4.538972930951841178e+00
7.450980392156862919e-01 4.346204133163071859e+00
7.490196078431372584e-01 5.138518839926254245e+00
7.529411764705882248e-01 3.805094292801415978e+00
7.568627450980391913e-01 6.630739927064601247e+00
7.607843137254901578e-01 4.986642485429162441e+00
7.647058823529411242e-01 4.632030865868480340e+00
7.686274509803920907e-01 4.323171618374068714e+00
7.725490196078431682e-01 3.755673245620023692e+00
7.764705882352941346e-01 3.963834182479478940e+00
7.803921568627451011e-01 3.297059360728534116e+00
7.843137254901960675e-01 4.559544139220560233e+00
7.882352941176470340e-01 3.588181577065613581e+00
7.921568627450980005e-01 4.291963395432490280e+00
7.960784313725489669e-01 5.749958171445138433e+00
8.000000000000000444e-01 3.888765680587620732e+00
8.039215686274510109e-01 2.827978674148618587e+00
8.078431372549019773e-01 4.667960834030918882e+00
8.117647058823529438e-01 3.342467893733607198e+00
8.156862745098039102e-01 3.060398104075050085e+00
8.196078431372548767e-01 3.407607223306460931e+00
8.235294117647058432e-01 4.638578692338138687e+00
8.274509803921568096e-01 4.286576755607597100e+00
8.313725490196077761e-01 2.575208036097115460e+00
8.352941176470588536e-01 2.901566651934566643e+00
8.392156862745098200e-01 4.120220334737949130e+00
8.431372549019607865e-01 3.323286697463111672e+00
8.470588235294117530e-01 5.185461753251298767e+00
8.509803921568627194e-01 3.668983593734050253e+00
8.549019607843136859e-01 5.987056252696863368e+00
8.588235294117646523e-01 3.320573476233448673e+00
8.627450980392157298e-01 4.239049784030958890e+00
8.666666666666666963e-01 1.096596577054390398e+00
8.705882352941176627e-01 5.077640686064853526e+00
8.745098039215686292e-01 4.076424997716040721e+00
8.784313725490195957e-01 3.045171313719442718e+00
8.823529411764705621e-01 2.989063576653223198e+00
8.862745098039215286e-01 2.601542855033611712e+00
8.901960784313724950e-01 6.310064448741329102e+00
8.941176470588234615e-01 3.587040141735982068e+00
8.980392156862745390e-01 4.461287109649750171e+00
9.019607843137255054e-01 3.226996720232331306e+00
9.058823529411764719e-01 5.156005538931964338e+00
9.098039215686274384e-01 3.221937746958233095e+00
9.137254901960784048e-01 3.920488405528537168e+00
9.176470588235293713e-01 3.402026681262351637e+00
9.215686274509803377e-01 2.994462089157191365e+00
9.254901960784314152e-01 3.995206439480748273e+00
9.294117647058823817e-01 2.790284656091901461e+00
9.333333333333333481e-01 2.761382878412200981e+00
9.372549019607843146e-01 3.384275347016143964e+00
9.411764705882352811e-01 2.555052893613863674e+00
9.450980392156862475e-01 3.830757115851282535e+00
9.490196078431372140e-01 3.687107417381482399e+00
9.529411764705881804e-01 3.495878277263937406e+00
9.568627450980391469e-01 4.950345968688978360e+00
9.607843137254902244e-01 3.456974156383293195e+00
9.647058823529411908e-01 2.823977188216516332e+00
9.686274509803921573e-01 3.553197798722189216e+00
9.725490196078431238e-01 2.314649158052940692e+00
9.764705882352940902e-01 3.617393864671770931e+00
9.803921568627450567e-01 7.200392149290286703e-01
9.843137254901960231e-01 3.356726891088458675e+00
9.882352941176471006e-01 2.287079415284216655e+00
9.921568627450980671e-01 1.952335007031316794e+00
9.960784313725490335e-01 9.948373322305434918e-01
1.000000000000000000e+00 1.025396290193382631e+00
