0.000000000000000000e+00 9.252195472282654265e+00
3.921568627450980338e-03 8.648082506007769510e+00
7.843137254901960675e-03 9.061662113398142537e+00
1.176470588235294101e-02 9.327727525621146043e+00
1.568627450980392135e-02 8.149259887090686050e+00
1.960784313725490169e-02 8.357316493722926509e+00
2.352941176470588203e-02 8.298058819896521499e+00
2.745098039215686236e-02 8.381270177604063676e+00
3.137254901960784270e-02 9.669684135894009103e+00
3.529411764705882304e-02 8.287317379924585836e+00
3.921568627450980338e-02 7.803524230755920499e+00
4.313725490196078372e-02 9.459911080562132923e+00
4.705882352941176405e-02 8.477530994032434819e+00
5.098039215686274439e-02 5.489604947492656706e+00
5.490196078431372473e-02 9.172496841511474486e+00
5.882352941176470507e-02 7.768663200513156397e+00
6.274509803921568540e-02 8.771394030843865153e+00
6.666666666666666574e-02 7.195525656872073128e+00
7.058823529411764608e-02 8.500360076397763365e+00
7.450980392156862642e-02 8.872780169846970821e+00
7.843137254901960675e-02 1.022798878026886804e+01
8.235294117647058709e-02 1.075059356864421822e+01
8.627450980392156743e-02 1.000272139183355513e+01
9.019607843137254777e-02 7.990355680057994014e+00
9.411764705882352811e-02 8.479813886693218450e+00
9.803921568627450844e-02 8.786120661092105877e+00
1.019607843137254888e-01 8.060609486584720429e+00
1.058823529411764691e-01 8.687969702466858735e+00
1.098039215686274495e-01 1.037803815755225401e+01
1.137254901960784298e-01 8.344744339983421355e+00
1.176470588235294101e-01 1.030942382930548717e+01
1.215686274509803905e-01 8.319989885868237067e+00
1.254901960784313708e-01 9.997110574399100003e+00
1.294117647058823373e-01 7.245694477575121084e+00
1.333333333333333315e-01 1.003377670196707250e+01
1.372549019607843257e-01 9.772432780817210229e+00
1.411764705882352922e-01 9.728104527224566311e+00
1.450980392156862586e-01 9.301790654455555085e+00
1.490196078431372528e-01 9.170672376328026232e+00
1.529411764705882470e-01 9.262102973559676045e+00
1.568627450980392135e-01 7.436250359382879260e+00
1.607843137254901800e-01 9.900263436323962551e+00
1.647058823529411742e-01 1.033119188469934713e+01
1.686274509803921684e-01 1.062569338609570657e+01
1.725490196078431349e-01 7.792747995838002595e+00
1.764705882352941013e-01 8.423313162181049307e+00
1.803921568627450955e-01 1.020653010337294297e+01
1.843137254901960898e-01 9.175041494092848637e+00
1.882352941176470562e-01 8.230019730151520108e+00
1.921568627450980227e-01 9.741387865550038327e+00
1.960784313725490169e-01 8.157187251265121120e+00
2.000000000000000111e-01 9.713857993452460704e+00
2.039215686274509776e-01 1.031708628299920960e+01
2.078431372549019440e-01 9.901434521344878448e+00
2.117647058823529382e-01 7.537652786047919662e+00
2.156862745098039325e-01 1.006367694186156747e+01
2.196078431372548989e-01 8.546125803573422886e+00
2.235294117647058654e-01 8.732780841655777948e+00
2.274509803921568596e-01 8.150622915713427119e+00
2.313725490196078538e-01 1.036562826704424545e+01
2.352941176470588203e-01 7.972470567135287567e+00
2.392156862745097867e-01 7.292105880398876749e+00
2.431372549019607809e-01 9.328115347291129567e+00
2.470588235294117752e-01 9.704650724604899636e+00
2.509803921568627416e-01 9.308609862149866743e+00
2.549019607843137081e-01 8.266939162899348048e+00
2.588235294117646745e-01 8.135823678054491026e+00
2.627450980392156965e-01 9.466852836655345271e+00
2.666666666666666630e-01 7.966741663312041588e+00
2.705882352941176294e-01 8.678025547727054700e+00
2.745098039215686514e-01 6.696456909745493569e+00
2.784313725490196179e-01 8.239798532265032449e+00
2.823529411764705843e-01 9.919078551074585803e+00
2.862745098039215508e-01 7.285111527100123219e+00
2.901960784313725172e-01 9.691878859548285874e+00
2.941176470588235392e-01 7.350347483759150258e+00
2.980392156862745057e-01 7.732001713173400681e+00
3.019607843137254721e-01 8.569530975160679631e+00
3.058823529411764941e-01 9.245253981901980112e+00
3.098039215686274606e-01 8.396322492822216432e+00
3.137254901960784270e-01 7.875429513566126083e+00
3.176470588235293935e-01 8.190486342584463841e+00
3.215686274509803599e-01 1.039961040520241653e+01
3.254901960784313819e-01 7.258443321617563448e+00
3.294117647058823484e-01 9.304290787499223114e+00
3.333333333333333148e-01 1.026678784207149420e+01
3.372549019607843368e-01 8.046480459577075806e+00
3.411764705882353033e-01 9.112415872161399477e+00
3.450980392156862697e-01 7.708560126986482075e+00
3.490196078431372362e-01 8.139439932542156697e+00
3.529411764705882026e-01 8.616729845679747868e+00
3.568627450980392246e-01 6.673796093202819968e+00
3.607843137254901911e-01 7.194164961417868653e+00
3.647058823529411575e-01 8.292325834514088001e+00
3.686274509803921795e-01 8.456229795344370359e+00
3.725490196078431460e-01 1.042065174601989952e+01
3.764705882352941124e-01 7.867498539637125532e+00
3.803921568627450789e-01 7.429040230929222943e+00
3.843137254901960453e-01 1.106609293935213145e+01
3.882352941176470673e-01 8.587112103909658956e+00
3.921568627450980338e-01 8.741739365659221050e+00
3.960784313725490002e-01 7.475147590266667308e+00
4.000000000000000222e-01 7.430506960849641018e+00
4.039215686274509887e-01 7.438463148362306043e+00
4.078431372549019551e-01 8.901716834838969916e+00
4.117647058823529216e-01 7.713971176859061529e+00
4.156862745098038880e-01 6.815003953529366498e+00
4.196078431372549100e-01 6.948783586887861574e+00
4.235294117647058765e-01 6.886043243131084068e+00
4.274509803921568429e-01 7.514228106256913620e+00
4.313725490196078649e-01 7.445915555889898840e+00
4.352941176470588314e-01 6.964680495357955969e+00
4.392156862745097978e-01 8.576130371633855276e+00
4.431372549019607643e-01 7.516443602936452528e+00
4.470588235294117307e-01 8.502038140039420711e+00
4.509803921568627527e-01 6.192172244674067016e+00
4.549019607843137192e-01 8.728462184548254399e+00
4.588235294117646856e-01 7.125826590684011919e+00
4.627450980392157076e-01 7.630807923731806497e+00
4.666666666666666741e-01 7.697692681517723123e+00
4.705882352941176405e-01 7.773166314700437063e+00
4.745098039215686070e-01 5.852467636302944420e+00
4.784313725490195734e-01 7.426635939442042478e+00
4.823529411764705954e-01 6.439056509297363284e+00
4.862745098039215619e-01 6.674799396789901529e+00
4.901960784313725283e-01 7.517250159420870936e+00
4.941176470588235503e-01 7.529756455688980665e+00
4.980392156862745168e-01 6.251934662108254770e+00
5.019607843137254832e-01 8.212104084762630762e+00
5.058823529411764497e-01 7.716259922032314478e+00
5.098039215686274161e-01 7.243377677158183481e+00
5.137254901960783826e-01 7.232941169500803902e+00
5.176470588235293491e-01 8.611860121021194914e+00
5.215686274509804266e-01 6.624137593713131267e+00
5.254901960784313930e-01 7.800651618457503211e+00
5.294117647058823595e-01 6.483028978762618522e+00
5.333333333333333259e-01 8.168914130824946440e+00
5.372549019607842924e-01 6.964149427013731852e+00
5.411764705882352589e-01 6.590478192743922214e+00
5.450980392156862253e-01 7.338541236280032187e+00
5.490196078431373028e-01 7.559615705383596840e+00
5.529411764705882693e-01 6.520371044253431059e+00
5.568627450980392357e-01 7.857236403244583833e+00
5.607843137254902022e-01 7.599471887126535208e+00
5.647058823529411686e-01 7.412711466982535136e+00
5.686274509803921351e-01 9.290470811032957243e+00
5.725490196078431016e-01 3.974613970199690538e+00
5.764705882352940680e-01 6.931334923380923385e+00
5.803921568627450345e-01 6.663151964223663626e+00
5.843137254901961120e-01 7.187887965761728282e+00
5.882352941176470784e-01 7.603419246421347921e+00
5.921568627450980449e-01 6.156243696311913816e+00
5.960784313725490113e-01 6.390628120162324066e+00
5.999999999999999778e-01 7.415226454724125560e+00
6.039215686274509443e-01 7.229162111410082581e+00
6.078431372549019107e-01 7.227541163354881171e+00
6.117647058823529882e-01 6.253708497059227156e+00
6.156862745098039547e-01 7.036454582123186086e+00
6.196078431372549211e-01 6.639144684410867470e+00
6.235294117647058876e-01 6.727339329563939430e+00
6.274509803921568540e-01 7.392880158385953138e+00
6.313725490196078205e-01 6.533727789644961703e+00
6.352941176470587870e-01 5.882009160591618269e+00
6.392156862745097534e-01 4.936560116837571677e+00
6.431372549019607199e-01 4.985806032848556058e+00
6.470588235294117974e-01 7.323350254201287157e+00
6.509803921568627638e-01 6.979279291882733105e+00
6.549019607843137303e-01 7.093198092712024838e+00
6.588235294117646967e-01 6.760631855455037531e+00
6.627450980392156632e-01 5.600370646200597768e+00
6.666666666666666297e-01 5.469810336724155952e+00
6.705882352941175961e-01 5.709710096106316968e+00
6.745098039215686736e-01 4.853824352124035180e+00
6.784313725490196401e-01 6.156023686778919313e+00
6.823529411764706065e-01 6.090624121080477238e+00
6.862745098039215730e-01 7.992127245146005698e+00
6.901960784313725394e-01 7.027638028891741939e+00
6.941176470588235059e-01 6.660350358508074109e+00
6.980392156862744724e-01 4.019417629046998286e+00
7.019607843137254388e-01 5.933952474110490094e+00
7.058823529411764053e-01 4.564126682141051106e+00
7.098039215686274828e-01 5.219386103876364480e+00
7.137254901960784492e-01 5.645754631318501637e+00
7.176470588235294157e-01 4.927136786442376071e+00
7.215686274509803821e-01 3.576371982181984155e+00
7.254901960784313486e-01 6.267554922151063579e+00
7.294117647058823151e-01 8.029799722302563225e+00
7.333333333333332815e-01 6.485328298404493985e+00
7.372549019607843590e-01 7.370783357749155051e+00
7.411764705882353255e-01 7.644641436469616025e+00
7.450980392156862919e-01 7.141838609243608360e+00
7.490196078431372584e-01 4.751687390243642284e+00
7.529411764705882248e-01 5.746017655363895749e+00
7.568627450980391913e-01 5.457167492416556520e+00
7.607843137254901578e-01 4.524698395365827963e+00
7.647058823529411242e-01 6.137469185270452599e+00
7.686274509803920907e-01 6.034844284377546053e+00
7.725490196078431682e-01 4.329968941320236908e+00
7.764705882352941346e-01 6.056510763546793186e+00
7.803921568627451011e-01 4.726618928618043114e+00
7.843137254901960675e-01 5.014087159858754639e+00
7.882352941176470340e-01 6.823342239092970551e+00
7.921568627450980005e-01 4.649150961771402635e+00
7.960784313725489669e-01 5.737858209231503359e+00
8.000000000000000444e-01 6.381175385710046832e+00
8.039215686274510109e-01 7.866905708168124178e+00
8.078431372549019773e-01 6.289733839076435906e+00
8.117647058823529438e-01 5.510328567429430890e+00
8.156862745098039102e-01 6.365335275968991624e+00
8.196078431372548767e-01 4.663788939392402355e+00
8.235294117647058432e-01 6.093816604685865279e+00
8.274509803921568096e-01 3.098421638338480388e+00
8.313725490196077761e-01 6.655836808859998399e+00
8.352941176470588536e-01 5.594644265463502464e+00
8.392156862745098200e-01 5.564383731292942059e+00
8.431372549019607865e-01 6.145964891350055304e+00
8.470588235294117530e-01 3.936779844606250744e+00
8.509803921568627194e-01 4.009242101166605288e+00
8.549019607843136859e-01 4.557673967805372151e+00
8.588235294117646523e-01 5.187502113788182712e+00
8.627450980392157298e-01 5.975454317669212756e+00
8.666666666666666963e-01 5.458327976067068654e+00
8.705882352941176627e-01 5.469500331118133829e+00
8.745098039215686292e-01 6.378758060879988534e+00
8.784313725490195957e-01 4.764094235784302356e+00
8.823529411764705621e-01 6.012572438371443617e+00
8.862745098039215286e-01 5.851813513297363656e+00
8.901960784313724950e-01 4.840493683424478277e+00
8.941176470588234615e-01 4.426085170134438584e+00
8.980392156862745390e-01 4.403357480628485199e+00
9.019607843137255054e-01 6.280616957794638466e+00
9.058823529411764719e-01 6.197663853385705579e+00
9.098039215686274384e-01 7.254019766994045604e+00
9.137254901960784048e-01 4.255783147817245649e+00
9.176470588235293713e-01 5.522946540282840822e+00
9.215686274509803377e-01 5.330137080930561488e+00
9.254901960784314152e-01 5.692302481621237753e+00
9.294117647058823817e-01 6.440057292237118425e+00
9.333333333333333481e-01 5.536015022198403912e+00
9.372549019607843146e-01 4.134496351103051026e+00
9.411764705882352811e-01 5.999907137506512278e+00
9.450980392156862475e-01 6.217560380689091559e+00
9.490196078431372140e-01 5.326592972984628638e+00
9.529411764705881804e-01 5.923641008146962150e+00
9.568627450980391469e-01 7.093954726124588994e+00
9.607843137254902244e-01 4.226600115508371225e+00
9.647058823529411908e-01 4.646070301021454796e+00
9.686274509803921573e-01 5.795546807135540490e+00
9.725490196078431238e-01 5.496079156419766854e+00
9.764705882352940902e-01 4.822732235062654915e+00
9.803921568627450567e-01 3.968867453163022141e+00
9.843137254901960231e-01 5.116721128263930218e+00
9.882352941176471006e-01 4.922772295912877460e+00
9.921568627450980671e-01 5.365089726478165844e+00
9.960784313725490335e-01 3.383009355844400101e+00
1.000000000000000000e+00 5.905419547459754170e+00
