0.000000000000000000e+00 5.517211713719786914e+00
3.921568627450980338e-03 4.897642239438481759e+00
7.843137254901960675e-03 4.077060248027418510e+00
1.176470588235294101e-02 4.401985994657778178e+00
1.568627450980392135e-02 4.074577518060468861e+00
1.960784313725490169e-02 4.256065489424033288e+00
2.352941176470588203e-02 4.307948774606204623e+00
2.745098039215686236e-02 4.918430731978968851e+00
3.137254901960784270e-02 4.764185022607851039e+00
3.529411764705882304e-02 3.581873979720376244e+00
3.921568627450980338e-02 3.356987516149249728e+00
4.313725490196078372e-02 2.499033577555569430e+00
4.705882352941176405e-02 3.138366466197766158e+00
5.098039215686274439e-02 3.272422596414694684e+00
5.490196078431372473e-02 4.425493070482872326e+00
5.882352941176470507e-02 4.690423306477258691e+00
6.274509803921568540e-02 3.309173906659290676e+00
6.666666666666666574e-02 2.951827786482895455e+00
7.058823529411764608e-02 4.300264744717135379e+00
7.450980392156862642e-02 4.283248437429895361e+00
7.843137254901960675e-02 4.342105208935268301e+00
8.235294117647058709e-02 3.124149597784867005e+00
8.627450980392156743e-02 2.412262102081272008e+00
9.019607843137254777e-02 3.319362063559090359e+00
9.411764705882352811e-02 2.048431591942427854e+00
9.803921568627450844e-02 3.503863849855390455e+00
1.019607843137254888e-01 3.570559281251629358e+00
1.058823529411764691e-01 2.376293782731162096e+00
1.098039215686274495e-01 1.181297055810357932e+00
1.137254901960784298e-01 2.084105120653621412e+00
1.176470588235294101e-01 3.666021897413412667e+00
1.215686274509803905e-01 4.028711376427928315e+00
1.254901960784313708e-01 4.961629676960396473e+00
1.294117647058823373e-01 5.343042344672319643e+00
1.333333333333333315e-01 1.372761872837735764e+00
1.372549019607843257e-01 2.752845298380005357e+00
1.411764705882352922e-01 1.002168393525120660e+00
1.450980392156862586e-01 2.055017300550256110e+00
1.490196078431372528e-01 4.647171007987537905e+00
1.529411764705882470e-01 3.801560035556460271e+00
1.568627450980392135e-01 3.513418273922350732e+00
1.607843137254901800e-01 4.412872895723768174e+00
1.647058823529411742e-01 4.393186374531000027e+00
1.686274509803921684e-01 3.764973736419876538e+00
1.725490196078431349e-01 4.815894013805145590e+00
1.764705882352941013e-01 3.082787125710282350e+00
1.803921568627450955e-01 1.295402419401783245e+00
1.843137254901960898e-01 2.024857231298937688e+00
1.882352941176470562e-01 3.632721138154052287e+00
1.921568627450980227e-01 2.588759214138683706e+00
1.960784313725490169e-01 4.211673925898471893e+00
2.000000000000000111e-01 4.416297318493815460e+00
2.039215686274509776e-01 3.948106308675864540e+00
2.078431372549019440e-01 2.611440576547018111e+00
2.117647058823529382e-01 2.116589112803210604e+00
2.156862745098039325e-01 3.059639105661061009e+00
2.196078431372548989e-01 4.222163693623810943e+00
2.235294117647058654e-01 2.401442027472288743e+00
2.274509803921568596e-01 4.845298930404644544e+00
2.313725490196078538e-01 2.566313939104318820e+00
2.352941176470588203e-01 4.549620827066083173e+00
2.392156862745097867e-01 3.181032253072876959e+00
2.431372549019607809e-01 4.444077683529653378e+00
2.470588235294117752e-01 5.456151651445120265e+00
2.509803921568627416e-01 5.512588040790694421e+00
2.549019607843137081e-01 2.568961392567221225e+00
2.588235294117646745e-01 3.501410223884182216e+00
2.627450980392156965e-01 3.040192989368370569e+00
2.666666666666666630e-01 4.225626360456219643e+00
2.705882352941176294e-01 4.783686860510821148e+00
2.745098039215686514e-01 2.841981845350436409e+00
2.784313725490196179e-01 6.554600346469876548e+00
2.823529411764705843e-01 6.065415812779662019e+00
2.862745098039215508e-01 3.683526157936643397e+00
2.901960784313725172e-01 3.821737004622620226e+00
2.941176470588235392e-01 4.652310865233002524e+00
2.980392156862745057e-01 4.189242568449793147e+00
3.019607843137254721e-01 4.111527727744545224e+00
3.058823529411764941e-01 4.595730995343013880e+00
3.098039215686274606e-01 6.113056665116419097e+00
3.137254901960784270e-01 6.253610693524963793e+00
3.176470588235293935e-01 4.781426268194313600e+00
3.215686274509803599e-01 5.242528447660521174e+00
3.254901960784313819e-01 6.049890702601498305e+00
3.294117647058823484e-01 8.966132400620445253e+00
3.333333333333333148e-01 5.521486427597192659e+00
3.372549019607843368e-01 4.544770368663981763e+00
3.411764705882353033e-01 6.491216629125577953e+00
3.450980392156862697e-01 4.902720354863314256e+00
3.490196078431372362e-01 7.012167557121632200e+00
3.529411764705882026e-01 5.334453935940687508e+00
3.568627450980392246e-01 5.967141032080565566e+00
3.607843137254901911e-01 5.706214701703821390e+00
3.647058823529411575e-01 5.538399966710952249e+00
3.686274509803921795e-01 4.230785391047407806e+00
3.725490196078431460e-01 5.466048742053673415e+00
3.764705882352941124e-01 7.395586543005800095e+00
3.803921568627450789e-01 6.247610043808588642e+00
3.843137254901960453e-01 6.736617070682695108e+00
3.882352941176470673e-01 6.784514323835388439e+00
3.921568627450980338e-01 6.793472808670076191e+00
3.960784313725490002e-01 5.516485696056364851e+00
4.000000000000000222e-01 7.360693608371557062e+00
4.039215686274509887e-01 7.437633411860688604e+00
4.078431372549019551e-01 6.232824960931570679e+00
4.117647058823529216e-01 6.915681645595525673e+00
4.156862745098038880e-01 8.492095999418289409e+00
4.196078431372549100e-01 6.914554978168453658e+00
4.235294117647058765e-01 6.560709484387132306e+00
4.274509803921568429e-01 7.919787082137553114e+00
4.313725490196078649e-01 6.603208429723300021e+00
4.352941176470588314e-01 7.581993622174939773e+00
4.392156862745097978e-01 7.714169686538092208e+00
4.431372549019607643e-01 6.684614484932508205e+00
4.470588235294117307e-01 7.427421050903849853e+00
4.509803921568627527e-01 7.691271889274484685e+00
4.549019607843137192e-01 7.667225103464408775e+00
4.588235294117646856e-01 8.233659314742752144e+00
4.627450980392157076e-01 7.653734920679315934e+00
4.666666666666666741e-01 5.923045237445514033e+00
4.705882352941176405e-01 8.335272525207097161e+00
4.745098039215686070e-01 7.370814994819783195e+00
4.784313725490195734e-01 6.472416610852222085e+00
4.823529411764705954e-01 9.729883144175991205e+00
4.862745098039215619e-01 9.124064023979896021e+00
4.901960784313725283e-01 9.162366004655362772e+00
4.941176470588235503e-01 6.784939562279894254e+00
4.980392156862745168e-01 7.822830345940754881e+00
5.019607843137254832e-01 9.198179423235707475e+00
5.058823529411764497e-01 8.287613642343584885e+00
5.098039215686274161e-01 7.192952800891813325e+00
5.137254901960783826e-01 7.270077475241036424e+00
5.176470588235293491e-01 7.964657323039609160e+00
5.215686274509804266e-01 8.735773419286124053e+00
5.254901960784313930e-01 8.436412028317541001e+00
5.294117647058823595e-01 7.938004339712414037e+00
5.333333333333333259e-01 9.259873210126569276e+00
5.372549019607842924e-01 7.739809447544046428e+00
5.411764705882352589e-01 1.004934154333406937e+01
5.450980392156862253e-01 9.605140535743151631e+00
5.490196078431373028e-01 9.090449783797151184e+00
5.529411764705882693e-01 1.060290816649414047e+01
5.568627450980392357e-01 9.014794057842609121e+00
5.607843137254902022e-01 8.001500349744871343e+00
5.647058823529411686e-01 9.959113731510630174e+00
5.686274509803921351e-01 9.911090545297414067e+00
5.725490196078431016e-01 7.093907935371634110e+00
5.764705882352940680e-01 7.316882002955862774e+00
5.803921568627450345e-01 8.568271364420214198e+00
5.843137254901961120e-01 9.070767379065834746e+00
5.882352941176470784e-01 9.469972178965441856e+00
5.921568627450980449e-01 9.008399774754337841e+00
5.960784313725490113e-01 9.803233571525836965e+00
5.999999999999999778e-01 8.838321112706157834e+00
6.039215686274509443e-01 1.143889149633133684e+01
6.078431372549019107e-01 7.378024702400709955e+00
6.117647058823529882e-01 8.734243402900009556e+00
6.156862745098039547e-01 7.841821122071134020e+00
6.196078431372549211e-01 1.002088121683647870e+01
6.235294117647058876e-01 1.057163327625184124e+01
6.274509803921568540e-01 1.211329840682714298e+01
6.313725490196078205e-01 8.348489661556881103e+00
6.352941176470587870e-01 8.860420340063656752e+00
6.392156862745097534e-01 8.456615444859757247e+00
6.431372549019607199e-01 9.949947092743432364e+00
6.470588235294117974e-01 9.566207153698202958e+00
6.509803921568627638e-01 1.050177966445015443e+01
6.549019607843137303e-01 8.960487842422491411e+00
6.588235294117646967e-01 6.055710104342590938e+00
6.627450980392156632e-01 8.078967749153672884e+00
6.666666666666666297e-01 8.383802412953903271e+00
6.705882352941175961e-01 8.831530342297016389e+00
6.745098039215686736e-01 8.420841212203239223e+00
6.784313725490196401e-01 9.262532189417916229e+00
6.823529411764706065e-01 1.054765391415595488e+01
6.862745098039215730e-01 9.816262289164118471e+00
6.901960784313725394e-01 7.452825272268053247e+00
6.941176470588235059e-01 1.024765710952863706e+01
6.980392156862744724e-01 1.022416033860986140e+01
7.019607843137254388e-01 8.095596255175065536e+00
7.058823529411764053e-01 8.071275533275528602e+00
7.098039215686274828e-01 8.998246154336621672e+00
7.137254901960784492e-01 9.192064886207043983e+00
7.176470588235294157e-01 1.005339177995115918e+01
7.215686274509803821e-01 1.041297098829359413e+01
7.254901960784313486e-01 8.327637124175815586e+00
7.294117647058823151e-01 1.086798669198182488e+01
7.333333333333332815e-01 8.554998099927612287e+00
7.372549019607843590e-01 9.368001169359146729e+00
7.411764705882353255e-01 9.045408431090820045e+00
7.450980392156862919e-01 8.926038699785570074e+00
7.490196078431372584e-01 8.814421746483350972e+00
7.529411764705882248e-01 9.524569243766007887e+00
7.568627450980391913e-01 7.416318201777485797e+00
7.607843137254901578e-01 6.812111032242870401e+00
7.647058823529411242e-01 8.163271598420745789e+00
7.686274509803920907e-01 1.006683682422950810e+01
7.725490196078431682e-01 1.033877778750437670e+01
7.764705882352941346e-01 8.723428455732596731e+00
7.803921568627451011e-01 9.081784707534721335e+00
7.843137254901960675e-01 1.054374176068906976e+01
7.882352941176470340e-01 8.245874324246496911e+00
7.921568627450980005e-01 7.826681846539628395e+00
7.960784313725489669e-01 9.478113775805992347e+00
8.000000000000000444e-01 8.953308418788468614e+00
8.039215686274510109e-01 8.479636753341305067e+00
8.078431372549019773e-01 8.505879040303909733e+00
8.117647058823529438e-01 9.747328706859795133e+00
8.156862745098039102e-01 8.262724950593668183e+00
8.196078431372548767e-01 9.480555499840612299e+00
8.235294117647058432e-01 7.425070544146645801e+00
8.274509803921568096e-01 8.664391206324786765e+00
8.313725490196077761e-01 9.474970653021685507e+00
8.352941176470588536e-01 1.018672224765174050e+01
8.392156862745098200e-01 9.578392407269353370e+00
8.431372549019607865e-01 9.041866873809462746e+00
8.470588235294117530e-01 7.368082308827367477e+00
8.509803921568627194e-01 9.706775217169044012e+00
8.549019607843136859e-01 8.255197536337885111e+00
8.588235294117646523e-01 1.023484269701197746e+01
8.627450980392157298e-01 9.281010563374131550e+00
8.666666666666666963e-01 8.045538814637938074e+00
8.705882352941176627e-01 8.999500507791635684e+00
8.745098039215686292e-01 9.487420337390247482e+00
8.784313725490195957e-01 7.550002928293819693e+00
8.823529411764705621e-01 7.910882153585263588e+00
8.862745098039215286e-01 6.500083546284658453e+00
8.901960784313724950e-01 7.814655469050717507e+00
8.941176470588234615e-01 8.213530964242075072e+00
8.980392156862745390e-01 9.968216196592338818e+00
9.019607843137255054e-01 8.662657665901877024e+00
9.058823529411764719e-01 8.365848937291710641e+00
9.098039215686274384e-01 8.744027520249542107e+00
9.137254901960784048e-01 7.854957702052322688e+00
9.176470588235293713e-01 7.405425094506787431e+00
9.215686274509803377e-01 7.142749979696791485e+00
9.254901960784314152e-01 6.836082066808713442e+00
9.294117647058823817e-01 7.993809757954856821e+00
9.333333333333333481e-01 9.099481922004201806e+00
9.372549019607843146e-01 1.029159300646730735e+01
9.411764705882352811e-01 1.008698323658124174e+01
9.450980392156862475e-01 8.804400316299778595e+00
9.490196078431372140e-01 8.299536324445716318e+00
9.529411764705881804e-01 1.056945350232711256e+01
9.568627450980391469e-01 9.456328527955696117e+00
9.607843137254902244e-01 9.803131673133002266e+00
9.647058823529411908e-01 8.821878015111686011e+00
9.686274509803921573e-01 9.425712633449681022e+00
9.725490196078431238e-01 1.124116654889813738e+01
9.764705882352940902e-01 9.355958110222841739e+00
9.803921568627450567e-01 9.456573685782318606e+00
9.843137254901960231e-01 8.899124939374775778e+00
9.882352941176471006e-01 9.395407150975794153e+00
9.921568627450980671e-01 8.650591472207116439e+00
9.960784313725490335e-01 1.048952590457657941e+01
1.000000000000000000e+00 7.978435058839147942e+00
