0.000000000000000000e+00 2.860075799982115363e+00
3.921568627450980338e-03 3.020980532420488807e+00
7.843137254901960675e-03 2.013032256270967046e+00
1.176470588235294101e-02 4.143080433535606844e+00
1.568627450980392135e-02 3.254639339386760533e+00
1.960784313725490169e-02 4.292083492165652103e+00
2.352941176470588203e-02 2.804711194391629192e+00
2.745098039215686236e-02 3.558713759047826830e+00
3.137254901960784270e-02 2.305595434259361198e+00
3.529411764705882304e-02 4.854167227718171773e+00
3.921568627450980338e-02 3.985632825372435128e+00
4.313725490196078372e-02 3.495903147359669561e+00
4.705882352941176405e-02 4.063724357925800668e+00
5.098039215686274439e-02 2.705341683909432859e+00
5.490196078431372473e-02 4.362041484329081342e+00
5.882352941176470507e-02 2.192694678738959180e+00
6.274509803921568540e-02 1.901055438644860374e+00
6.666666666666666574e-02 4.424641038137289151e+00
7.058823529411764608e-02 3.168697292957327605e+00
7.450980392156862642e-02 9.541759034443537679e-01
7.843137254901960675e-02 4.049857157593550916e+00
8.235294117647058709e-02 2.646977279646711700e+00
8.627450980392156743e-02 2.352288510588708359e+00
9.019607843137254777e-02 1.601705393722351323e+00
9.411764705882352811e-02 4.831178096270870803e+00
9.803921568627450844e-02 7.805625698341378538e-01
1.019607843137254888e-01 3.417864716343011366e+00
1.058823529411764691e-01 1.657804629325816403e+00
1.098039215686274495e-01 2.280552535758167743e+00
1.137254901960784298e-01 5.087960852309445059e+00
1.176470588235294101e-01 2.199505357166387398e+00
1.215686274509803905e-01 3.153835985767153183e+00
1.254901960784313708e-01 4.311125918445689820e+00
1.294117647058823373e-01 1.013562886376915717e+00
1.333333333333333315e-01 3.649694868817300097e+00
1.372549019607843257e-01 2.345043439229558935e+00
1.411764705882352922e-01 2.763974116840650197e+00
1.450980392156862586e-01 1.430041106965106001e+00
1.490196078431372528e-01 3.662801904418886867e+00
1.529411764705882470e-01 2.820454437834114980e+00
1.568627450980392135e-01 5.013201164523169773e+00
1.607843137254901800e-01 3.143253393574479304e+00
1.647058823529411742e-01 2.827598027789376189e+00
1.686274509803921684e-01 3.345732109441524660e+00
1.725490196078431349e-01 3.597915533937751764e+00
1.764705882352941013e-01 4.470919823915382452e+00
1.803921568627450955e-01 2.649258364451383407e+00
1.843137254901960898e-01 2.205360866480615467e+00
1.882352941176470562e-01 3.986780802535593971e+00
1.921568627450980227e-01 3.543704386966680886e+00
1.960784313725490169e-01 3.495268777094260315e+00
2.000000000000000111e-01 5.750499039696162384e+00
2.039215686274509776e-01 1.768671893157139907e+00
2.078431372549019440e-01 2.908082416324500485e+00
2.117647058823529382e-01 5.443286615298578823e+00
2.156862745098039325e-01 4.323107043290331575e+00
2.196078431372548989e-01 2.301330179127263342e+00
2.235294117647058654e-01 4.011650714244481719e+00
2.274509803921568596e-01 5.137072691588826068e+00
2.313725490196078538e-01 3.153177975155999402e+00
2.352941176470588203e-01 2.701470162078096315e+00
2.392156862745097867e-01 3.793569326585537027e+00
2.431372549019607809e-01 3.353860902337921779e+00
2.470588235294117752e-01 3.857734864745303138e+00
2.509803921568627416e-01 3.264278115987251816e+00
2.549019607843137081e-01 2.525381438836244996e+00
2.588235294117646745e-01 1.935047458858469627e+00
2.627450980392156965e-01 2.314604674184968403e+00
2.666666666666666630e-01 5.792687606514162368e+00
2.705882352941176294e-01 1.722055546547110128e+00
2.745098039215686514e-01 4.466742643946633784e+00
2.784313725490196179e-01 4.055077337351187694e+00
2.823529411764705843e-01 3.350862764604653155e+00
2.862745098039215508e-01 3.132940524996849163e+00
2.901960784313725172e-01 2.433743302375786399e+00
2.941176470588235392e-01 4.240536276637850044e+00
2.980392156862745057e-01 3.055032781382082341e+00
3.019607843137254721e-01 3.357504389538437106e+00
3.058823529411764941e-01 4.266546326773728914e+00
3.098039215686274606e-01 3.146291278787880952e+00
3.137254901960784270e-01 3.237406334776619765e+00
3.176470588235293935e-01 4.290445124287454171e+00
3.215686274509803599e-01 2.570835548017272210e+00
3.254901960784313819e-01 4.031571149757130712e+00
3.294117647058823484e-01 2.740061780976850603e+00
3.333333333333333148e-01 2.377539402327157880e+00
3.372549019607843368e-01 5.003124205572197170e+00
3.411764705882353033e-01 2.816465810389579438e+00
3.450980392156862697e-01 3.953721169575580952e+00
3.490196078431372362e-01 1.833064076532572528e+00
3.529411764705882026e-01 3.025626229873571660e+00
3.568627450980392246e-01 3.529679382723179604e+00
3.607843137254901911e-01 1.237744351899706441e+00
3.647058823529411575e-01 3.265683653760628857e+00
3.686274509803921795e-01 3.027572689050617161e+00
3.725490196078431460e-01 3.946183207273498805e+00
3.764705882352941124e-01 2.951510650581712802e+00
3.803921568627450789e-01 3.572403758721463873e+00
3.843137254901960453e-01 1.576491224175528227e+00
3.882352941176470673e-01 3.501150304920575440e+00
3.921568627450980338e-01 3.695762902087176727e+00
3.960784313725490002e-01 4.261683411910718533e+00
4.000000000000000222e-01 3.696683929000415869e+00
4.039215686274509887e-01 2.418289049651317413e+00
4.078431372549019551e-01 3.893964651555344325e+00
4.117647058823529216e-01 2.849558952525585553e+00
4.156862745098038880e-01 5.030164279749282485e+00
4.196078431372549100e-01 3.620047485310577962e+00
4.235294117647058765e-01 3.536771585372959326e+00
4.274509803921568429e-01 3.601969877140100529e+00
4.313725490196078649e-01 5.373145007099224379e+00
4.352941176470588314e-01 3.407562612039728211e+00
4.392156862745097978e-01 5.132299510012665600e+00
4.431372549019607643e-01 4.303119215135333242e+00
4.470588235294117307e-01 3.018391467697107977e+00
4.509803921568627527e-01 3.968221057641451832e+00
4.549019607843137192e-01 5.923168134534986251e+00
4.588235294117646856e-01 2.239042456285025295e+00
4.627450980392157076e-01 3.852610034944797146e+00
4.666666666666666741e-01 4.576269204575956095e+00
4.705882352941176405e-01 3.285163238761931837e+00
4.745098039215686070e-01 4.376714207793969358e+00
4.784313725490195734e-01 3.930184538481235723e+00
4.823529411764705954e-01 3.813367397579683349e+00
4.862745098039215619e-01 3.396808535215029234e+00
4.901960784313725283e-01 4.344652198341549365e+00
4.941176470588235503e-01 4.415444771236693100e+00
4.980392156862745168e-01 5.062923167182344919e+00
5.019607843137254832e-01 4.877978858201575285e+00
5.058823529411764497e-01 4.623149626268667767e+00
5.098039215686274161e-01 3.592780949641071864e+00
5.137254901960783826e-01 3.748211509753273774e+00
5.176470588235293491e-01 3.482306096831921050e+00
5.215686274509804266e-01 4.158629110003148277e+00
5.254901960784313930e-01 4.417971669047157768e+00
5.294117647058823595e-01 4.194390649511863245e+00
5.333333333333333259e-01 5.091707020068985123e+00
5.372549019607842924e-01 4.240423469043975047e+00
5.411764705882352589e-01 3.527934367681116345e+00
5.450980392156862253e-01 3.754436055482372581e+00
5.490196078431373028e-01 4.208232698934446070e+00
5.529411764705882693e-01 3.632338976377298856e+00
5.568627450980392357e-01 3.694725613941242326e+00
5.607843137254902022e-01 4.430195927434755099e+00
5.647058823529411686e-01 2.129680789495366877e+00
5.686274509803921351e-01 4.708153713672758478e+00
5.725490196078431016e-01 3.616379710725828200e+00
5.764705882352940680e-01 5.023833552676634007e+00
5.803921568627450345e-01 3.947726829853047015e+00
5.843137254901961120e-01 3.821201950374470968e+00
5.882352941176470784e-01 5.280323045515512348e+00
5.921568627450980449e-01 2.478647147990611366e+00
5.960784313725490113e-01 3.135432653823667870e+00
5.999999999999999778e-01 3.558264758418217433e+00
6.039215686274509443e-01 4.338119932608798024e+00
6.078431372549019107e-01 3.047325633590737493e+00
6.117647058823529882e-01 4.353375794004280763e+00
6.156862745098039547e-01 5.798292561806247747e+00
6.196078431372549211e-01 6.048150223749416909e+00
6.235294117647058876e-01 4.590272624062336604e+00
6.274509803921568540e-01 4.642363084799294271e+00
6.313725490196078205e-01 3.804160829601879179e+00
6.352941176470587870e-01 5.503556407690993524e+00
6.392156862745097534e-01 3.312232322261094541e+00
6.431372549019607199e-01 4.819536957979389413e+00
6.470588235294117974e-01 3.881754367839850062e+00
6.509803921568627638e-01 3.732588622851894300e+00
6.549019607843137303e-01 6.086364108085166258e+00
6.588235294117646967e-01 5.178962210048389636e+00
6.627450980392156632e-01 4.636713107396279732e+00
6.666666666666666297e-01 3.853032472708941114e+00
6.705882352941175961e-01 4.526793040462581352e+00
6.745098039215686736e-01 3.841330967990113088e+00
6.784313725490196401e-01 5.112856858646053659e+00
6.823529411764706065e-01 3.772829059816801944e+00
6.862745098039215730e-01 4.172286377078433972e+00
6.901960784313725394e-01 4.342041049019069732e+00
6.941176470588235059e-01 4.419840906442670914e+00
6.980392156862744724e-01 3.194547530776067124e+00
7.019607843137254388e-01 3.274360308700002165e+00
7.058823529411764053e-01 4.385434733079163649e+00
7.098039215686274828e-01 4.522903275230426345e+00
7.137254901960784492e-01 4.460035422690004303e+00
7.176470588235294157e-01 5.035181863899602206e+00
7.215686274509803821e-01 1.887748382083522802e+00
7.254901960784313486e-01 4.818154907035206769e+00
7.294117647058823151e-01 4.662463293862685987e+00
7.333333333333332815e-01 4.823464187834356487e+00
7.372549019607843590e-01 5.245694304208042169e+00
7.411764705882353255e-01 4.671270202576208952e+00
7.450980392156862919e-01 5.298590796932343139e+00
7.490196078431372584e-01 3.839020799571093434e+00
7.529411764705882248e-01 3.706850395729766934e+00
7.568627450980391913e-01 3.810782234771518340e+00
7.607843137254901578e-01 3.345738758142727143e+00
7.647058823529411242e-01 3.646779554649293154e+00
7.686274509803920907e-01 4.559884058447681632e+00
7.725490196078431682e-01 4.251629324805842991e+00
7.764705882352941346e-01 2.232998820029285181e+00
7.803921568627451011e-01 1.111567794583684599e+00
7.843137254901960675e-01 4.373403832517012368e+00
7.882352941176470340e-01 3.898986623786008909e+00
7.921568627450980005e-01 2.939804917061020983e+00
7.960784313725489669e-01 3.996625737793347621e+00
8.000000000000000444e-01 2.371971216781818548e+00
8.039215686274510109e-01 4.190519623178438735e+00
8.078431372549019773e-01 4.816146574536819713e+00
8.117647058823529438e-01 3.262970896077881822e+00
8.156862745098039102e-01 3.291973602546211186e+00
8.196078431372548767e-01 3.005585830697743877e+00
8.235294117647058432e-01 3.567671686072213966e+00
8.274509803921568096e-01 2.985637787289014966e+00
8.313725490196077761e-01 4.018778187520244849e+00
8.352941176470588536e-01 2.997584505953743150e+00
8.392156862745098200e-01 4.863127600482341606e+00
8.431372549019607865e-01 3.408934558648758717e+00
8.470588235294117530e-01 3.926240067395301292e+00
8.509803921568627194e-01 5.209203083823793712e+00
8.549019607843136859e-01 5.118331855615403825e+00
8.588235294117646523e-01 4.028106680771936787e+00
8.627450980392157298e-01 1.480200921245608647e+00
8.666666666666666963e-01 2.613847205773704552e+00
8.705882352941176627e-01 2.070448867438214435e+00
8.745098039215686292e-01 5.069198369829313933e+00
8.784313725490195957e-01 4.452698965758833616e+00
8.823529411764705621e-01 5.264074239046973247e+00
8.862745098039215286e-01 3.986319318546220458e+00
8.901960784313724950e-01 3.118623599496038512e+00
8.941176470588234615e-01 2.801082708279522659e+00
8.980392156862745390e-01 3.268993845706750445e+00
9.019607843137255054e-01 3.954823326517077575e+00
9.058823529411764719e-01 2.596738614989993810e+00
9.098039215686274384e-01 2.226425036003007119e+00
9.137254901960784048e-01 3.285360879632824638e+00
9.176470588235293713e-01 2.154424451681665076e+00
9.215686274509803377e-01 3.970911545963884404e+00
9.254901960784314152e-01 2.300434721214615674e+00
9.294117647058823817e-01 3.004009055685182172e+00
9.333333333333333481e-01 3.445206595783283365e+00
9.372549019607843146e-01 3.231142362614256136e+00
9.411764705882352811e-01 1.739963526541333572e+00
9.450980392156862475e-01 1.965760761104156318e+00
9.490196078431372140e-01 1.540917039372821540e+00
9.529411764705881804e-01 3.552428977390044373e+00
9.568627450980391469e-01 3.699579261291638499e+00
9.607843137254902244e-01 3.710477323290128915e-01
9.647058823529411908e-01 4.521779012761967032e+00
9.686274509803921573e-01 3.758414248157038617e+00
9.725490196078431238e-01 3.245549808025249838e-01
9.764705882352940902e-01 1.990094060934907150e+00
9.803921568627450567e-01 -2.334626095539960033e-01
9.843137254901960231e-01 3.358499875702455117e+00
9.882352941176471006e-01 4.294623798001651949e+00
9.921568627450980671e-01 1.287061094149723584e+00
9.960784313725490335e-01 3.856839429524025586e+00
1.000000000000000000e+00 3.093969731325374894e+00
