0.000000000000000000e+00 3.022107779232510616e+00
3.921568627450980338e-03 4.164433476720819982e+00
7.843137254901960675e-03 2.822123749180394991e+00
1.176470588235294101e-02 2.004630105148864860e+00
1.568627450980392135e-02 2.146923607238160336e+00
1.960784313725490169e-02 2.207125040288243412e+00
2.352941176470588203e-02 3.432290627289662943e+00
2.745098039215686236e-02 2.106212209207822372e+00
3.137254901960784270e-02 2.897587915745025278e+00
3.529411764705882304e-02 4.770813973880963843e+00
3.921568627450980338e-02 1.584894930697226201e+00
4.313725490196078372e-02 1.292022023593276892e+00
4.705882352941176405e-02 1.558095366162912665e+00
5.098039215686274439e-02 3.438720261735081607e+00
5.490196078431372473e-02 2.901446349349231291e+00
5.882352941176470507e-02 3.991115918177920552e+00
6.274509803921568540e-02 4.003726406471945332e+00
6.666666666666666574e-02 2.187994425995562153e+00
7.058823529411764608e-02 4.362445879622931955e+00
7.450980392156862642e-02 3.627980761801879783e+00
7.843137254901960675e-02 3.234951770517711989e+00
8.235294117647058709e-02 3.072064046561666206e+00
8.627450980392156743e-02 2.824494766431512982e+00
9.019607843137254777e-02 3.826167899028787289e-01
9.411764705882352811e-02 4.117321255471951602e+00
9.803921568627450844e-02 2.305715439988123894e+00
1.019607843137254888e-01 3.265527406830532442e+00
1.058823529411764691e-01 1.937672400019351482e+00
1.098039215686274495e-01 4.339627294778440003e+00
1.137254901960784298e-01 2.609713893027637788e+00
1.176470588235294101e-01 3.309527040813669441e+00
1.215686274509803905e-01 3.507238795187088254e+00
1.254901960784313708e-01 3.218106018845300120e+00
1.294117647058823373e-01 4.373627774480673303e+00
1.333333333333333315e-01 1.259367339366614269e+00
1.372549019607843257e-01 3.681445288832724927e+00
1.411764705882352922e-01 2.171728157481132016e+00
1.450980392156862586e-01 7.208653655494616785e-01
1.490196078431372528e-01 2.751604605766111433e+00
1.529411764705882470e-01 2.403648013529100513e+00
1.568627450980392135e-01 2.560934059597326673e+00
1.607843137254901800e-01 3.664553023509350638e+00
1.647058823529411742e-01 3.302907153435159060e+00
1.686274509803921684e-01 3.437912043596678124e+00
1.725490196078431349e-01 4.565151656032717220e+00
1.764705882352941013e-01 3.402063628263118034e+00
1.803921568627450955e-01 4.634829925946601925e+00
1.843137254901960898e-01 4.240144460150194305e+00
1.882352941176470562e-01 2.916144784392509681e+00
1.921568627450980227e-01 2.794351816735672234e+00
1.960784313725490169e-01 5.006415406242368249e+00
2.000000000000000111e-01 3.507847667911105027e+00
2.039215686274509776e-01 2.979806998827678299e+00
2.078431372549019440e-01 2.500123442433122456e+00
2.117647058823529382e-01 1.616500415769053678e+00
2.156862745098039325e-01 5.065478590074704357e+00
2.196078431372548989e-01 3.409401077187648621e+00
2.235294117647058654e-01 5.101422133320660635e+00
2.274509803921568596e-01 4.568315104818196914e+00
2.313725490196078538e-01 3.987353909354967030e+00
2.352941176470588203e-01 3.186116503266599231e+00
2.392156862745097867e-01 3.532228141597768545e+00
2.431372549019607809e-01 2.320757458373870374e+00
2.470588235294117752e-01 4.447761799512109704e+00
2.509803921568627416e-01 5.073399477176304018e+00
2.549019607843137081e-01 4.165187475074539236e+00
2.588235294117646745e-01 1.999203572839747700e+00
2.627450980392156965e-01 4.884869322783700341e+00
2.666666666666666630e-01 4.499479596370538736e+00
2.705882352941176294e-01 4.109587240651224604e+00
2.745098039215686514e-01 3.342912668495904960e+00
2.784313725490196179e-01 6.075895323340692045e+00
2.823529411764705843e-01 3.721307703952295931e+00
2.862745098039215508e-01 6.643289556503466642e+00
2.901960784313725172e-01 6.374031424748158869e+00
2.941176470588235392e-01 5.910542339085510299e+00
2.980392156862745057e-01 6.425510766904076299e+00
3.019607843137254721e-01 7.159064599143610153e+00
3.058823529411764941e-01 4.919481118145896836e+00
3.098039215686274606e-01 5.343383198278130131e+00
3.137254901960784270e-01 4.585513217887915438e+00
3.176470588235293935e-01 3.579983160200043812e+00
3.215686274509803599e-01 5.417902643876247204e+00
3.254901960784313819e-01 6.512212394149628381e+00
3.294117647058823484e-01 6.135674702995894236e+00
3.333333333333333148e-01 5.339347748917534275e+00
3.372549019607843368e-01 4.166297060101142868e+00
3.411764705882353033e-01 4.658403530561876060e+00
3.450980392156862697e-01 4.977558429054015576e+00
3.490196078431372362e-01 4.412700215403743798e+00
3.529411764705882026e-01 4.933997688936381465e+00
3.568627450980392246e-01 5.995283451636432837e+00
3.607843137254901911e-01 5.886578668488591681e+00
3.647058823529411575e-01 4.972771780626921156e+00
3.686274509803921795e-01 6.273570315515474505e+00
3.725490196078431460e-01 4.471758064617722184e+00
3.764705882352941124e-01 7.130745460276198600e+00
3.803921568627450789e-01 6.441618479126157482e+00
3.843137254901960453e-01 4.699895470394269026e+00
3.882352941176470673e-01 6.300676954032573107e+00
3.921568627450980338e-01 6.213622991152523589e+00
3.960784313725490002e-01 6.275440588394129549e+00
4.000000000000000222e-01 5.347864660391353553e+00
4.039215686274509887e-01 6.669932023543175603e+00
4.078431372549019551e-01 7.001693730388893755e+00
4.117647058823529216e-01 4.410071639501979668e+00
4.156862745098038880e-01 7.444539036734235005e+00
4.196078431372549100e-01 5.176185488672602197e+00
4.235294117647058765e-01 7.531106426555056466e+00
4.274509803921568429e-01 6.808484161278020252e+00
4.313725490196078649e-01 7.094972116853969446e+00
4.352941176470588314e-01 6.473382223726704687e+00
4.392156862745097978e-01 7.010008511005250575e+00
4.431372549019607643e-01 8.312302336918792278e+00
4.470588235294117307e-01 8.088753351970659367e+00
4.509803921568627527e-01 7.974794537825985685e+00
4.549019607843137192e-01 7.464862873674711352e+00
4.588235294117646856e-01 5.989583085708801491e+00
4.627450980392157076e-01 6.369201035900057484e+00
4.666666666666666741e-01 6.290007689688465575e+00
4.705882352941176405e-01 4.627146500267743434e+00
4.745098039215686070e-01 7.574122172136519282e+00
4.784313725490195734e-01 7.613080594375540855e+00
4.823529411764705954e-01 6.693502039000891024e+00
4.862745098039215619e-01 5.940987229463626562e+00
4.901960784313725283e-01 6.678757244262572890e+00
4.941176470588235503e-01 9.391472327756686056e+00
4.980392156862745168e-01 8.273941531206054023e+00
5.019607843137254832e-01 8.384801051033212715e+00
5.058823529411764497e-01 7.920907985498480741e+00
5.098039215686274161e-01 7.216473158588486925e+00
5.137254901960783826e-01 7.970994086901043829e+00
5.176470588235293491e-01 8.903259418089415789e+00
5.215686274509804266e-01 6.990012358162521977e+00
5.254901960784313930e-01 8.045779056755865355e+00
5.294117647058823595e-01 9.249336271285551803e+00
5.333333333333333259e-01 8.883901603554194892e+00
5.372549019607842924e-01 9.337027557954549195e+00
5.411764705882352589e-01 8.666137348937226648e+00
5.450980392156862253e-01 1.019952392435594390e+01
5.490196078431373028e-01 7.159000921291093000e+00
5.529411764705882693e-01 9.050492700830437443e+00
5.568627450980392357e-01 5.985173924229766129e+00
5.607843137254902022e-01 7.430412692529110075e+00
5.647058823529411686e-01 9.164809926242197591e+00
5.686274509803921351e-01 7.263527018186485051e+00
5.725490196078431016e-01 8.408947610989704557e+00
5.764705882352940680e-01 9.494810175185399714e+00
5.803921568627450345e-01 9.014935397124293814e+00
5.843137254901961120e-01 6.719704257562539418e+00
5.882352941176470784e-01 8.857218840981699870e+00
5.921568627450980449e-01 1.032562377387880481e+01
5.960784313725490113e-01 8.736878873714328364e+00
5.999999999999999778e-01 9.640496069068525742e+00
6.039215686274509443e-01 8.719106147270082374e+00
6.078431372549019107e-01 7.163763951327972279e+00
6.117647058823529882e-01 8.848381213080912744e+00
6.156862745098039547e-01 9.869226015730198753e+00
6.196078431372549211e-01 8.845503379304568981e+00
6.235294117647058876e-01 9.475027424851708346e+00
6.274509803921568540e-01 9.164744738749456943e+00
6.313725490196078205e-01 5.838915162901473721e+00
6.352941176470587870e-01 9.417774248522896130e+00
6.392156862745097534e-01 8.459554535769139960e+00
6.431372549019607199e-01 9.323122286035813389e+00
6.470588235294117974e-01 8.685429742905279582e+00
6.509803921568627638e-01 8.264307058502602388e+00
6.549019607843137303e-01 8.706452392501834225e+00
6.588235294117646967e-01 9.576455638235769285e+00
6.627450980392156632e-01 8.372456677182697149e+00
6.666666666666666297e-01 9.056508027709172737e+00
6.705882352941175961e-01 1.062969810701429374e+01
6.745098039215686736e-01 8.733239998342115840e+00
6.784313725490196401e-01 9.749219881599158199e+00
6.823529411764706065e-01 8.598423189090548036e+00
6.862745098039215730e-01 1.081063867803423051e+01
6.901960784313725394e-01 8.462859959747055072e+00
6.941176470588235059e-01 9.572893167701632677e+00
6.980392156862744724e-01 9.792477504288900292e+00
7.019607843137254388e-01 9.222420410249174694e+00
7.058823529411764053e-01 8.710128721618072944e+00
7.098039215686274828e-01 8.064381443920526138e+00
7.137254901960784492e-01 1.034953109458317044e+01
7.176470588235294157e-01 8.721558266174339380e+00
7.215686274509803821e-01 9.310527383408865987e+00
7.254901960784313486e-01 8.006474001124761486e+00
7.294117647058823151e-01 8.182629566647168673e+00
7.333333333333332815e-01 8.803538941276817908e+00
7.372549019607843590e-01 1.023535102055335244e+01
7.411764705882353255e-01 9.402278062291944849e+00
7.450980392156862919e-01 7.685687109327876243e+00
7.490196078431372584e-01 1.073869308965162617e+01
7.529411764705882248e-01 9.419299085337527799e+00
7.568627450980391913e-01 9.237301748621741027e+00
7.607843137254901578e-01 9.373578381468908205e+00
7.647058823529411242e-01 9.093874392619133218e+00
7.686274509803920907e-01 9.667259735634489815e+00
7.725490196078431682e-01 9.725539866825544166e+00
7.764705882352941346e-01 9.795518465189893220e+00
7.803921568627451011e-01 8.820379772640379201e+00
7.843137254901960675e-01 8.425950748885446373e+00
7.882352941176470340e-01 8.860340219592403699e+00
7.921568627450980005e-01 9.427329507002763620e+00
7.960784313725489669e-01 8.931725384999063877e+00
8.000000000000000444e-01 1.021212679308476901e+01
8.039215686274510109e-01 9.549860424328610264e+00
8.078431372549019773e-01 9.362837359947334903e+00
8.117647058823529438e-01 9.233794709421612623e+00
8.156862745098039102e-01 8.773701436663795761e+00
8.196078431372548767e-01 8.073779490677679860e+00
8.235294117647058432e-01 8.917113160544628769e+00
8.274509803921568096e-01 8.795495250255335407e+00
8.313725490196077761e-01 8.400338972420057004e+00
8.352941176470588536e-01 9.261296999869399471e+00
8.392156862745098200e-01 9.027246494579399538e+00
8.431372549019607865e-01 9.801197784717411210e+00
8.470588235294117530e-01 9.327113532294420750e+00
8.509803921568627194e-01 9.189509025052602809e+00
8.549019607843136859e-01 8.396085731055626056e+00
8.588235294117646523e-01 7.788138595198776493e+00
8.627450980392157298e-01 9.199352964669563093e+00
8.666666666666666963e-01 9.109256617303257642e+00
8.705882352941176627e-01 7.243008405274381722e+00
8.745098039215686292e-01 8.044269788615288519e+00
8.784313725490195957e-01 9.243558409395951969e+00
8.823529411764705621e-01 9.238795403566189890e+00
8.862745098039215286e-01 9.205350099508294193e+00
8.901960784313724950e-01 8.132331356733985217e+00
8.941176470588234615e-01 8.840405861560828527e+00
8.980392156862745390e-01 7.367922260770122023e+00
9.019607843137255054e-01 7.891705247841001913e+00
9.058823529411764719e-01 6.683337343589427881e+00
9.098039215686274384e-01 8.327660189614313424e+00
9.137254901960784048e-01 8.742800719816623101e+00
9.176470588235293713e-01 8.625864450648865756e+00
9.215686274509803377e-01 8.785408659658594743e+00
9.254901960784314152e-01 8.320233186225161504e+00
9.294117647058823817e-01 6.979046496082273343e+00
9.333333333333333481e-01 8.991464650318661711e+00
9.372549019607843146e-01 6.030485578967081040e+00
9.411764705882352811e-01 8.090645653216567368e+00
9.450980392156862475e-01 7.470208098510630279e+00
9.490196078431372140e-01 8.034722425838040749e+00
9.529411764705881804e-01 8.720151418250670972e+00
9.568627450980391469e-01 8.535330943921280777e+00
9.607843137254902244e-01 6.160381148670264650e+00
9.647058823529411908e-01 8.337072097312123731e+00
9.686274509803921573e-01 7.032277992480929996e+00
9.725490196078431238e-01 6.206481237428223885e+00
9.764705882352940902e-01 5.415535666995904052e+00
9.803921568627450567e-01 6.606316180312335362e+00
9.843137254901960231e-01 5.379403185638958362e+00
9.882352941176471006e-01 6.842758270730382009e+00
9.921568627450980671e-01 7.446065907652541505e+00
9.960784313725490335e-01 6.124982607977273119e+00
1.000000000000000000e+00 6.638789487502017472e+00
