0.000000000000000000e+00 4.922812726682079365e+00
3.921568627450980338e-03 5.674304138108354323e+00
7.843137254901960675e-03 3.574758675895969517e+00
1.176470588235294101e-02 5.251809651529040224e+00
1.568627450980392135e-02 4.081859442541860616e+00
1.960784313725490169e-02 6.978923044170809220e+00
2.352941176470588203e-02 4.842472883854757271e+00
2.745098039215686236e-02 4.316120861428593969e+00
3.137254901960784270e-02 3.950410719743262966e+00
3.529411764705882304e-02 4.858157676874528264e+00
3.921568627450980338e-02 4.744273081390536717e+00
4.313725490196078372e-02 2.541712160680278387e+00
4.705882352941176405e-02 4.047406307748010690e+00
5.098039215686274439e-02 3.084401010321520253e+00
5.490196078431372473e-02 4.881322209142160418e+00
5.882352941176470507e-02 4.959529859010767261e+00
6.274509803921568540e-02 5.269475406884345681e+00
6.666666666666666574e-02 5.028343168574989974e+00
7.058823529411764608e-02 4.627500543053877813e+00
7.450980392156862642e-02 5.507361169882129204e+00
7.843137254901960675e-02 4.154386437117838504e+00
8.235294117647058709e-02 4.095172794747657719e+00
8.627450980392156743e-02 2.570200525122367630e+00
9.019607843137254777e-02 3.991637706388495577e+00
9.411764705882352811e-02 4.601923187176145014e+00
9.803921568627450844e-02 3.889639312334777888e+00
1.019607843137254888e-01 3.854110408321825165e+00
1.058823529411764691e-01 5.075203717587272401e+00
1.098039215686274495e-01 5.266821862074493765e+00
1.137254901960784298e-01 4.269798322147080327e+00
1.176470588235294101e-01 5.571539473584997459e+00
1.215686274509803905e-01 5.385906574041176675e+00
1.254901960784313708e-01 5.840520270320156193e+00
1.294117647058823373e-01 7.857734481889629308e+00
1.333333333333333315e-01 5.539700380085146314e+00
1.372549019607843257e-01 5.215235312011336610e+00
1.411764705882352922e-01 5.182828582001577367e+00
1.450980392156862586e-01 6.597767824026655070e+00
1.490196078431372528e-01 5.582351481981655539e+00
1.529411764705882470e-01 4.265356380495249233e+00
1.568627450980392135e-01 4.815105753849334924e+00
1.607843137254901800e-01 6.002800017699833290e+00
1.647058823529411742e-01 4.466300188435723406e+00
1.686274509803921684e-01 5.516143720775175119e+00
1.725490196078431349e-01 3.733677748661874851e+00
1.764705882352941013e-01 3.256737914296452541e+00
1.803921568627450955e-01 4.621784500492646330e+00
1.843137254901960898e-01 5.390549974150517620e+00
1.882352941176470562e-01 3.841868836694400713e+00
1.921568627450980227e-01 6.287544320417841170e+00
1.960784313725490169e-01 4.197760375317992398e+00
2.000000000000000111e-01 6.764058225260829005e+00
2.039215686274509776e-01 3.940258133259534112e+00
2.078431372549019440e-01 5.154352673220006231e+00
2.117647058823529382e-01 4.096169050526142996e+00
2.156862745098039325e-01 5.470387227584515344e+00
2.196078431372548989e-01 4.977746825873754055e+00
2.235294117647058654e-01 4.894393616295061200e+00
2.274509803921568596e-01 5.989418544047164339e+00
2.313725490196078538e-01 5.561726779726089198e+00
2.352941176470588203e-01 5.392828964707761408e+00
2.392156862745097867e-01 4.691108342347104276e+00
2.431372549019607809e-01 6.026916226562093470e+00
2.470588235294117752e-01 5.378120398533094537e+00
2.509803921568627416e-01 5.399091215309438141e+00
2.549019607843137081e-01 6.185330564549330390e+00
2.588235294117646745e-01 3.606290106357037395e+00
2.627450980392156965e-01 5.686626175202679434e+00
2.666666666666666630e-01 4.455001786369931160e+00
2.705882352941176294e-01 6.253820924990113994e+00
2.745098039215686514e-01 5.053218399177796805e+00
2.784313725490196179e-01 5.740923822713652314e+00
2.823529411764705843e-01 2.982366592460456545e+00
2.862745098039215508e-01 6.106280199793182817e+00
2.901960784313725172e-01 5.061013497812924200e+00
2.941176470588235392e-01 4.920843913934462854e+00
2.980392156862745057e-01 5.709490429394463717e+00
3.019607843137254721e-01 5.724632821665600169e+00
3.058823529411764941e-01 4.431857525695878763e+00
3.098039215686274606e-01 6.627983003328083100e+00
3.137254901960784270e-01 4.238362794148540225e+00
3.176470588235293935e-01 3.397561433343947890e+00
3.215686274509803599e-01 7.514817748959302435e+00
3.254901960784313819e-01 7.131539314091588366e+00
3.294117647058823484e-01 5.682093556146955216e+00
3.333333333333333148e-01 4.699716616630876587e+00
3.372549019607843368e-01 5.917217531882934978e+00
3.411764705882353033e-01 5.249610480837693771e+00
3.450980392156862697e-01 6.080725121185542648e+00
3.490196078431372362e-01 6.206548645538340736e+00
3.529411764705882026e-01 4.876059530060752323e+00
3.568627450980392246e-01 4.043962801713631094e+00
3.607843137254901911e-01 5.283496291429931269e+00
3.647058823529411575e-01 5.308434707565493405e+00
3.686274509803921795e-01 5.626433701043287883e+00
3.725490196078431460e-01 5.966045783935073565e+00
3.764705882352941124e-01 5.671845659298777598e+00
3.803921568627450789e-01 3.825693500597453500e+00
3.843137254901960453e-01 6.143161373345470189e+00
3.882352941176470673e-01 5.118748914988763055e+00
3.921568627450980338e-01 5.801488048849289925e+00
3.960784313725490002e-01 4.735038625262472323e+00
4.000000000000000222e-01 4.826434967050689195e+00
4.039215686274509887e-01 3.638805588269294233e+00
4.078431372549019551e-01 4.704510208875483990e+00
4.117647058823529216e-01 4.425931704456614213e+00
4.156862745098038880e-01 6.385084906145841011e+00
4.196078431372549100e-01 4.946507362265288421e+00
4.235294117647058765e-01 5.864052351277808661e+00
4.274509803921568429e-01 6.139524759543947496e+00
4.313725490196078649e-01 5.973202587780033213e+00
4.352941176470588314e-01 5.184477072058469638e+00
4.392156862745097978e-01 4.500094743976718270e+00
4.431372549019607643e-01 6.203906949184656128e+00
4.470588235294117307e-01 7.153961344293207958e+00
4.509803921568627527e-01 4.862203030611228272e+00
4.549019607843137192e-01 5.398938720905981370e+00
4.588235294117646856e-01 5.370426976252031359e+00
4.627450980392157076e-01 5.680527564689754172e+00
4.666666666666666741e-01 4.365669996841559986e+00
4.705882352941176405e-01 5.250960905123508660e+00
4.745098039215686070e-01 3.657921483585470757e+00
4.784313725490195734e-01 4.314500705406068448e+00
4.823529411764705954e-01 5.505413953439298069e+00
4.862745098039215619e-01 5.761079405484067273e+00
4.901960784313725283e-01 6.515799337166133576e+00
4.941176470588235503e-01 5.980812209530623313e+00
4.980392156862745168e-01 5.501365640834289472e+00
5.019607843137254832e-01 4.731574459867680105e+00
5.058823529411764497e-01 5.832141195675703216e+00
5.098039215686274161e-01 5.268074760234942033e+00
5.137254901960783826e-01 6.013546769801986436e+00
5.176470588235293491e-01 6.244188953195029868e+00
5.215686274509804266e-01 6.066099305802127084e+00
5.254901960784313930e-01 5.555699349862162073e+00
5.294117647058823595e-01 5.324395418885052855e+00
5.333333333333333259e-01 4.507676950226598755e+00
5.372549019607842924e-01 7.845114092356295643e+00
5.411764705882352589e-01 6.548057875811493567e+00
5.450980392156862253e-01 4.002369127604712418e+00
5.490196078431373028e-01 5.529065428270292237e+00
5.529411764705882693e-01 3.311977137308868890e+00
5.568627450980392357e-01 5.741088117635913868e+00
5.607843137254902022e-01 6.639985440572868214e+00
5.647058823529411686e-01 6.775643441410655221e+00
5.686274509803921351e-01 4.721041246649122058e+00
5.725490196078431016e-01 5.104863123921672852e+00
5.764705882352940680e-01 5.932847922737324531e+00
5.803921568627450345e-01 4.667475838888220707e+00
5.843137254901961120e-01 7.086252076096702268e+00
5.882352941176470784e-01 5.337596098003826839e+00
5.921568627450980449e-01 4.932198484978875364e+00
5.960784313725490113e-01 5.961290198455594158e+00
5.999999999999999778e-01 4.683373617510291353e+00
6.039215686274509443e-01 3.709589313797747145e+00
6.078431372549019107e-01 5.752883161173953930e+00
6.117647058823529882e-01 5.835299818692443630e+00
6.156862745098039547e-01 5.736902467293439223e+00
6.196078431372549211e-01 8.118840822400329671e+00
6.235294117647058876e-01 6.858611841688656341e+00
6.274509803921568540e-01 4.241703852212930670e+00
6.313725490196078205e-01 7.271498844067837197e+00
6.352941176470587870e-01 4.743835823948142405e+00
6.392156862745097534e-01 6.394595580015269398e+00
6.431372549019607199e-01 6.281138367488409813e+00
6.470588235294117974e-01 4.407322558602210449e+00
6.509803921568627638e-01 5.325754433078585315e+00
6.549019607843137303e-01 4.255225965902898366e+00
6.588235294117646967e-01 4.597293038480597893e+00
6.627450980392156632e-01 5.341884756397412559e+00
6.666666666666666297e-01 6.514178775403333788e+00
6.705882352941175961e-01 6.189610308260985683e+00
6.745098039215686736e-01 6.412261822285136859e+00
6.784313725490196401e-01 6.050956690122644588e+00
6.823529411764706065e-01 5.693371748993043546e+00
6.862745098039215730e-01 5.997844700457851452e+00
6.901960784313725394e-01 6.284996351904092116e+00
6.941176470588235059e-01 6.533364729957672701e+00
6.980392156862744724e-01 6.836141882902839306e+00
7.019607843137254388e-01 7.528652670548344972e+00
7.058823529411764053e-01 6.656191982008801133e+00
7.098039215686274828e-01 5.937548389531738025e+00
7.137254901960784492e-01 7.098083745543709355e+00
7.176470588235294157e-01 4.511070690296299368e+00
7.215686274509803821e-01 6.383046392656227752e+00
7.254901960784313486e-01 5.162806096427932090e+00
7.294117647058823151e-01 3.597794952845323468e+00
7.333333333333332815e-01 5.035422733026991615e+00
7.372549019607843590e-01 4.694113725991721608e+00
7.411764705882353255e-01 6.935865151936353001e+00
7.450980392156862919e-01 6.853636764135915271e+00
7.490196078431372584e-01 5.864436611074317796e+00
7.529411764705882248e-01 5.140040185259543648e+00
7.568627450980391913e-01 5.751737764425890020e+00
7.607843137254901578e-01 7.020743353242255402e+00
7.647058823529411242e-01 5.833660636125159726e+00
7.686274509803920907e-01 3.330982336092930485e+00
7.725490196078431682e-01 5.640817770629564798e+00
7.764705882352941346e-01 6.687204690593830492e+00
7.803921568627451011e-01 5.979405210619400002e+00
7.843137254901960675e-01 3.771374408081852980e+00
7.882352941176470340e-01 4.404050913039914583e+00
7.921568627450980005e-01 4.629957708108223713e+00
7.960784313725489669e-01 5.143372082595529804e+00
8.000000000000000444e-01 7.028658264731284966e+00
8.039215686274510109e-01 6.039543523275622050e+00
8.078431372549019773e-01 5.921990907481654354e+00
8.117647058823529438e-01 5.551515208980515759e+00
8.156862745098039102e-01 6.368580400973837818e+00
8.196078431372548767e-01 5.776181794896197097e+00
8.235294117647058432e-01 5.825281256291194865e+00
8.274509803921568096e-01 4.158777560011721164e+00
8.313725490196077761e-01 3.387535474283959847e+00
8.352941176470588536e-01 4.680381739539959618e+00
8.392156862745098200e-01 6.103000448853124205e+00
8.431372549019607865e-01 4.001715164177190864e+00
8.470588235294117530e-01 6.692743177051852399e+00
8.509803921568627194e-01 5.141217291880709084e+00
8.549019607843136859e-01 5.467347385635797252e+00
8.588235294117646523e-01 5.348420613684775837e+00
8.627450980392157298e-01 4.307366272342388669e+00
8.666666666666666963e-01 7.855139929005362731e+00
8.705882352941176627e-01 5.361330406420018235e+00
8.745098039215686292e-01 5.347945941185632712e+00
8.784313725490195957e-01 5.053036958529638412e+00
8.823529411764705621e-01 6.828096690882297537e+00
8.862745098039215286e-01 5.829851523541114133e+00
8.901960784313724950e-01 3.097972747834819796e+00
8.941176470588234615e-01 3.900340551352771357e+00
8.980392156862745390e-01 5.620998694140395102e+00
9.019607843137255054e-01 5.037580361054840417e+00
9.058823529411764719e-01 4.290745050641308289e+00
9.098039215686274384e-01 4.141918709259323705e+00
9.137254901960784048e-01 6.311976986110458654e+00
9.176470588235293713e-01 6.391590371209574073e+00
9.215686274509803377e-01 4.354377340741729441e+00
9.254901960784314152e-01 6.194189379628293857e+00
9.294117647058823817e-01 6.121915273757188025e+00
9.333333333333333481e-01 5.523467280758683984e+00
9.372549019607843146e-01 7.222514642405956309e+00
9.411764705882352811e-01 5.950543318445941310e+00
9.450980392156862475e-01 4.417997274700540267e+00
9.490196078431372140e-01 4.070458803576290308e+00
9.529411764705881804e-01 4.761312076129708082e+00
9.568627450980391469e-01 4.737636552131587742e+00
9.607843137254902244e-01 3.560499698238620780e+00
9.647058823529411908e-01 5.930083638321184125e+00
9.686274509803921573e-01 3.814984617181687465e+00
9.725490196078431238e-01 3.492002088673179294e+00
9.764705882352940902e-01 4.807335651000017585e+00
9.803921568627450567e-01 3.492613096590862387e+00
9.843137254901960231e-01 5.833526251908718763e+00
9.882352941176471006e-01 3.757916972005967970e+00
9.921568627450980671e-01 5.510303063588294137e+00
9.960784313725490335e-01 4.254934330007893450e+00
1.000000000000000000e+00 4.480978029451843092e+00
