0.000000000000000000e+00 4.771001130382583000e+00
3.921568627450980338e-03 6.562019743540853156e+00
7.843137254901960675e-03 4.024523128256691784e+00
1.176470588235294101e-02 6.340062261764519924e+00
1.568627450980392135e-02 4.561417225725091562e+00
1.960784313725490169e-02 5.762018948173755817e+00
2.352941176470588203e-02 3.928609952617211132e+00
2.745098039215686236e-02 6.537277074056684789e+00
3.137254901960784270e-02 4.168565739463591768e+00
3.529411764705882304e-02 6.826429658327423766e+00
3.921568627450980338e-02 3.745814044133318976e+00
4.313725490196078372e-02 5.839844883833244182e+00
4.705882352941176405e-02 3.015786600481968893e+00
5.098039215686274439e-02 5.743150726407334261e+00
5.490196078431372473e-02 5.982368719540424706e+00
5.882352941176470507e-02 4.157130307413314796e+00
6.274509803921568540e-02 5.931662331947642031e+00
6.666666666666666574e-02 4.266654506389349955e+00
7.058823529411764608e-02 2.497267305700838769e+00
7.450980392156862642e-02 5.753484932348755798e+00
7.843137254901960675e-02 2.859662199556336049e+00
8.235294117647058709e-02 3.413850624318242044e+00
8.627450980392156743e-02 3.593658773540234552e+00
9.019607843137254777e-02 4.077620228307856642e+00
9.411764705882352811e-02 5.136352203153482954e+00
9.803921568627450844e-02 4.931650874497062631e+00
1.019607843137254888e-01 4.606898711579157535e+00
1.058823529411764691e-01 4.279093929949770114e+00
1.098039215686274495e-01 3.527472567448447727e+00
1.137254901960784298e-01 3.389295371717498728e+00
1.176470588235294101e-01 5.166906620924924809e+00
1.215686274509803905e-01 4.072373807159282322e+00
1.254901960784313708e-01 2.187060984838137045e+00
1.294117647058823373e-01 5.579637123799963128e+00
1.333333333333333315e-01 4.610780379245415617e+00
1.372549019607843257e-01 5.512658890402116540e+00
1.411764705882352922e-01 2.819478089321061365e+00
1.450980392156862586e-01 2.073959179559400567e+00
1.490196078431372528e-01 2.043833416579928119e+00
1.529411764705882470e-01 4.663031601786378211e+00
1.568627450980392135e-01 4.089794880941370891e+00
1.607843137254901800e-01 4.998112587775461080e+00
1.647058823529411742e-01 3.616720164031047346e+00
1.686274509803921684e-01 4.433919534328572887e+00
1.725490196078431349e-01 3.907214030811960725e+00
1.764705882352941013e-01 4.580667620705050957e+00
1.803921568627450955e-01 2.322872534927017618e+00
1.843137254901960898e-01 4.617408062110387235e+00
1.882352941176470562e-01 4.363125231712165153e+00
1.921568627450980227e-01 3.963493222367082680e+00
1.960784313725490169e-01 3.159664297886239925e+00
2.000000000000000111e-01 4.785263969402973494e+00
2.039215686274509776e-01 5.044069754019329110e+00
2.078431372549019440e-01 3.882466507372899667e+00
2.117647058823529382e-01 4.267420031862691587e+00
2.156862745098039325e-01 3.055449440352354440e+00
2.196078431372548989e-01 4.107022511573181767e+00
2.235294117647058654e-01 3.963341202485711090e+00
2.274509803921568596e-01 3.691420646705109387e+00
2.313725490196078538e-01 4.513346854299590483e+00
2.352941176470588203e-01 2.603032975551461625e+00
2.392156862745097867e-01 6.455746439619513666e+00
2.431372549019607809e-01 3.241252384400423736e+00
2.470588235294117752e-01 2.017745091897562126e+00
2.509803921568627416e-01 3.293516156413824003e+00
2.549019607843137081e-01 2.316288118214783864e+00
2.588235294117646745e-01 5.688584895475946368e+00
2.627450980392156965e-01 4.602222814638401438e+00
2.666666666666666630e-01 2.911260223879099662e+00
2.705882352941176294e-01 4.442349177635813717e+00
2.745098039215686514e-01 3.617988556598105365e+00
2.784313725490196179e-01 4.896287229976763911e+00
2.823529411764705843e-01 4.294938737228674697e+00
2.862745098039215508e-01 4.164957324580401909e+00
2.901960784313725172e-01 3.843179424287241908e+00
2.941176470588235392e-01 3.570512605510914650e+00
2.980392156862745057e-01 4.306538010155195551e+00
3.019607843137254721e-01 3.473585497383289145e+00
3.058823529411764941e-01 4.025344531815266969e+00
3.098039215686274606e-01 3.046327286567765302e+00
3.137254901960784270e-01 5.150823867121632205e+00
3.176470588235293935e-01 4.173970393870765072e+00
3.215686274509803599e-01 3.675524090901304497e+00
3.254901960784313819e-01 3.313199615204179160e+00
3.294117647058823484e-01 4.164291112400788641e+00
3.333333333333333148e-01 2.937763988947522442e+00
3.372549019607843368e-01 4.275688560844896458e+00
3.411764705882353033e-01 4.619777320902607620e+00
3.450980392156862697e-01 2.550270682274336842e+00
3.490196078431372362e-01 5.368169056717869481e+00
3.529411764705882026e-01 6.436621377088881601e+00
3.568627450980392246e-01 2.979332797173416481e+00
3.607843137254901911e-01 5.063580124549470263e+00
3.647058823529411575e-01 4.129374573221231692e+00
3.686274509803921795e-01 4.120822814447271831e+00
3.725490196078431460e-01 4.868280048483928368e+00
3.764705882352941124e-01 3.376135477933623008e+00
3.803921568627450789e-01 4.792009515772030603e+00
3.843137254901960453e-01 4.677106204134003242e+00
3.882352941176470673e-01 4.942709656311458311e+00
3.921568627450980338e-01 6.175334981022954750e+00
3.960784313725490002e-01 5.393674904173510143e+00
4.000000000000000222e-01 2.705989852702360032e+00
4.039215686274509887e-01 3.791711515658437115e+00
4.078431372549019551e-01 5.029975121095928259e+00
4.117647058823529216e-01 5.227727885754976711e+00
4.156862745098038880e-01 3.553257037913605476e+00
4.196078431372549100e-01 6.002809552369053669e+00
4.235294117647058765e-01 5.715229772350602921e+00
4.274509803921568429e-01 4.567026571058733886e+00
4.313725490196078649e-01 3.784208846058143560e+00
4.352941176470588314e-01 4.175813807994149585e+00
4.392156862745097978e-01 5.523058523130343289e+00
4.431372549019607643e-01 5.249321168625892042e+00
4.470588235294117307e-01 4.978334291514623366e+00
4.509803921568627527e-01 4.546444440565061917e+00
4.549019607843137192e-01 5.393988884313080767e+00
4.588235294117646856e-01 4.643395945549283255e+00
4.627450980392157076e-01 4.111887423473829628e+00
4.666666666666666741e-01 3.923647707333391299e+00
4.705882352941176405e-01 5.974479394169756930e+00
4.745098039215686070e-01 4.167827265903969902e+00
4.784313725490195734e-01 6.863371467387139546e+00
4.823529411764705954e-01 3.604650787502171383e+00
4.862745098039215619e-01 5.259628347413269900e+00
4.901960784313725283e-01 3.796273748677550852e+00
4.941176470588235503e-01 5.542515503222584350e+00
4.980392156862745168e-01 4.848691460885275362e+00
5.019607843137254832e-01 4.065659203843196678e+00
5.058823529411764497e-01 5.868150798208488617e+00
5.098039215686274161e-01 6.409190966749095608e+00
5.137254901960783826e-01 5.081997867346477626e+00
5.176470588235293491e-01 4.849278741140317095e+00
5.215686274509804266e-01 5.460981197990744995e+00
5.254901960784313930e-01 7.503906810104739478e+00
5.294117647058823595e-01 5.046404113733430563e+00
5.333333333333333259e-01 7.832144006398862324e+00
5.372549019607842924e-01 4.130289337090895074e+00
5.411764705882352589e-01 4.057548502451163053e+00
5.450980392156862253e-01 4.916552066051817604e+00
5.490196078431373028e-01 5.564116016589438551e+00
5.529411764705882693e-01 3.920328116263363860e+00
5.568627450980392357e-01 3.953303485305510456e+00
5.607843137254902022e-01 7.413182672986868837e+00
5.647058823529411686e-01 5.117474886381125465e+00
5.686274509803921351e-01 4.223720515561508293e+00
5.725490196078431016e-01 3.864218716420555921e+00
5.764705882352940680e-01 4.310817703726945282e+00
5.803921568627450345e-01 4.042081709306501125e+00
5.843137254901961120e-01 6.020308671160251812e+00
5.882352941176470784e-01 4.778632836083337665e+00
5.921568627450980449e-01 5.762018011667978001e+00
5.960784313725490113e-01 4.708100343971012514e+00
5.999999999999999778e-01 5.091364701948483784e+00
6.039215686274509443e-01 3.860463404923083264e+00
6.078431372549019107e-01 4.784069432636634644e+00
6.117647058823529882e-01 5.761265386368229713e+00
6.156862745098039547e-01 4.248490366403737895e+00
6.196078431372549211e-01 5.503037887760577895e+00
6.235294117647058876e-01 5.167681174555576185e+00
6.274509803921568540e-01 6.383057200657352936e+00
6.313725490196078205e-01 3.235136775983153523e+00
6.352941176470587870e-01 5.592843278064593804e+00
6.392156862745097534e-01 8.334511446168313853e+00
6.431372549019607199e-01 4.489588072199947710e+00
6.470588235294117974e-01 6.048007384102669803e+00
6.509803921568627638e-01 2.986292717022805743e+00
6.549019607843137303e-01 6.672089150625526877e+00
6.588235294117646967e-01 5.349880579297202843e+00
6.627450980392156632e-01 6.670108365560573738e+00
6.666666666666666297e-01 4.706255159148692080e+00
6.705882352941175961e-01 4.094368854538114277e+00
6.745098039215686736e-01 4.550924522009562878e+00
6.784313725490196401e-01 6.462622143325431168e+00
6.823529411764706065e-01 4.284523426848432237e+00
6.862745098039215730e-01 2.234656103607150612e+00
6.901960784313725394e-01 4.303353869557205336e+00
6.941176470588235059e-01 7.741112647988284579e+00
6.980392156862744724e-01 5.407858727928649856e+00
7.019607843137254388e-01 4.643469415340693018e+00
7.058823529411764053e-01 4.676225902651065525e+00
7.098039215686274828e-01 6.041859507514732996e+00
7.137254901960784492e-01 4.155592161937240903e+00
7.176470588235294157e-01 6.413025277032724070e+00
7.215686274509803821e-01 6.182663588781162289e+00
7.254901960784313486e-01 5.415697065246336095e+00
7.294117647058823151e-01 5.805662373516448760e+00
7.333333333333332815e-01 4.558142512314581118e+00
7.372549019607843590e-01 5.440148753712998442e+00
7.411764705882353255e-01 5.620577963384086218e+00
7.450980392156862919e-01 4.380897941194178635e+00
7.490196078431372584e-01 4.978542106745656781e+00
7.529411764705882248e-01 3.809884994798807156e+00
7.568627450980391913e-01 4.846180769381417619e+00
7.607843137254901578e-01 3.910827644147058191e+00
7.647058823529411242e-01 5.845394964550899353e+00
7.686274509803920907e-01 5.331481096469959269e+00
7.725490196078431682e-01 4.787410254670924736e+00
7.764705882352941346e-01 4.274836028081346662e+00
7.803921568627451011e-01 3.218361967630488429e+00
7.843137254901960675e-01 4.659717659698537240e+00
7.882352941176470340e-01 4.150925832793643799e+00
7.921568627450980005e-01 3.312496626134653344e+00
7.960784313725489669e-01 5.131980013202189994e+00
8.000000000000000444e-01 2.921613480830351772e+00
8.039215686274510109e-01 3.645466125965093340e+00
8.078431372549019773e-01 4.274451084285975533e+00
8.117647058823529438e-01 4.325725022623581495e+00
8.156862745098039102e-01 5.491130215470972686e+00
8.196078431372548767e-01 5.476418288197512751e+00
8.235294117647058432e-01 2.396564528372124414e+00
8.274509803921568096e-01 1.744760249903247296e+00
8.313725490196077761e-01 4.981441591855420903e+00
8.352941176470588536e-01 2.195479790319152080e+00
8.392156862745098200e-01 1.965241484405017447e+00
8.431372549019607865e-01 2.525258756909511071e+00
8.470588235294117530e-01 4.598149624481171927e+00
8.509803921568627194e-01 4.271489662749067939e+00
8.549019607843136859e-01 3.482333365800091229e+00
8.588235294117646523e-01 4.146286044844388563e+00
8.627450980392157298e-01 4.101304945018963366e+00
8.666666666666666963e-01 4.746133176725376934e+00
8.705882352941176627e-01 2.508789591073529834e+00
8.745098039215686292e-01 2.990982869530403931e+00
8.784313725490195957e-01 4.575747042404033849e+00
8.823529411764705621e-01 4.375763381256069451e+00
8.862745098039215286e-01 3.589489310753836815e+00
8.901960784313724950e-01 3.918008663215051701e+00
8.941176470588234615e-01 3.015157305931189580e+00
8.980392156862745390e-01 5.063474440080612204e+00
9.019607843137255054e-01 2.396212977990967108e+00
9.058823529411764719e-01 3.868662373996272219e+00
9.098039215686274384e-01 4.558189321819200224e+00
9.137254901960784048e-01 3.977540779171617746e+00
9.176470588235293713e-01 2.667883189616063078e+00
9.215686274509803377e-01 2.982077120305052897e+00
9.254901960784314152e-01 3.593974757904677020e+00
9.294117647058823817e-01 4.609118865665800868e+00
9.333333333333333481e-01 3.778378555510145453e+00
9.372549019607843146e-01 5.091536161024063922e+00
9.411764705882352811e-01 3.558919971796621340e+00
9.450980392156862475e-01 4.081587196098068304e+00
9.490196078431372140e-01 1.399172562223790717e+00
9.529411764705881804e-01 3.697151462886262951e+00
9.568627450980391469e-01 3.890776944056434594e+00
9.607843137254902244e-01 3.032829915148380184e+00
9.647058823529411908e-01 2.001507505191367553e+00
9.686274509803921573e-01 4.446037790628684760e+00
9.725490196078431238e-01 3.746289184976961728e+00
9.764705882352940902e-01 3.245693225054783415e+00
9.803921568627450567e-01 3.327455084618816006e+00
9.843137254901960231e-01 3.975626902361603765e+00
9.882352941176471006e-01 1.983209463838406572e+00
9.921568627450980671e-01 3.767519303392419694e+00
9.960784313725490335e-01 3.438589292986545587e+00
1.000000000000000000e+00 2.035854222003970371e+00
