0.000000000000000000e+00 8.773964261594487724e+00
3.921568627450980338e-03 7.270374821289592226e+00
7.843137254901960675e-03 6.454033235937499668e+00
1.176470588235294101e-02 9.162087540368288430e+00
1.568627450980392135e-02 9.109190172096305105e+00
1.960784313725490169e-02 7.351166327096830599e+00
2.352941176470588203e-02 8.195520347354245061e+00
2.745098039215686236e-02 9.137765735738604178e+00
3.137254901960784270e-02 9.040071922692249018e+00
3.529411764705882304e-02 8.931986565563857283e+00
3.921568627450980338e-02 9.038131725220516444e+00
4.313725490196078372e-02 8.507518605812208534e+00
4.705882352941176405e-02 7.194851320015713370e+00
5.098039215686274439e-02 9.562514019888778805e+00
5.490196078431372473e-02 7.878624683775373505e+00
5.882352941176470507e-02 1.013210402114144593e+01
6.274509803921568540e-02 1.193941394564106417e+01
6.666666666666666574e-02 9.746129503549246564e+00
7.058823529411764608e-02 8.921118321025295117e+00
7.450980392156862642e-02 9.513176109337424080e+00
7.843137254901960675e-02 9.087839041268273022e+00
8.235294117647058709e-02 1.059450192318418438e+01
8.627450980392156743e-02 9.381256592433159014e+00
9.019607843137254777e-02 7.898334450530140494e+00
9.411764705882352811e-02 8.745344515830160148e+00
9.803921568627450844e-02 7.046660181533686007e+00
1.019607843137254888e-01 8.246916668849525678e+00
1.058823529411764691e-01 9.657931047564391136e+00
1.098039215686274495e-01 1.027072644957383218e+01
1.137254901960784298e-01 8.264021333132580693e+00
1.176470588235294101e-01 7.032041811211519722e+00
1.215686274509803905e-01 8.880578696145338569e+00
1.254901960784313708e-01 9.115283720407095558e+00
1.294117647058823373e-01 7.836720150778244687e+00
1.333333333333333315e-01 9.947677767933074122e+00
1.372549019607843257e-01 9.084472348215248516e+00
1.411764705882352922e-01 1.032703834976420509e+01
1.450980392156862586e-01 9.311174299294897594e+00
1.490196078431372528e-01 1.076846835838173178e+01
1.529411764705882470e-01 8.141718660468178825e+00
1.568627450980392135e-01 9.377012914769755625e+00
1.607843137254901800e-01 8.219722152518652791e+00
1.647058823529411742e-01 8.942217455348703936e+00
1.686274509803921684e-01 8.821395993354677501e+00
1.725490196078431349e-01 8.817450809288905234e+00
1.764705882352941013e-01 1.177921337434573523e+01
1.803921568627450955e-01 1.002727416701828389e+01
1.843137254901960898e-01 1.123741552752366246e+01
1.882352941176470562e-01 9.825258776103225955e+00
1.921568627450980227e-01 9.015073786420829904e+00
1.960784313725490169e-01 9.049821693409809242e+00
2.000000000000000111e-01 8.326510420394454215e+00
2.039215686274509776e-01 8.019502051102312734e+00
2.078431372549019440e-01 1.044181711341564167e+01
2.117647058823529382e-01 1.117268454477702733e+01
2.156862745098039325e-01 7.925408116960449334e+00
2.196078431372548989e-01 9.838984193536662204e+00
2.235294117647058654e-01 8.657753688515942514e+00
2.274509803921568596e-01 9.513520957358000629e+00
2.313725490196078538e-01 9.312088473625774299e+00
2.352941176470588203e-01 9.794787448933181651e+00
2.392156862745097867e-01 1.037650452115826738e+01
2.431372549019607809e-01 8.638226835975942208e+00
2.470588235294117752e-01 8.843364998525608200e+00
2.509803921568627416e-01 1.002835565468371115e+01
2.549019607843137081e-01 8.911862210376238380e+00
2.588235294117646745e-01 7.825059308105682732e+00
2.627450980392156965e-01 1.004169388031187893e+01
2.666666666666666630e-01 1.019390463074222453e+01
2.705882352941176294e-01 8.850148746275623424e+00
2.745098039215686514e-01 9.039344680884727978e+00
2.784313725490196179e-01 9.658986881169637329e+00
2.823529411764705843e-01 7.076655947312543660e+00
2.862745098039215508e-01 9.053085185415902458e+00
2.901960784313725172e-01 9.911073667772251738e+00
2.941176470588235392e-01 8.015315740296802716e+00
2.980392156862745057e-01 9.915461347453883079e+00
3.019607843137254721e-01 6.853482656492289493e+00
3.058823529411764941e-01 1.051485305665313419e+01
3.098039215686274606e-01 1.056349698329461617e+01
3.137254901960784270e-01 8.130526646129093038e+00
3.176470588235293935e-01 7.561906782511858438e+00
3.215686274509803599e-01 8.176210484640483500e+00
3.254901960784313819e-01 9.792446011076357593e+00
3.294117647058823484e-01 8.715749896640527794e+00
3.333333333333333148e-01 9.839707341244906758e+00
3.372549019607843368e-01 8.209375757090450421e+00
3.411764705882353033e-01 8.290524664004806255e+00
3.450980392156862697e-01 8.527374600938147253e+00
3.490196078431372362e-01 8.287125274828500920e+00
3.529411764705882026e-01 7.470832609168023275e+00
3.568627450980392246e-01 8.873013753714955598e+00
3.607843137254901911e-01 8.657350920356673640e+00
3.647058823529411575e-01 8.038164048347692159e+00
3.686274509803921795e-01 7.166131856663348287e+00
3.725490196078431460e-01 9.296206620546010768e+00
3.764705882352941124e-01 6.493344128331244747e+00
3.803921568627450789e-01 7.631666792266244670e+00
3.843137254901960453e-01 9.582612850229290657e+00
3.882352941176470673e-01 8.239859880151483296e+00
3.921568627450980338e-01 9.140428711416012320e+00
3.960784313725490002e-01 8.279042956134437858e+00
4.000000000000000222e-01 9.434450778000753601e+00
4.039215686274509887e-01 5.842857447026160500e+00
4.078431372549019551e-01 9.011094776483959734e+00
4.117647058823529216e-01 6.631204336266911525e+00
4.156862745098038880e-01 8.391464186095277000e+00
4.196078431372549100e-01 7.458076306585292414e+00
4.235294117647058765e-01 8.361230799727774610e+00
4.274509803921568429e-01 5.266908206593339692e+00
4.313725490196078649e-01 9.292782000211763815e+00
4.352941176470588314e-01 8.382913300372834442e+00
4.392156862745097978e-01 6.737656786934070219e+00
4.431372549019607643e-01 7.214117090275236066e+00
4.470588235294117307e-01 6.723153942527664739e+00
4.509803921568627527e-01 6.757036429992522741e+00
4.549019607843137192e-01 8.192242922623695023e+00
4.588235294117646856e-01 6.676431250723832811e+00
4.627450980392157076e-01 7.614183358324855710e+00
4.666666666666666741e-01 7.341539417235456000e+00
4.705882352941176405e-01 7.621255867097905146e+00
4.745098039215686070e-01 8.452339851381323044e+00
4.784313725490195734e-01 8.375604351512624390e+00
4.823529411764705954e-01 7.055692097721693479e+00
4.862745098039215619e-01 8.349590721331727750e+00
4.901960784313725283e-01 5.447259890230741419e+00
4.941176470588235503e-01 5.104454213533863971e+00
4.980392156862745168e-01 8.190221811289781328e+00
5.019607843137254832e-01 8.683073283489354921e+00
5.058823529411764497e-01 5.334657363949464326e+00
5.098039215686274161e-01 7.750100096879770639e+00
5.137254901960783826e-01 7.895167613549750385e+00
5.176470588235293491e-01 7.653322028140442157e+00
5.215686274509804266e-01 7.829877125086995626e+00
5.254901960784313930e-01 6.492340599690638037e+00
5.294117647058823595e-01 6.283009736372782150e+00
5.333333333333333259e-01 7.576387720296965611e+00
5.372549019607842924e-01 7.895477363507960256e+00
5.411764705882352589e-01 6.600018282846010109e+00
5.450980392156862253e-01 7.575579315257694901e+00
5.490196078431373028e-01 7.931566680143252945e+00
5.529411764705882693e-01 6.606984303787238666e+00
5.568627450980392357e-01 6.056594098923751446e+00
5.607843137254902022e-01 6.597993151131387179e+00
5.647058823529411686e-01 7.594024694932274500e+00
5.686274509803921351e-01 5.031463189867327657e+00
5.725490196078431016e-01 6.683352623933467740e+00
5.764705882352940680e-01 6.055215861486456852e+00
5.803921568627450345e-01 7.090365999301304178e+00
5.843137254901961120e-01 5.708321080237785061e+00
5.882352941176470784e-01 6.097747511091594852e+00
5.921568627450980449e-01 7.116253715730612051e+00
5.960784313725490113e-01 5.969425992564920236e+00
5.999999999999999778e-01 5.839545588906128515e+00
6.039215686274509443e-01 6.600254998843774423e+00
6.078431372549019107e-01 7.069362868137170963e+00
6.117647058823529882e-01 6.235477776494739111e+00
6.156862745098039547e-01 6.780138176370331671e+00
6.196078431372549211e-01 7.427231156821801683e+00
6.235294117647058876e-01 7.033623602805669783e+00
6.274509803921568540e-01 6.192232540442758726e+00
6.313725490196078205e-01 5.283063539597304903e+00
6.352941176470587870e-01 5.593890011357516734e+00
6.392156862745097534e-01 6.751639036780463066e+00
6.431372549019607199e-01 4.795750753565046764e+00
6.470588235294117974e-01 6.555477590876734872e+00
6.509803921568627638e-01 5.722475410795153650e+00
6.549019607843137303e-01 6.150894268267071752e+00
6.588235294117646967e-01 6.871289831376308221e+00
6.627450980392156632e-01 7.073332239651332287e+00
6.666666666666666297e-01 3.574193601015719590e+00
6.705882352941175961e-01 5.900880477452957074e+00
6.745098039215686736e-01 4.630899458729896168e+00
6.784313725490196401e-01 6.711981979571834955e+00
6.823529411764706065e-01 5.604715678800554990e+00
6.862745098039215730e-01 5.151491099023839837e+00
6.901960784313725394e-01 6.805015874223350636e+00
6.941176470588235059e-01 5.023381665844469879e+00
6.980392156862744724e-01 5.605012490444453377e+00
7.019607843137254388e-01 6.090591052776640701e+00
7.058823529411764053e-01 3.066333359327348518e+00
7.098039215686274828e-01 5.054160653656431634e+00
7.137254901960784492e-01 5.867009414846656057e+00
7.176470588235294157e-01 4.639355963822301199e+00
7.215686274509803821e-01 6.424349659456410677e+00
7.254901960784313486e-01 4.956048938303078799e+00
7.294117647058823151e-01 4.482118215740356959e+00
7.333333333333332815e-01 5.533211437783554842e+00
7.372549019607843590e-01 6.122141497308267510e+00
7.411764705882353255e-01 5.757182038208214614e+00
7.450980392156862919e-01 6.240219020098768610e+00
7.490196078431372584e-01 7.243568973779399123e+00
7.529411764705882248e-01 5.269404198821305840e+00
7.568627450980391913e-01 6.641653534844428997e+00
7.607843137254901578e-01 5.076091067694056491e+00
7.647058823529411242e-01 4.513297395073564644e+00
7.686274509803920907e-01 7.350663695742643888e+00
7.725490196078431682e-01 5.775872054225496655e+00
7.764705882352941346e-01 5.211601022824534191e+00
7.803921568627451011e-01 4.570358704672398353e+00
7.843137254901960675e-01 5.672528600370468688e+00
7.882352941176470340e-01 5.213022544065410102e+00
7.921568627450980005e-01 5.523873405053485897e+00
7.960784313725489669e-01 5.199058628998416864e+00
8.000000000000000444e-01 3.294586867302542021e+00
8.039215686274510109e-01 5.077356437531935995e+00
8.078431372549019773e-01 4.371304634305886339e+00
8.117647058823529438e-01 5.926449207490155580e+00
8.156862745098039102e-01 3.968447006741972594e+00
8.196078431372548767e-01 5.739393380893121233e+00
8.235294117647058432e-01 5.986998245054642176e+00
8.274509803921568096e-01 4.355254945748387563e+00
8.313725490196077761e-01 4.519669700145349189e+00
8.352941176470588536e-01 4.662727830160382503e+00
8.392156862745098200e-01 4.048030778134807051e+00
8.431372549019607865e-01 5.083981191059375071e+00
8.470588235294117530e-01 2.428016773108105042e+00
8.509803921568627194e-01 4.908942753895208178e+00
8.549019607843136859e-01 4.372234219432640678e+00
8.588235294117646523e-01 5.952668615015248577e+00
8.627450980392157298e-01 5.414288907670648854e+00
8.666666666666666963e-01 5.124082999134111915e+00
8.705882352941176627e-01 5.001366445613213862e+00
8.745098039215686292e-01 4.214730374823098202e+00
8.784313725490195957e-01 4.405148379765145172e+00
8.823529411764705621e-01 5.968885131578836933e+00
8.862745098039215286e-01 3.419813318309349981e+00
8.901960784313724950e-01 4.350772674155362729e+00
8.941176470588234615e-01 5.518560131703186933e+00
8.980392156862745390e-01 4.857247076553174558e+00
9.019607843137255054e-01 4.676767083673122549e+00
9.058823529411764719e-01 4.530618992068555784e+00
9.098039215686274384e-01 4.875257204593324900e+00
9.137254901960784048e-01 5.938397038529910077e+00
9.176470588235293713e-01 6.269897816646034627e+00
9.215686274509803377e-01 4.915096593432942029e+00
9.254901960784314152e-01 5.013956169499459214e+00
9.294117647058823817e-01 6.783679918305166368e+00
9.333333333333333481e-01 5.085222530612120373e+00
9.372549019607843146e-01 4.907781548248618897e+00
9.411764705882352811e-01 3.754754314215547950e+00
9.450980392156862475e-01 6.507844878014618750e+00
9.490196078431372140e-01 4.517399734120499666e+00
9.529411764705881804e-01 5.675995941789747867e+00
9.568627450980391469e-01 6.789065951971337221e+00
9.607843137254902244e-01 5.011249858002588375e+00
9.647058823529411908e-01 4.062561943940134590e+00
9.686274509803921573e-01 5.606683335829966808e+00
9.725490196078431238e-01 4.703157705620254703e+00
9.764705882352940902e-01 4.715666888416396141e+00
9.803921568627450567e-01 6.151483594825802648e+00
9.843137254901960231e-01 4.752887347342652724e+00
9.882352941176471006e-01 5.828983937739661059e+00
9.921568627450980671e-01 5.860917540905282941e+00
9.960784313725490335e-01 4.501489741623933227e+00
1.000000000000000000e+00 7.228288001075965141e+00
