0.000000000000000000e+00 3.381769129156007470e+00
3.921568627450980338e-03 5.490807624325277914e+00
7.843137254901960675e-03 4.155580656261318673e+00
1.176470588235294101e-02 6.165439811784198199e+00
1.568627450980392135e-02 5.864270340165176343e+00
1.960784313725490169e-02 6.432764443203562443e+00
2.352941176470588203e-02 5.951323033471906498e+00
2.745098039215686236e-02 5.741672991560668571e+00
3.137254901960784270e-02 5.171323170424949822e+00
3.529411764705882304e-02 4.444972408020959165e+00
3.921568627450980338e-02 5.389588426891105399e+00
4.313725490196078372e-02 4.820355336274374736e+00
4.705882352941176405e-02 4.359274020877649924e+00
5.098039215686274439e-02 4.396427348789499590e+00
5.490196078431372473e-02 5.582332087266022036e+00
5.882352941176470507e-02 3.943285181797441474e+00
6.274509803921568540e-02 5.414160691950913318e+00
6.666666666666666574e-02 5.924996453029558907e+00
7.058823529411764608e-02 4.118413750920627336e+00
7.450980392156862642e-02 5.391758433145543705e+00
7.843137254901960675e-02 4.051645855395779705e+00
8.235294117647058709e-02 3.775129951494491820e+00
8.627450980392156743e-02 4.607868491159536006e+00
9.019607843137254777e-02 5.406841215179833959e+00
9.411764705882352811e-02 6.321135521355877529e+00
9.803921568627450844e-02 5.116584985549073927e+00
1.019607843137254888e-01 5.770856092949074423e+00
1.058823529411764691e-01 6.238083592973568514e+00
1.098039215686274495e-01 3.346380329918114072e+00
1.137254901960784298e-01 4.224362204068716764e+00
1.176470588235294101e-01 4.956013652034659600e+00
1.215686274509803905e-01 3.423491130080756228e+00
1.254901960784313708e-01 5.236394679418106435e+00
1.294117647058823373e-01 5.247121635403924067e+00
1.333333333333333315e-01 5.539604385095436179e+00
1.372549019607843257e-01 6.729828761271442694e+00
1.411764705882352922e-01 4.486727064879569404e+00
1.450980392156862586e-01 4.486229487044464115e+00
1.490196078431372528e-01 5.709318293674850331e+00
1.529411764705882470e-01 5.529661505128521171e+00
1.568627450980392135e-01 5.470438391686561985e+00
1.607843137254901800e-01 3.517499923592004585e+00
1.647058823529411742e-01 5.570666807737604032e+00
1.686274509803921684e-01 5.700172691524765689e+00
1.725490196078431349e-01 5.150784276034686471e+00
1.764705882352941013e-01 6.487168329363443675e+00
1.803921568627450955e-01 5.887667742458478237e+00
1.843137254901960898e-01 3.736480252697440108e+00
1.882352941176470562e-01 6.954890966528576968e+00
1.921568627450980227e-01 4.309537089822002898e+00
1.960784313725490169e-01 6.411218336426017572e+00
2.000000000000000111e-01 5.665849491155003470e+00
2.039215686274509776e-01 7.202564183049425139e+00
2.078431372549019440e-01 5.746368636722039014e+00
2.117647058823529382e-01 4.534240311917484334e+00
2.156862745098039325e-01 8.259010722139004557e+00
2.196078431372548989e-01 5.216776986785236936e+00
2.235294117647058654e-01 7.097060862356506128e+00
2.274509803921568596e-01 6.314255761706561110e+00
2.313725490196078538e-01 6.885554414665969958e+00
2.352941176470588203e-01 5.145822109261686705e+00
2.392156862745097867e-01 5.941801551148284233e+00
2.431372549019607809e-01 6.966825957982589301e+00
2.470588235294117752e-01 4.992970371156093989e+00
2.509803921568627416e-01 5.420960620540772545e+00
2.549019607843137081e-01 8.354992169525820245e+00
2.588235294117646745e-01 7.310641144660477764e+00
2.627450980392156965e-01 3.896199241195104968e+00
2.666666666666666630e-01 4.982380426218431246e+00
2.705882352941176294e-01 5.450193083247577341e+00
2.745098039215686514e-01 8.044686399005666289e+00
2.784313725490196179e-01 6.850810294882787588e+00
2.823529411764705843e-01 7.812542241709985902e+00
2.862745098039215508e-01 6.669776349579723984e+00
2.901960784313725172e-01 6.665781213663085403e+00
2.941176470588235392e-01 6.445274326104782681e+00
2.980392156862745057e-01 4.822707692060216544e+00
3.019607843137254721e-01 7.076464905564574082e+00
3.058823529411764941e-01 7.291291007257385992e+00
3.098039215686274606e-01 6.674521373373126565e+00
3.137254901960784270e-01 7.433176184986067803e+00
3.176470588235293935e-01 7.034375248847474893e+00
3.215686274509803599e-01 8.774449438696093395e+00
3.254901960784313819e-01 6.918571263358644252e+00
3.294117647058823484e-01 5.212236853667635117e+00
3.333333333333333148e-01 7.006684153934273240e+00
3.372549019607843368e-01 7.336967719434464463e+00
3.411764705882353033e-01 7.488204464479239597e+00
3.450980392156862697e-01 8.604927166009687767e+00
3.490196078431372362e-01 5.416442161568981284e+00
3.529411764705882026e-01 7.151950589506903100e+00
3.568627450980392246e-01 6.514843855621045066e+00
3.607843137254901911e-01 9.137447764734888622e+00
3.647058823529411575e-01 7.227901400044566493e+00
3.686274509803921795e-01 6.922027479881116996e+00
3.725490196078431460e-01 6.684543462851757489e+00
3.764705882352941124e-01 8.522775796314524754e+00
3.803921568627450789e-01 8.929899746354793777e+00
3.843137254901960453e-01 7.621110062205769253e+00
3.882352941176470673e-01 7.690894301658233623e+00
3.921568627450980338e-01 8.250760175498010440e+00
3.960784313725490002e-01 9.138060320996249430e+00
4.000000000000000222e-01 8.333140554997017446e+00
4.039215686274509887e-01 7.278918261921361044e+00
4.078431372549019551e-01 8.522253878278846173e+00
4.117647058823529216e-01 6.500078875026823688e+00
4.156862745098038880e-01 9.468759049189797494e+00
4.196078431372549100e-01 6.442883015783312572e+00
4.235294117647058765e-01 7.740342649440990819e+00
4.274509803921568429e-01 8.270309885742181066e+00
4.313725490196078649e-01 8.076844842226028831e+00
4.352941176470588314e-01 6.647336392247418679e+00
4.392156862745097978e-01 7.916419621235109005e+00
4.431372549019607643e-01 8.516937488402456680e+00
4.470588235294117307e-01 7.569982186904777421e+00
4.509803921568627527e-01 7.472768986809569469e+00
4.549019607843137192e-01 8.058817546225798267e+00
4.588235294117646856e-01 7.973506373638820754e+00
4.627450980392157076e-01 7.734013840128614703e+00
4.666666666666666741e-01 7.502435063864250964e+00
4.705882352941176405e-01 8.541046336355490709e+00
4.745098039215686070e-01 8.743896791051007256e+00
4.784313725490195734e-01 7.460790376951779379e+00
4.823529411764705954e-01 9.613400020295655324e+00
4.862745098039215619e-01 6.519855913469013053e+00
4.901960784313725283e-01 7.436901550628089552e+00
4.941176470588235503e-01 8.375860947036697368e+00
4.980392156862745168e-01 9.913270285331005738e+00
5.019607843137254832e-01 9.742640186036265249e+00
5.058823529411764497e-01 9.641668652197783018e+00
5.098039215686274161e-01 8.911959275364818467e+00
5.137254901960783826e-01 8.826923732977171255e+00
5.176470588235293491e-01 7.069066791791621895e+00
5.215686274509804266e-01 8.095251876202784302e+00
5.254901960784313930e-01 9.523818342902512057e+00
5.294117647058823595e-01 8.229324844031525643e+00
5.333333333333333259e-01 7.515440685577935653e+00
5.372549019607842924e-01 8.489661134946253185e+00
5.411764705882352589e-01 7.734553526878031882e+00
5.450980392156862253e-01 7.931308610820503979e+00
5.490196078431373028e-01 9.253720707384916366e+00
5.529411764705882693e-01 7.841843279885737594e+00
5.568627450980392357e-01 1.052629113644552028e+01
5.607843137254902022e-01 9.303683414442936339e+00
5.647058823529411686e-01 9.003015046976997837e+00
5.686274509803921351e-01 9.504473077006736048e+00
5.725490196078431016e-01 7.488033001548734191e+00
5.764705882352940680e-01 7.903360776893803674e+00
5.803921568627450345e-01 8.598257124222417502e+00
5.843137254901961120e-01 7.082751006875694699e+00
5.882352941176470784e-01 7.392077527005034732e+00
5.921568627450980449e-01 8.515781224305680297e+00
5.960784313725490113e-01 8.568968840054932201e+00
5.999999999999999778e-01 7.629496680655238450e+00
6.039215686274509443e-01 8.061255954278600200e+00
6.078431372549019107e-01 8.670416636030184421e+00
6.117647058823529882e-01 8.272744731056379308e+00
6.156862745098039547e-01 7.918431673924740011e+00
6.196078431372549211e-01 6.993377945144704455e+00
6.235294117647058876e-01 7.716316245656293482e+00
6.274509803921568540e-01 8.599358426562968560e+00
6.313725490196078205e-01 7.188471032234700075e+00
6.352941176470587870e-01 1.116821723655604792e+01
6.392156862745097534e-01 9.085632023120018275e+00
6.431372549019607199e-01 9.139688571074039203e+00
6.470588235294117974e-01 8.948502003208538724e+00
6.509803921568627638e-01 7.759069184358025950e+00
6.549019607843137303e-01 7.281713014084374436e+00
6.588235294117646967e-01 6.449517903699845789e+00
6.627450980392156632e-01 7.755320324395254872e+00
6.666666666666666297e-01 5.886506311850626005e+00
6.705882352941175961e-01 7.006322966950380149e+00
6.745098039215686736e-01 7.183988969280600934e+00
6.784313725490196401e-01 7.841696173928386138e+00
6.823529411764706065e-01 7.528326138475786244e+00
6.862745098039215730e-01 7.239284758659359831e+00
6.901960784313725394e-01 6.409541734015856029e+00
6.941176470588235059e-01 7.140811031383873519e+00
6.980392156862744724e-01 7.540996336286247548e+00
7.019607843137254388e-01 6.784427548293368027e+00
7.058823529411764053e-01 7.018478262630151399e+00
7.098039215686274828e-01 6.881323614791615029e+00
7.137254901960784492e-01 8.412065900773258775e+00
7.176470588235294157e-01 6.773904658426692649e+00
7.215686274509803821e-01 6.845298902705076571e+00
7.254901960784313486e-01 5.917249741462945245e+00
7.294117647058823151e-01 6.394275388372984814e+00
7.333333333333332815e-01 7.485818593781735864e+00
7.372549019607843590e-01 7.792609520827429748e+00
7.411764705882353255e-01 7.682288076733147619e+00
7.450980392156862919e-01 6.008845710901867143e+00
7.490196078431372584e-01 7.310478742938487429e+00
7.529411764705882248e-01 5.860879466742978217e+00
7.568627450980391913e-01 6.495117447351474560e+00
7.607843137254901578e-01 7.675934006153912748e+00
7.647058823529411242e-01 5.339122387949013060e+00
7.686274509803920907e-01 7.436231229364087092e+00
7.725490196078431682e-01 5.621025691226296139e+00
7.764705882352941346e-01 5.037845448354866917e+00
7.803921568627451011e-01 6.251151421382910023e+00
7.843137254901960675e-01 6.980791193291434382e+00
7.882352941176470340e-01 6.665090644904974049e+00
7.921568627450980005e-01 6.352553049020923659e+00
7.960784313725489669e-01 6.396099114159564003e+00
8.000000000000000444e-01 6.341069789331776008e+00
8.039215686274510109e-01 7.023231790149825571e+00
8.078431372549019773e-01 6.781569371656853917e+00
8.117647058823529438e-01 7.541716040452170589e+00
8.156862745098039102e-01 5.460525494192183693e+00
8.196078431372548767e-01 5.433194794309475384e+00
8.235294117647058432e-01 5.924953139909152178e+00
8.274509803921568096e-01 8.078843625256874716e+00
8.313725490196077761e-01 5.216573324461210248e+00
8.352941176470588536e-01 6.725464900978796123e+00
8.392156862745098200e-01 6.853030092172991417e+00
8.431372549019607865e-01 6.651244437708758284e+00
8.470588235294117530e-01 5.350061694919109101e+00
8.509803921568627194e-01 6.719526656600192993e+00
8.549019607843136859e-01 5.897315256659021898e+00
8.588235294117646523e-01 6.601145021643143096e+00
8.627450980392157298e-01 4.775823108444039455e+00
8.666666666666666963e-01 6.469349899579349028e+00
8.705882352941176627e-01 3.543235460615319354e+00
8.745098039215686292e-01 5.330594860575054383e+00
8.784313725490195957e-01 6.574584713246676593e+00
8.823529411764705621e-01 5.481777464898867969e+00
8.862745098039215286e-01 6.131181887025654476e+00
8.901960784313724950e-01 5.749490260513846707e+00
8.941176470588234615e-01 4.637240210314883093e+00
8.980392156862745390e-01 4.419448166966647662e+00
9.019607843137255054e-01 4.310904552237722065e+00
9.058823529411764719e-01 5.358228554044873526e+00
9.098039215686274384e-01 6.349032465469433006e+00
9.137254901960784048e-01 5.602983762004849488e+00
9.176470588235293713e-01 3.794404264025470930e+00
9.215686274509803377e-01 5.140234880880089285e+00
9.254901960784314152e-01 4.828579376729745576e+00
9.294117647058823817e-01 4.590304301316073143e+00
9.333333333333333481e-01 4.983270530586341174e+00
9.372549019607843146e-01 4.845602432874906995e+00
9.411764705882352811e-01 6.209562385775514670e+00
9.450980392156862475e-01 4.152132877313707837e+00
9.490196078431372140e-01 6.885463840347670228e+00
9.529411764705881804e-01 5.399779012012490220e+00
9.568627450980391469e-01 6.372832648413148782e+00
9.607843137254902244e-01 5.814240988982534830e+00
9.647058823529411908e-01 6.191862799992232880e+00
9.686274509803921573e-01 5.443697263102698969e+00
9.725490196078431238e-01 5.675894188938916507e+00
9.764705882352940902e-01 5.454529322083292442e+00
9.803921568627450567e-01 6.253389087204255681e+00
9.843137254901960231e-01 7.153852007440935523e+00
9.882352941176471006e-01 5.677555039846775564e+00
9.921568627450980671e-01 8.029179308356610534e+00
9.960784313725490335e-01 5.521115555014040055e+00
1.000000000000000000e+00 5.200075395573317216e+00
