0.000000000000000000e+00 1.709238054543770646e+00
3.921568627450980338e-03 1.748646930134407196e+00
7.843137254901960675e-03 2.443494345843503446e+00
1.176470588235294101e-02 3.787801144540579479e+00
1.568627450980392135e-02 1.275430705292008193e+00
1.960784313725490169e-02 1.451486352489698817e+00
2.352941176470588203e-02 5.842188893115984882e-02
2.745098039215686236e-02 2.204188462926284675e+00
3.137254901960784270e-02 1.417213859082387728e+00
3.529411764705882304e-02 -7.048195255149503069e-02
3.921568627450980338e-02 6.781700869732405490e-01
4.313725490196078372e-02 2.342033361680472492e+00
4.705882352941176405e-02 5.833398866772376845e-01
5.098039215686274439e-02 1.140866550236967925e+00
5.490196078431372473e-02 4.020107423073737252e+00
5.882352941176470507e-02 8.822862817362818744e-01
6.274509803921568540e-02 2.991186208661842372e+00
6.666666666666666574e-02 1.564709975429593003e+00
7.058823529411764608e-02 1.888929129275413121e+00
7.450980392156862642e-02 -1.030342292610737509e+00
7.843137254901960675e-02 2.756670042798589293e+00
8.235294117647058709e-02 3.972931101467946924e-01
8.627450980392156743e-02 3.002741826313872764e-01
9.019607843137254777e-02 3.320891269827504821e+00
9.411764705882352811e-02 2.659918006406534197e+00
9.803921568627450844e-02 1.982695165103325330e-01
1.019607843137254888e-01 1.630792978395287918e-01
1.058823529411764691e-01 1.728101883604182598e+00
1.098039215686274495e-01 2.031837580532345200e+00
1.137254901960784298e-01 2.877453962952420952e+00
1.176470588235294101e-01 1.638624532334707062e+00
1.215686274509803905e-01 5.048766741019534710e-01
1.254901960784313708e-01 9.355156074700506919e-01
1.294117647058823373e-01 3.103632450200759507e+00
1.333333333333333315e-01 2.286929988982086215e+00
1.372549019607843257e-01 8.128052426164638078e-01
1.411764705882352922e-01 3.207540116998189639e+00
1.450980392156862586e-01 2.267760108695959342e+00
1.490196078431372528e-01 6.628455372511404819e-01
1.529411764705882470e-01 1.581517119663768955e+00
1.568627450980392135e-01 2.166587460763547135e+00
1.607843137254901800e-01 1.911562026783208523e+00
1.647058823529411742e-01 1.036950066512020152e+00
1.686274509803921684e-01 2.625859453655416953e-01
1.725490196078431349e-01 1.042628655898321988e+00
1.764705882352941013e-01 -1.848875873065369824e-02
1.803921568627450955e-01 1.728696641272694512e+00
1.843137254901960898e-01 2.952272220148246085e+00
1.882352941176470562e-01 2.327284834386790457e+00
1.921568627450980227e-01 2.228625514594000823e+00
1.960784313725490169e-01 1.898740115386743810e+00
2.000000000000000111e-01 6.385742179872435642e-01
2.039215686274509776e-01 2.490576462142201297e+00
2.078431372549019440e-01 2.538185580522373197e+00
2.117647058823529382e-01 1.633001419468922855e+00
2.156862745098039325e-01 1.486871246652977874e+00
2.196078431372548989e-01 1.695741535018927548e+00
2.235294117647058654e-01 1.813362838731352289e+00
2.274509803921568596e-01 -7.951667891773119834e-01
2.313725490196078538e-01 9.461024529887442913e-01
2.352941176470588203e-01 3.539086741039159989e+00
2.392156862745097867e-01 6.686596216655622538e-01
2.431372549019607809e-01 1.634288561124657368e+00
2.470588235294117752e-01 2.939469162545210956e+00
2.509803921568627416e-01 1.428077194735687394e+00
2.549019607843137081e-01 1.093955198806825901e+00
2.588235294117646745e-01 1.555955475138584232e+00
2.627450980392156965e-01 8.827719666477327198e-01
2.666666666666666630e-01 1.179285565791789558e+00
2.705882352941176294e-01 3.072861978181626430e+00
2.745098039215686514e-01 7.175044578046005928e-01
2.784313725490196179e-01 3.960327107684721959e+00
2.823529411764705843e-01 1.456502201860307322e+00
2.862745098039215508e-01 1.292341152882907851e+00
2.901960784313725172e-01 1.199223199410511143e+00
2.941176470588235392e-01 1.078447146854149663e+00
2.980392156862745057e-01 2.898862914558937298e+00
3.019607843137254721e-01 1.228334268736964496e+00
3.058823529411764941e-01 1.683975809243032362e+00
3.098039215686274606e-01 2.371212303805950938e+00
3.137254901960784270e-01 1.945080595381657007e+00
3.176470588235293935e-01 3.029259883621148841e+00
3.215686274509803599e-01 3.385732798770131780e+00
3.254901960784313819e-01 2.703288987750601891e+00
3.294117647058823484e-01 3.594079369953568026e+00
3.333333333333333148e-01 2.692991682939901654e+00
3.372549019607843368e-01 1.950894634737365685e-01
3.411764705882353033e-01 1.385971597412118506e+00
3.450980392156862697e-01 1.338919314762585966e+00
3.490196078431372362e-01 8.804087700670519823e-01
3.529411764705882026e-01 1.887245020502219539e+00
3.568627450980392246e-01 2.543062901660518627e+00
3.607843137254901911e-01 2.328207837188096541e+00
3.647058823529411575e-01 1.003950458826024406e+00
3.686274509803921795e-01 1.349619836190203204e+00
3.725490196078431460e-01 2.477707201904788992e+00
3.764705882352941124e-01 1.177956522191998534e+00
3.803921568627450789e-01 1.219106503365460892e+00
3.843137254901960453e-01 2.253179645430741118e+00
3.882352941176470673e-01 2.675107479341449768e+00
3.921568627450980338e-01 8.959323689066363006e-01
3.960784313725490002e-01 2.316055314729342562e+00
4.000000000000000222e-01 2.201070404988947349e+00
4.039215686274509887e-01 1.908625902592383516e+00
4.078431372549019551e-01 -3.399857894467639419e-02
4.117647058823529216e-01 2.278006812987596774e+00
4.156862745098038880e-01 5.678006831123577847e+00
4.196078431372549100e-01 1.311163918037629550e+00
4.235294117647058765e-01 2.980088290524512296e+00
4.274509803921568429e-01 2.144563889945486412e+00
4.313725490196078649e-01 2.212971899145582455e+00
4.352941176470588314e-01 2.452614450331060514e+00
4.392156862745097978e-01 6.125012958131119678e-01
4.431372549019607643e-01 1.611989493947731278e+00
4.470588235294117307e-01 2.436630890480606659e+00
4.509803921568627527e-01 9.068198060983301279e-01
4.549019607843137192e-01 3.443626504333178850e+00
4.588235294117646856e-01 2.432055296300291491e+00
4.627450980392157076e-01 2.447246562034387285e+00
4.666666666666666741e-01 2.465578287205075103e+00
4.705882352941176405e-01 1.855540872796319629e+00
4.745098039215686070e-01 2.897701417061928186e+00
4.784313725490195734e-01 2.966974689521387099e+00
4.823529411764705954e-01 3.930364575113285852e+00
4.862745098039215619e-01 1.923177446952562430e+00
4.901960784313725283e-01 2.975316669542838799e+00
4.941176470588235503e-01 2.841824247879690901e+00
4.980392156862745168e-01 2.537315846674140118e+00
5.019607843137254832e-01 3.052884186888383589e+00
5.058823529411764497e-01 8.261423809895676040e-01
5.098039215686274161e-01 3.260595437593989843e+00
5.137254901960783826e-01 3.290464343282480275e+00
5.176470588235293491e-01 2.242661110860631357e+00
5.215686274509804266e-01 1.442070361391170064e+00
5.254901960784313930e-01 1.560690739278203676e+00
5.294117647058823595e-01 1.905473332253563079e+00
5.333333333333333259e-01 3.336404005960937447e+00
5.372549019607842924e-01 1.912734305422718606e+00
5.411764705882352589e-01 1.881987997872313079e+00
5.450980392156862253e-01 2.927112971866090430e+00
5.490196078431373028e-01 3.107260711329269842e+00
5.529411764705882693e-01 2.625003984269185242e+00
5.568627450980392357e-01 2.033240001649322615e+00
5.607843137254902022e-01 1.689057007373264474e+00
5.647058823529411686e-01 2.664499505576426230e+00
5.686274509803921351e-01 7.745930935257345773e-01
5.725490196078431016e-01 1.512321919186268460e+00
5.764705882352940680e-01 -3.236719120012776507e-02
5.803921568627450345e-01 6.311472349160587303e-01
5.843137254901961120e-01 2.097062640834304936e+00
5.882352941176470784e-01 1.903579314470054795e+00
5.921568627450980449e-01 1.521448631173815569e+00
5.960784313725490113e-01 3.406552555362219348e+00
5.999999999999999778e-01 2.185329741977532603e+00
6.039215686274509443e-01 -5.935854946808525323e-01
6.078431372549019107e-01 9.325876525987807364e-01
6.117647058823529882e-01 2.634894002824873738e+00
6.156862745098039547e-01 9.322774965119619006e-01
6.196078431372549211e-01 1.378857676278573363e+00
6.235294117647058876e-01 -3.652194044655132643e-01
6.274509803921568540e-01 8.142438572050685330e-01
6.313725490196078205e-01 5.882807232290125921e-01
6.352941176470587870e-01 2.013655674615505653e+00
6.392156862745097534e-01 3.227926181319633603e-01
6.431372549019607199e-01 1.410602081620864867e+00
6.470588235294117974e-01 3.140495373194263085e-01
6.509803921568627638e-01 2.751762091528937137e+00
6.549019607843137303e-01 8.867687170670254249e-01
6.588235294117646967e-01 2.225629039881868998e+00
6.627450980392156632e-01 1.186531701996177857e+00
6.666666666666666297e-01 3.148966255613019349e+00
6.705882352941175961e-01 1.736220258329090438e+00
6.745098039215686736e-01 2.665161981509986511e+00
6.784313725490196401e-01 3.885897167262679197e+00
6.823529411764706065e-01 1.260034539876004667e+00
6.862745098039215730e-01 2.055899956780827154e+00
6.901960784313725394e-01 8.331203008258469822e-01
6.941176470588235059e-01 1.733523467537256613e+00
6.980392156862744724e-01 1.413550558225948883e+00
7.019607843137254388e-01 7.015718718446583013e-01
7.058823529411764053e-01 1.285125991727375183e+00
7.098039215686274828e-01 1.581397236461596467e+00
7.137254901960784492e-01 1.955453779664644509e+00
7.176470588235294157e-01 1.267613836967496965e+00
7.215686274509803821e-01 2.011878419954312491e+00
7.254901960784313486e-01 6.782804597948863812e-01
7.294117647058823151e-01 1.234375809212094000e+00
7.333333333333332815e-01 8.234343117879852070e-01
7.372549019607843590e-01 1.639440421513067792e+00
7.411764705882353255e-01 2.249975901779578180e+00
7.450980392156862919e-01 6.927728161351658365e-01
7.490196078431372584e-01 2.295798432637770503e+00
7.529411764705882248e-01 1.094970376473400009e+00
7.568627450980391913e-01 2.183077151191588960e+00
7.607843137254901578e-01 1.092758069960438227e+00
7.647058823529411242e-01 1.058924466348492910e+00
7.686274509803920907e-01 1.948304710103785364e-01
7.725490196078431682e-01 5.990989306895785349e-01
7.764705882352941346e-01 2.484757385921792849e+00
7.803921568627451011e-01 9.023978722456249546e-01
7.843137254901960675e-01 2.231861435770281066e+00
7.882352941176470340e-01 2.256253234971622224e+00
7.921568627450980005e-01 4.326560759349284968e-01
7.960784313725489669e-01 1.999551310194483955e+00
8.000000000000000444e-01 1.953222681415340833e-01
8.039215686274510109e-01 5.319992520738402453e-01
8.078431372549019773e-01 1.119429187937815762e+00
8.117647058823529438e-01 -3.989833051634150696e-01
8.156862745098039102e-01 2.473549930397632934e+00
8.196078431372548767e-01 7.182339070550025628e-01
8.235294117647058432e-01 -6.974109513358397461e-01
8.274509803921568096e-01 6.674736875480264953e-01
8.313725490196077761e-01 1.054731240551568971e+00
8.352941176470588536e-01 1.662870152815681069e+00
8.392156862745098200e-01 -1.589245816311327442e+00
8.431372549019607865e-01 2.067212654095181623e+00
8.470588235294117530e-01 2.672344190080856663e+00
8.509803921568627194e-01 1.404737145200046999e+00
8.549019607843136859e-01 7.187065755956172364e-01
8.588235294117646523e-01 1.031060494927290350e+00
8.627450980392157298e-01 1.501521522277064591e+00
8.666666666666666963e-01 1.649357586187591540e+00
8.705882352941176627e-01 4.505640064824195101e-01
8.745098039215686292e-01 2.696819858406149351e+00
8.784313725490195957e-01 4.577332074463753564e-01
8.823529411764705621e-01 1.373341823318722899e+00
8.862745098039215286e-01 3.392919601453588396e-01
8.901960784313724950e-01 2.580085581491717406e+00
8.941176470588234615e-01 -4.190509850096724165e-01
8.980392156862745390e-01 1.194702514430676654e-01
9.019607843137255054e-01 -9.192939876260060039e-01
9.058823529411764719e-01 7.591996475742047723e-01
9.098039215686274384e-01 -4.981925155416210282e-01
9.137254901960784048e-01 1.986394304332077754e+00
9.176470588235293713e-01 -2.411202864656920575e-01
9.215686274509803377e-01 6.043150249997673029e-01
9.254901960784314152e-01 8.802750078614475227e-01
9.294117647058823817e-01 1.327089017444722963e+00
9.333333333333333481e-01 2.623662227001697822e+00
9.372549019607843146e-01 4.263394500958997968e-01
9.411764705882352811e-01 -9.395779808116011544e-03
9.450980392156862475e-01 2.108773358803918363e+00
9.490196078431372140e-01 -3.393793034674557063e-01
9.529411764705881804e-01 2.089717783530311124e+00
9.568627450980391469e-01 1.205369688736014799e+00
9.607843137254902244e-01 1.893289840628293419e+00
9.647058823529411908e-01 1.655769297601516810e+00
9.686274509803921573e-01 -1.402247704985646548e+00
9.725490196078431238e-01 2.805196231225488002e-01
9.764705882352940902e-01 -5.098451045620028266e-02
9.803921568627450567e-01 -8.340269563652809026e-01
9.843137254901960231e-01 9.190452806097738625e-01
9.882352941176471006e-01 -6.614147257446304495e-01
9.921568627450980671e-01 2.122097655711937314e+00
9.960784313725490335e-01 -6.843724090753657840e-01
1.000000000000000000e+00 -1.272782412792005102e+00
