0.000000000000000000e+00 2.677195019589362790e+00
3.921568627450980338e-03 3.006297673633322010e+00
7.843137254901960675e-03 2.495206791818920244e+00
1.176470588235294101e-02 2.681963626997646788e+00
1.568627450980392135e-02 2.528246432550107059e+00
1.960784313725490169e-02 2.552318707569877887e+00
2.352941176470588203e-02 2.232366243434772635e+00
2.745098039215686236e-02 2.518706718832666169e+00
3.137254901960784270e-02 -2.978919628738507797e-01
3.529411764705882304e-02 1.555427719583037938e+00
3.921568627450980338e-02 2.656717957195083635e+00
4.313725490196078372e-02 2.854978386202315921e+00
4.705882352941176405e-02 1.902965515921166251e+00
5.098039215686274439e-02 3.027051892780348918e+00
5.490196078431372473e-02 2.719628684559781906e+00
5.882352941176470507e-02 4.276480002027828853e+00
6.274509803921568540e-02 1.754308052107970362e+00
6.666666666666666574e-02 2.764910248118556790e+00
7.058823529411764608e-02 4.846634712413020907e+00
7.450980392156862642e-02 2.281760737802185801e+00
7.843137254901960675e-02 2.473154238104555258e+00
8.235294117647058709e-02 3.228381805070729804e+00
8.627450980392156743e-02 2.972108408204182872e+00
9.019607843137254777e-02 3.342939851360221759e+00
9.411764705882352811e-02 3.082822936435343664e+00
9.803921568627450844e-02 3.136766589935775951e+00
1.019607843137254888e-01 4.171044216131413407e+00
1.058823529411764691e-01 4.292679259983771978e+00
1.098039215686274495e-01 2.316716696468732017e+00
1.137254901960784298e-01 3.370378833556584297e+00
1.176470588235294101e-01 3.884856042676636534e+00
1.215686274509803905e-01 4.278878839202539197e+00
1.254901960784313708e-01 3.157563489010163593e+00
1.294117647058823373e-01 4.704530522663530334e+00
1.333333333333333315e-01 2.416983159378878643e+00
1.372549019607843257e-01 3.581116893603897289e+00
1.411764705882352922e-01 4.170717859438584085e+00
1.450980392156862586e-01 3.939458352429058507e+00
1.490196078431372528e-01 4.405046438231156714e+00
1.529411764705882470e-01 2.958690446269972352e+00
1.568627450980392135e-01 2.079903443601890167e+00
1.607843137254901800e-01 2.136205786958558228e+00
1.647058823529411742e-01 3.233596696274311899e+00
1.686274509803921684e-01 4.971664503015235326e+00
1.725490196078431349e-01 4.104110537446207019e+00
1.764705882352941013e-01 3.468252068091610241e+00
1.803921568627450955e-01 3.108798288129472454e+00
1.843137254901960898e-01 2.747893305172040002e+00
1.882352941176470562e-01 3.816514011908055615e+00
1.921568627450980227e-01 5.249838209996115168e+00
1.960784313725490169e-01 3.145957720059456619e+00
2.000000000000000111e-01 2.304646232154182073e+00
2.039215686274509776e-01 3.525928128465654066e+00
2.078431372549019440e-01 4.755791924994571040e+00
2.117647058823529382e-01 4.021493365326324287e+00
2.156862745098039325e-01 3.010483525080243083e+00
2.196078431372548989e-01 4.394644508918271519e+00
2.235294117647058654e-01 4.385398878789653843e+00
2.274509803921568596e-01 3.375088688994395625e+00
2.313725490196078538e-01 3.863192549520921393e+00
2.352941176470588203e-01 4.703643688439948178e+00
2.392156862745097867e-01 3.136803491235255592e+00
2.431372549019607809e-01 3.438923509504338227e+00
2.470588235294117752e-01 4.530248721827394576e+00
2.509803921568627416e-01 3.025931198035906267e+00
2.549019607843137081e-01 4.569852602683675435e+00
2.588235294117646745e-01 5.741635904198040485e+00
2.627450980392156965e-01 2.436574654065187140e+00
2.666666666666666630e-01 4.112730572602211865e+00
2.705882352941176294e-01 4.755450123429179499e+00
2.745098039215686514e-01 4.095229348452864571e+00
2.784313725490196179e-01 3.542341471493789307e+00
2.823529411764705843e-01 5.055757013147797352e+00
2.862745098039215508e-01 3.626523373933694838e+00
2.901960784313725172e-01 3.729184723159591819e+00
2.941176470588235392e-01 4.051464627431976773e+00
2.980392156862745057e-01 4.405091884135933000e+00
3.019607843137254721e-01 4.806677016239579991e+00
3.058823529411764941e-01 4.515937139113246346e+00
3.098039215686274606e-01 4.468620091338423528e+00
3.137254901960784270e-01 2.994333569735284861e+00
3.176470588235293935e-01 4.144072362178632396e+00
3.215686274509803599e-01 4.485191732020327393e+00
3.254901960784313819e-01 3.905292825079825114e+00
3.294117647058823484e-01 4.354234599713560527e+00
3.333333333333333148e-01 2.707411406106610130e+00
3.372549019607843368e-01 4.889042352208250009e+00
3.411764705882353033e-01 5.813649571361857227e+00
3.450980392156862697e-01 4.454195907050636727e+00
3.490196078431372362e-01 3.815778730960555531e+00
3.529411764705882026e-01 3.993124447178060255e+00
3.568627450980392246e-01 6.002687469704400591e+00
3.607843137254901911e-01 4.707917935648210594e+00
3.647058823529411575e-01 6.517218781541030737e+00
3.686274509803921795e-01 4.296556365805653144e+00
3.725490196078431460e-01 2.740582366152342964e+00
3.764705882352941124e-01 3.817306616962055532e+00
3.803921568627450789e-01 5.331613380031523519e+00
3.843137254901960453e-01 4.626486040812092249e+00
3.882352941176470673e-01 4.326973250753574973e+00
3.921568627450980338e-01 3.592857022939250911e+00
3.960784313725490002e-01 4.342984866556330203e+00
4.000000000000000222e-01 5.638025002863072288e+00
4.039215686274509887e-01 2.665884918678536941e+00
4.078431372549019551e-01 5.836792931831524811e+00
4.117647058823529216e-01 4.082495213713992044e+00
4.156862745098038880e-01 6.197415673226329247e+00
4.196078431372549100e-01 2.596737867674732136e+00
4.235294117647058765e-01 2.749214670706933372e+00
4.274509803921568429e-01 5.562910452180002352e+00
4.313725490196078649e-01 3.006963787867685589e+00
4.352941176470588314e-01 5.526705523187978031e+00
4.392156862745097978e-01 5.367297106218045677e+00
4.431372549019607643e-01 5.043246937694123133e+00
4.470588235294117307e-01 4.679548345605051729e+00
4.509803921568627527e-01 3.343578746313362160e+00
4.549019607843137192e-01 5.452926973292084867e+00
4.588235294117646856e-01 4.485917921475523151e+00
4.627450980392157076e-01 5.823720926926053920e+00
4.666666666666666741e-01 5.219768833644550021e+00
4.705882352941176405e-01 3.577505158100513505e+00
4.745098039215686070e-01 5.881577838044782958e+00
4.784313725490195734e-01 4.311319691134028353e+00
4.823529411764705954e-01 4.323258684532502727e+00
4.862745098039215619e-01 3.457474874541604848e+00
4.901960784313725283e-01 2.893677349694332435e+00
4.941176470588235503e-01 4.001941003925908902e+00
4.980392156862745168e-01 4.208013490763669928e+00
5.019607843137254832e-01 3.544634491395007192e+00
5.058823529411764497e-01 5.724601779298674309e+00
5.098039215686274161e-01 4.497256167300824892e+00
5.137254901960783826e-01 4.240343573128373400e+00
5.176470588235293491e-01 4.743063702832980510e+00
5.215686274509804266e-01 4.198649832772701096e+00
5.254901960784313930e-01 5.109324761885081223e+00
5.294117647058823595e-01 5.374147185854420528e+00
5.333333333333333259e-01 3.540652747740862694e+00
5.372549019607842924e-01 3.973359706699404637e+00
5.411764705882352589e-01 5.811297854222764236e+00
5.450980392156862253e-01 4.073565270313429743e+00
5.490196078431373028e-01 4.743836155129396381e+00
5.529411764705882693e-01 4.549854316163908230e+00
5.568627450980392357e-01 4.906453489199577689e+00
5.607843137254902022e-01 4.930590174188645314e+00
5.647058823529411686e-01 6.690997984077754701e+00
5.686274509803921351e-01 5.100099351622135124e+00
5.725490196078431016e-01 4.298428432335367866e+00
5.764705882352940680e-01 4.080315857008693925e+00
5.803921568627450345e-01 5.496475008291604958e+00
5.843137254901961120e-01 3.155084702450053236e+00
5.882352941176470784e-01 4.872972547407742105e+00
5.921568627450980449e-01 4.430284283506727760e+00
5.960784313725490113e-01 5.366942921322729099e+00
5.999999999999999778e-01 5.257683268656371922e+00
6.039215686274509443e-01 4.275511850950455717e+00
6.078431372549019107e-01 2.707427030662925116e+00
6.117647058823529882e-01 6.016865456573453841e+00
6.156862745098039547e-01 3.358316012363282699e+00
6.196078431372549211e-01 5.759431993068094613e+00
6.235294117647058876e-01 4.474611885936110589e+00
6.274509803921568540e-01 3.814146142387802030e+00
6.313725490196078205e-01 4.507009298761377458e+00
6.352941176470587870e-01 6.005936570591009271e+00
6.392156862745097534e-01 3.261533138610367644e+00
6.431372549019607199e-01 3.492547274634916654e+00
6.470588235294117974e-01 4.134350354496043600e+00
6.509803921568627638e-01 5.835948457848674664e+00
6.549019607843137303e-01 5.869246766733482445e+00
6.588235294117646967e-01 4.966078182058200063e+00
6.627450980392156632e-01 3.941379892991884404e+00
6.666666666666666297e-01 4.319826982779960467e+00
6.705882352941175961e-01 5.815197978309036841e+00
6.745098039215686736e-01 4.464456703040152519e+00
6.784313725490196401e-01 3.242400035887469389e+00
6.823529411764706065e-01 6.620613697830715516e+00
6.862745098039215730e-01 6.100012430002273334e+00
6.901960784313725394e-01 5.847966310106770038e+00
6.941176470588235059e-01 3.849198823992723284e+00
6.980392156862744724e-01 4.471846211917904768e+00
7.019607843137254388e-01 4.464283198847047274e+00
7.058823529411764053e-01 5.630721127333629283e+00
7.098039215686274828e-01 4.309273801026565209e+00
7.137254901960784492e-01 4.603786540462605714e+00
7.176470588235294157e-01 2.842946375315321461e+00
7.215686274509803821e-01 4.866021467914245058e+00
7.254901960784313486e-01 4.661243051729758058e+00
7.294117647058823151e-01 4.794006507536600736e+00
7.333333333333332815e-01 4.155830202666421336e+00
7.372549019607843590e-01 5.526202374840940124e+00
7.411764705882353255e-01 4.602894358266930830e+00
7.450980392156862919e-01 3.701903085914126201e+00
7.490196078431372584e-01 3.810937893571868518e+00
7.529411764705882248e-01 2.716668536768320763e+00
7.568627450980391913e-01 3.869530138545483222e+00
7.607843137254901578e-01 3.664365718210341072e+00
7.647058823529411242e-01 4.238237285161688739e+00
7.686274509803920907e-01 4.282677951804141792e+00
7.725490196078431682e-01 4.772729374180773476e+00
7.764705882352941346e-01 4.821761184873580852e+00
7.803921568627451011e-01 4.303495068548180313e+00
7.843137254901960675e-01 3.832151473099035144e+00
7.882352941176470340e-01 1.771714146026150516e+00
7.921568627450980005e-01 3.252977558182934104e+00
7.960784313725489669e-01 2.739717731813262169e+00
8.000000000000000444e-01 2.845404079338566650e+00
8.039215686274510109e-01 3.958455582856078792e+00
8.078431372549019773e-01 3.898182669970069902e+00
8.117647058823529438e-01 4.017585246917968256e+00
8.156862745098039102e-01 5.834490777747731727e+00
8.196078431372548767e-01 5.178925363136387183e+00
8.235294117647058432e-01 4.958254367441799815e+00
8.274509803921568096e-01 3.871217218925238068e+00
8.313725490196077761e-01 3.114060850982875550e+00
8.352941176470588536e-01 4.484470093206755159e+00
8.392156862745098200e-01 8.974547865407056513e-01
8.431372549019607865e-01 5.422359392995856453e+00
8.470588235294117530e-01 5.588025061055110321e+00
8.509803921568627194e-01 2.210368227143252984e+00
8.549019607843136859e-01 3.750017876577513398e+00
8.588235294117646523e-01 3.479588956937953004e+00
8.627450980392157298e-01 2.718024162059656579e+00
8.666666666666666963e-01 3.223372030400927013e+00
8.705882352941176627e-01 2.272247357488119235e+00
8.745098039215686292e-01 2.065579009703665925e+00
8.784313725490195957e-01 3.177863613432479806e+00
8.823529411764705621e-01 1.894730923927532507e+00
8.862745098039215286e-01 4.430785572853977783e+00
8.901960784313724950e-01 1.660934177177313176e+00
8.941176470588234615e-01 2.925205428295566623e+00
8.980392156862745390e-01 1.315896916782823167e+00
9.019607843137255054e-01 2.999761801786957172e+00
9.058823529411764719e-01 3.831505264658862320e+00
9.098039215686274384e-01 2.244695145393466262e+00
9.137254901960784048e-01 2.964993248671231374e+00
9.176470588235293713e-01 4.257731116472069033e+00
9.215686274509803377e-01 3.663507318184603179e+00
9.254901960784314152e-01 2.512000399873373535e+00
9.294117647058823817e-01 3.629622411102211288e+00
9.333333333333333481e-01 2.862103241188789227e+00
9.372549019607843146e-01 4.423262415410469828e+00
9.411764705882352811e-01 2.370247848530466328e+00
9.450980392156862475e-01 3.368123290206229470e+00
9.490196078431372140e-01 4.817648099086978775e+00
9.529411764705881804e-01 3.161112169464699306e+00
9.568627450980391469e-01 1.499381863590154129e+00
9.607843137254902244e-01 3.021313630767863412e+00
9.647058823529411908e-01 2.728576055464423611e+00
9.686274509803921573e-01 2.623517702602859103e+00
9.725490196078431238e-01 2.566410954250986975e+00
9.764705882352940902e-01 1.534414655014407991e+00
9.803921568627450567e-01 3.403998823796526185e+00
9.843137254901960231e-01 3.075792687632791900e+00
9.882352941176471006e-01 2.066004684846284523e+00
9.921568627450980671e-01 3.758297300367558602e+00
9.960784313725490335e-01 7.503922037094428177e-01
1.000000000000000000e+00 1.427142336515504928e+00
