0.000000000000000000e+00 2.819392128146952281e+00
3.921568627450980338e-03 3.825881288393699897e+00
7.843137254901960675e-03 4.803434565115877852e+00
1.176470588235294101e-02 3.688390801986562106e+00
1.568627450980392135e-02 4.557795585556211115e+00
1.960784313725490169e-02 4.701388193673587068e+00
2.352941176470588203e-02 4.526997537322055898e+00
2.745098039215686236e-02 3.656358500021610336e+00
3.137254901960784270e-02 3.465953132728054165e+00
3.529411764705882304e-02 3.042862401118296756e+00
3.921568627450980338e-02 3.129023213456660901e+00
4.313725490196078372e-02 1.000419403426247911e+00
4.705882352941176405e-02 3.250236414743789659e+00
5.098039215686274439e-02 2.300081114525150738e+00
5.490196078431372473e-02 4.117346044910668468e+00
5.882352941176470507e-02 3.242872138921385705e+00
6.274509803921568540e-02 3.559915857259332572e+00
6.666666666666666574e-02 2.499793930560219035e+00
7.058823529411764608e-02 1.686083033170962198e+00
7.450980392156862642e-02 4.067855496482000177e+00
7.843137254901960675e-02 3.296483756582399671e+00
8.235294117647058709e-02 2.929316745464904503e+00
8.627450980392156743e-02 1.578731652899731941e+00
9.019607843137254777e-02 2.420787832241535931e+00
9.411764705882352811e-02 2.673547849736662929e+00
9.803921568627450844e-02 2.585872975467340407e+00
1.019607843137254888e-01 2.377088860681525695e+00
1.058823529411764691e-01 3.178331562109944830e+00
1.098039215686274495e-01 1.836865648730058753e+00
1.137254901960784298e-01 1.575048840511634518e+00
1.176470588235294101e-01 2.144604795841374312e+00
1.215686274509803905e-01 2.990412643821400263e+00
1.254901960784313708e-01 2.114432086868851979e+00
1.294117647058823373e-01 2.560551472585943511e+00
1.333333333333333315e-01 2.567697926388612828e+00
1.372549019607843257e-01 4.151341828703266401e+00
1.411764705882352922e-01 3.632953999314771032e+00
1.450980392156862586e-01 3.713222026620542238e+00
1.490196078431372528e-01 2.965446286130224873e+00
1.529411764705882470e-01 1.974243744064481554e+00
1.568627450980392135e-01 2.630233899384903040e+00
1.607843137254901800e-01 1.014388543743555360e+00
1.647058823529411742e-01 4.208628593403885176e+00
1.686274509803921684e-01 2.510605795196940271e+00
1.725490196078431349e-01 3.486868223695942071e+00
1.764705882352941013e-01 1.977139706791217755e+00
1.803921568627450955e-01 2.953408537008357371e+00
1.843137254901960898e-01 1.455777578394813032e+00
1.882352941176470562e-01 1.906631431511841779e+00
1.921568627450980227e-01 1.638950350163400405e+00
1.960784313725490169e-01 1.524297801238238437e+00
2.000000000000000111e-01 2.571942621722602684e+00
2.039215686274509776e-01 3.546844376738256255e+00
2.078431372549019440e-01 2.388811658089384338e+00
2.117647058823529382e-01 2.798204808569553670e+00
2.156862745098039325e-01 3.936565916249557429e+00
2.196078431372548989e-01 9.806915387026853281e-01
2.235294117647058654e-01 3.888199086660336867e+00
2.274509803921568596e-01 3.600862880992920623e+00
2.313725490196078538e-01 2.926068392812528618e+00
2.352941176470588203e-01 3.004782915932908693e+00
2.392156862745097867e-01 2.164425397342893298e+00
2.431372549019607809e-01 1.926636345985877297e+00
2.470588235294117752e-01 3.126577754204897808e+00
2.509803921568627416e-01 3.666954935351580680e+00
2.549019607843137081e-01 4.599141213062362787e+00
2.588235294117646745e-01 2.417661320909268774e+00
2.627450980392156965e-01 2.077834271277398503e+00
2.666666666666666630e-01 3.744335448626552321e+00
2.705882352941176294e-01 4.663057308025647885e+00
2.745098039215686514e-01 1.864084603016852304e+00
2.784313725490196179e-01 4.847125841284091408e+00
2.823529411764705843e-01 3.347930117816263262e+00
2.862745098039215508e-01 3.781831073511164654e+00
2.901960784313725172e-01 4.173247676816774110e+00
2.941176470588235392e-01 3.254505615685876041e+00
2.980392156862745057e-01 3.468197771999576240e+00
3.019607843137254721e-01 3.970340069755942558e+00
3.058823529411764941e-01 4.711905820271803158e+00
3.098039215686274606e-01 4.534266270777197683e+00
3.137254901960784270e-01 2.482577549696888042e+00
3.176470588235293935e-01 2.961867284530909750e+00
3.215686274509803599e-01 3.951269453969230128e+00
3.254901960784313819e-01 3.890338879535220951e+00
3.294117647058823484e-01 3.005191879304159208e+00
3.333333333333333148e-01 4.410755857865806817e+00
3.372549019607843368e-01 4.143244244776322915e+00
3.411764705882353033e-01 4.016242920741592393e+00
3.450980392156862697e-01 3.607694658601044768e+00
3.490196078431372362e-01 4.668006177614096863e+00
3.529411764705882026e-01 3.724337640027634677e+00
3.568627450980392246e-01 3.995666487121374733e+00
3.607843137254901911e-01 2.610393210636707373e+00
3.647058823529411575e-01 4.795822981936749052e+00
3.686274509803921795e-01 5.400661806663743292e+00
3.725490196078431460e-01 5.254714047626004358e+00
3.764705882352941124e-01 5.318445911713791219e+00
3.803921568627450789e-01 4.748020402686668362e+00
3.843137254901960453e-01 5.622059575749290161e+00
3.882352941176470673e-01 5.526868573302731846e+00
3.921568627450980338e-01 4.449602047505830882e+00
3.960784313725490002e-01 5.734618255770175033e+00
4.000000000000000222e-01 5.061530189819115400e+00
4.039215686274509887e-01 4.547910225939920892e+00
4.078431372549019551e-01 4.155392991941489811e+00
4.117647058823529216e-01 4.876574690603989737e+00
4.156862745098038880e-01 6.131506338208881246e+00
4.196078431372549100e-01 5.295719642199756549e+00
4.235294117647058765e-01 4.508168700937022599e+00
4.274509803921568429e-01 5.232727047473834325e+00
4.313725490196078649e-01 4.063411924533417263e+00
4.352941176470588314e-01 3.051587411920156256e+00
4.392156862745097978e-01 4.890525076536428095e+00
4.431372549019607643e-01 5.676661380350283892e+00
4.470588235294117307e-01 6.144053717106563894e+00
4.509803921568627527e-01 4.123661499088399296e+00
4.549019607843137192e-01 3.984429009490766838e+00
4.588235294117646856e-01 6.224176754409963763e+00
4.627450980392157076e-01 5.006675250099594798e+00
4.666666666666666741e-01 6.256895573078192996e+00
4.705882352941176405e-01 4.328131052998762662e+00
4.745098039215686070e-01 3.969579238028559054e+00
4.784313725490195734e-01 5.135699084297820072e+00
4.823529411764705954e-01 5.304070016813201782e+00
4.862745098039215619e-01 5.972101093663230387e+00
4.901960784313725283e-01 5.111816038809157803e+00
4.941176470588235503e-01 5.204871531597702550e+00
4.980392156862745168e-01 4.156545498272910422e+00
5.019607843137254832e-01 4.340833574323402999e+00
5.058823529411764497e-01 3.288497247436849236e+00
5.098039215686274161e-01 6.242729939799490424e+00
5.137254901960783826e-01 6.044777882092009946e+00
5.176470588235293491e-01 4.899747831782808483e+00
5.215686274509804266e-01 5.320658924483636198e+00
5.254901960784313930e-01 5.628132522582322217e+00
5.294117647058823595e-01 4.710234895087793028e+00
5.333333333333333259e-01 6.666320380817293056e+00
5.372549019607842924e-01 5.303624025633658867e+00
5.411764705882352589e-01 5.748524599713187300e+00
5.450980392156862253e-01 4.017482675221891064e+00
5.490196078431373028e-01 5.904493270294631557e+00
5.529411764705882693e-01 5.389669884033238212e+00
5.568627450980392357e-01 5.329568756488166414e+00
5.607843137254902022e-01 4.546274132405034862e+00
5.647058823529411686e-01 3.909274089142606989e+00
5.686274509803921351e-01 3.913204081461936212e+00
5.725490196078431016e-01 5.737733275979711500e+00
5.764705882352940680e-01 7.427756614051100215e+00
5.803921568627450345e-01 5.637309446249852307e+00
5.843137254901961120e-01 5.200415975849345784e+00
5.882352941176470784e-01 4.952862396868816575e+00
5.921568627450980449e-01 3.697678061412601913e+00
5.960784313725490113e-01 4.795214394260831625e+00
5.999999999999999778e-01 3.586128282765883135e+00
6.039215686274509443e-01 4.934817746637413904e+00
6.078431372549019107e-01 5.498335953793003661e+00
6.117647058823529882e-01 3.013990989879917315e+00
6.156862745098039547e-01 6.290267654805937525e+00
6.196078431372549211e-01 3.352876740294146618e+00
6.235294117647058876e-01 6.508078923046543451e+00
6.274509803921568540e-01 6.727564785152647886e+00
6.313725490196078205e-01 5.650686191160771088e+00
6.352941176470587870e-01 4.124211058989224021e+00
6.392156862745097534e-01 5.110319574340841164e+00
6.431372549019607199e-01 4.706318411304686755e+00
6.470588235294117974e-01 5.484799930283621450e+00
6.509803921568627638e-01 4.971900385190410887e+00
6.549019607843137303e-01 3.527653108601205734e+00
6.588235294117646967e-01 5.771096236218797415e+00
6.627450980392156632e-01 4.133598350483223882e+00
6.666666666666666297e-01 3.412035646648257980e+00
6.705882352941175961e-01 4.712293419491393465e+00
6.745098039215686736e-01 4.099105867234533740e+00
6.784313725490196401e-01 3.369852694602910148e+00
6.823529411764706065e-01 4.711292328367886917e+00
6.862745098039215730e-01 4.841375941424514551e+00
6.901960784313725394e-01 5.066807288099202111e+00
6.941176470588235059e-01 3.883329156546365013e+00
6.980392156862744724e-01 3.558712941667598884e+00
7.019607843137254388e-01 5.746326088492661910e+00
7.058823529411764053e-01 3.966703320106037101e+00
7.098039215686274828e-01 3.195023277936767769e+00
7.137254901960784492e-01 4.405393652286105244e+00
7.176470588235294157e-01 4.115132137180271599e+00
7.215686274509803821e-01 4.545483768536786151e+00
7.254901960784313486e-01 2.976813016883041563e+00
7.294117647058823151e-01 4.177230647529116325e+00
7.333333333333332815e-01 4.838896728253924806e+00
7.372549019607843590e-01 3.162501766031045491e+00
7.411764705882353255e-01 4.666950354703984338e+00
7.450980392156862919e-01 6.892509081187905728e+00
7.490196078431372584e-01 2.999542057689563279e+00
7.529411764705882248e-01 4.611924589910867844e+00
7.568627450980391913e-01 3.778937447175779507e+00
7.607843137254901578e-01 1.704312070075275187e+00
7.647058823529411242e-01 4.087731960390807551e+00
7.686274509803920907e-01 2.929167278445437894e+00
7.725490196078431682e-01 3.564748957233214277e+00
7.764705882352941346e-01 3.812516803720970682e+00
7.803921568627451011e-01 4.015908717059846644e+00
7.843137254901960675e-01 3.114613623568407430e+00
7.882352941176470340e-01 5.460309620181039492e+00
7.921568627450980005e-01 3.442949296611910626e+00
7.960784313725489669e-01 4.489853391992433274e+00
8.000000000000000444e-01 3.026771224532883497e+00
8.039215686274510109e-01 2.185179782219492495e+00
8.078431372549019773e-01 1.664832012919433168e+00
8.117647058823529438e-01 4.120174625824494896e+00
8.156862745098039102e-01 4.402627620914421058e+00
8.196078431372548767e-01 3.474048188302388152e+00
8.235294117647058432e-01 2.221346665699559519e+00
8.274509803921568096e-01 3.853480894288028313e+00
8.313725490196077761e-01 4.516718568246539611e+00
8.352941176470588536e-01 4.846384676390823820e+00
8.392156862745098200e-01 1.785574555125635898e+00
8.431372549019607865e-01 3.229652936754877857e+00
8.470588235294117530e-01 2.249120317523892965e+00
8.509803921568627194e-01 2.222902940136418870e+00
8.549019607843136859e-01 3.556486184703230968e+00
8.588235294117646523e-01 3.055597748086678056e+00
8.627450980392157298e-01 1.281072895984923576e+00
8.666666666666666963e-01 1.801075478315668610e+00
8.705882352941176627e-01 4.873328504020611796e+00
8.745098039215686292e-01 3.666056709304958527e+00
8.784313725490195957e-01 3.354112168347365142e+00
8.823529411764705621e-01 3.420823548423955973e+00
8.862745098039215286e-01 3.295824656750701021e+00
8.901960784313724950e-01 1.973284498865593539e+00
8.941176470588234615e-01 2.488564775726369582e+00
8.980392156862745390e-01 3.170669536195280358e+00
9.019607843137255054e-01 3.905853919048150047e+00
9.058823529411764719e-01 3.810755353181769500e+00
9.098039215686274384e-01 3.419763430352833034e+00
9.137254901960784048e-01 3.446645922278416041e+00
9.176470588235293713e-01 1.531354074312559765e+00
9.215686274509803377e-01 2.806763126485257054e+00
9.254901960784314152e-01 3.356774636896043607e+00
9.294117647058823817e-01 4.196528389201637843e+00
9.333333333333333481e-01 3.078868233168473356e+00
9.372549019607843146e-01 3.019283623593523647e+00
9.411764705882352811e-01 4.803188463211855996e+00
9.450980392156862475e-01 2.766818948712094883e+00
9.490196078431372140e-01 4.958789908380362377e+00
9.529411764705881804e-01 4.199449646154445048e+00
9.568627450980391469e-01 3.025430381067671703e+00
9.607843137254902244e-01 2.540560123909972212e+00
9.647058823529411908e-01 6.159780196072078162e+00
9.686274509803921573e-01 3.853818753046639234e+00
9.725490196078431238e-01 5.302098294616492069e+00
9.764705882352940902e-01 4.290450575613071749e+00
9.803921568627450567e-01 3.613601275914612998e+00
9.843137254901960231e-01 4.024533357591234761e+00
9.882352941176471006e-01 5.015587588806790009e+00
9.921568627450980671e-01 4.237528658642302659e+00
9.960784313725490335e-01 5.599477129454495383e+00
1.000000000000000000e+00 4.892960424581609402e+00
