0.000000000000000000e+00 6.279835560890236756e+00
3.921568627450980338e-03 5.945846144398286626e+00
7.843137254901960675e-03 7.037171530635721872e+00
1.176470588235294101e-02 6.810956686012247907e+00
1.568627450980392135e-02 5.722679989788202803e+00
1.960784313725490169e-02 5.736092742538875022e+00
2.352941176470588203e-02 6.585054227890876355e+00
2.745098039215686236e-02 7.785281528922376459e+00
3.137254901960784270e-02 4.856531704503619373e+00
3.529411764705882304e-02 6.274557382638495717e+00
3.921568627450980338e-02 6.595392093761176078e+00
4.313725490196078372e-02 6.623441894381624451e+00
4.705882352941176405e-02 8.042591011419395031e+00
5.098039215686274439e-02 7.873691431657179329e+00
5.490196078431372473e-02 7.201253127028673262e+00
5.882352941176470507e-02 7.477434826379753652e+00
6.274509803921568540e-02 6.554422948998421816e+00
6.666666666666666574e-02 5.857693715038061022e+00
7.058823529411764608e-02 7.540891360232672369e+00
7.450980392156862642e-02 6.426108582242380685e+00
7.843137254901960675e-02 8.890224679931231222e+00
8.235294117647058709e-02 7.021292414892565503e+00
8.627450980392156743e-02 7.069073397005620762e+00
9.019607843137254777e-02 7.268917584119233055e+00
9.411764705882352811e-02 7.623264361761396657e+00
9.803921568627450844e-02 8.461900348848175213e+00
1.019607843137254888e-01 7.723179908246365244e+00
1.058823529411764691e-01 7.320970877768034235e+00
1.098039215686274495e-01 8.099418315196135865e+00
1.137254901960784298e-01 8.335867083174745673e+00
1.176470588235294101e-01 6.821193815814170947e+00
1.215686274509803905e-01 6.475121926371310899e+00
1.254901960784313708e-01 8.747921220823744903e+00
1.294117647058823373e-01 9.465549625329353844e+00
1.333333333333333315e-01 8.403987749418066144e+00
1.372549019607843257e-01 6.384956993375979550e+00
1.411764705882352922e-01 7.081052765647858571e+00
1.450980392156862586e-01 7.381195489933173093e+00
1.490196078431372528e-01 6.421723975782983374e+00
1.529411764705882470e-01 7.195116560778148873e+00
1.568627450980392135e-01 7.627994214131695649e+00
1.607843137254901800e-01 8.396000085290378223e+00
1.647058823529411742e-01 8.264987041679550117e+00
1.686274509803921684e-01 5.544842159520124270e+00
1.725490196078431349e-01 8.009256608310746373e+00
1.764705882352941013e-01 7.191268011836971397e+00
1.803921568627450955e-01 7.423698616832532515e+00
1.843137254901960898e-01 6.404381911223044455e+00
1.882352941176470562e-01 8.756776740796485825e+00
1.921568627450980227e-01 7.956271805063513725e+00
1.960784313725490169e-01 6.435082556285808053e+00
2.000000000000000111e-01 8.227054659105061063e+00
2.039215686274509776e-01 8.488704573531736131e+00
2.078431372549019440e-01 5.812124526954724146e+00
2.117647058823529382e-01 6.735427697903116240e+00
2.156862745098039325e-01 7.516152414054736219e+00
2.196078431372548989e-01 7.408136265979843316e+00
2.235294117647058654e-01 9.488715214881075610e+00
2.274509803921568596e-01 8.417758858014504852e+00
2.313725490196078538e-01 8.608903891754581039e+00
2.352941176470588203e-01 7.789396187945649253e+00
2.392156862745097867e-01 6.892689776741605101e+00
2.431372549019607809e-01 7.902924134428694458e+00
2.470588235294117752e-01 7.347726237114950543e+00
2.509803921568627416e-01 7.932045183735745297e+00
2.549019607843137081e-01 7.638233925460300000e+00
2.588235294117646745e-01 7.397377830200197124e+00
2.627450980392156965e-01 7.994586241125377413e+00
2.666666666666666630e-01 6.280347240855710389e+00
2.705882352941176294e-01 8.235868880048842655e+00
2.745098039215686514e-01 8.351462521421549212e+00
2.784313725490196179e-01 6.202122899304716164e+00
2.823529411764705843e-01 7.949462868979975561e+00
2.862745098039215508e-01 6.300281411495202377e+00
2.901960784313725172e-01 9.286136450728218250e+00
2.941176470588235392e-01 6.643550546934259948e+00
2.980392156862745057e-01 6.684605622260896496e+00
3.019607843137254721e-01 7.018749644831680179e+00
3.058823529411764941e-01 9.388789969788307488e+00
3.098039215686274606e-01 7.984734470422440999e+00
3.137254901960784270e-01 6.025915769933579469e+00
3.176470588235293935e-01 8.517140881454031032e+00
3.215686274509803599e-01 7.303176602585445210e+00
3.254901960784313819e-01 6.485824164871088371e+00
3.294117647058823484e-01 7.001435499285697084e+00
3.333333333333333148e-01 9.433628748930939167e+00
3.372549019607843368e-01 5.778725856205232603e+00
3.411764705882353033e-01 6.371378989149675931e+00
3.450980392156862697e-01 8.454080971360836472e+00
3.490196078431372362e-01 6.694682701142615322e+00
3.529411764705882026e-01 7.348289565389605649e+00
3.568627450980392246e-01 8.300312366994738511e+00
3.607843137254901911e-01 7.720434483707061091e+00
3.647058823529411575e-01 7.513880827615997404e+00
3.686274509803921795e-01 7.786895807970501515e+00
3.725490196078431460e-01 6.284509198799911545e+00
3.764705882352941124e-01 9.650420327186113312e+00
3.803921568627450789e-01 7.283571674124511119e+00
3.843137254901960453e-01 8.033366325909909733e+00
3.882352941176470673e-01 7.609960442415300896e+00
3.921568627450980338e-01 6.405563732702534097e+00
3.960784313725490002e-01 6.461387940205775671e+00
4.000000000000000222e-01 5.705385161589996201e+00
4.039215686274509887e-01 5.927031050454859340e+00
4.078431372549019551e-01 6.103806875094179851e+00
4.117647058823529216e-01 6.813493275186623066e+00
4.156862745098038880e-01 6.387496238663407766e+00
4.196078431372549100e-01 7.866573448412740532e+00
4.235294117647058765e-01 6.523274359622078578e+00
4.274509803921568429e-01 6.578861178556898004e+00
4.313725490196078649e-01 6.702699275032551363e+00
4.352941176470588314e-01 7.575053003316629230e+00
4.392156862745097978e-01 5.648219788034355204e+00
4.431372549019607643e-01 6.799293091422012658e+00
4.470588235294117307e-01 7.677960046874098055e+00
4.509803921568627527e-01 7.928041309809472637e+00
4.549019607843137192e-01 5.918757171714168486e+00
4.588235294117646856e-01 7.371170985934868192e+00
4.627450980392157076e-01 7.884309336087614639e+00
4.666666666666666741e-01 7.380563172356327861e+00
4.705882352941176405e-01 6.003106650138382960e+00
4.745098039215686070e-01 5.845978753750225465e+00
4.784313725490195734e-01 6.786729540901614399e+00
4.823529411764705954e-01 6.606684560977792664e+00
4.862745098039215619e-01 6.880979737028664722e+00
4.901960784313725283e-01 6.104415353009690293e+00
4.941176470588235503e-01 6.460102747127473677e+00
4.980392156862745168e-01 6.898108105230814857e+00
5.019607843137254832e-01 6.277781366237908500e+00
5.058823529411764497e-01 5.581742460668514205e+00
5.098039215686274161e-01 7.200633360806681260e+00
5.137254901960783826e-01 8.118310249376730070e+00
5.176470588235293491e-01 6.713498847995045260e+00
5.215686274509804266e-01 7.514426098459363601e+00
5.254901960784313930e-01 5.872364151615869332e+00
5.294117647058823595e-01 3.903566108856337813e+00
5.333333333333333259e-01 5.565956960133888742e+00
5.372549019607842924e-01 7.658350848062378979e+00
5.411764705882352589e-01 6.437760923569454619e+00
5.450980392156862253e-01 4.627784701696816327e+00
5.490196078431373028e-01 5.792047606994639608e+00
5.529411764705882693e-01 5.660033621677364124e+00
5.568627450980392357e-01 7.257697704258405658e+00
5.607843137254902022e-01 6.561923325045935229e+00
5.647058823529411686e-01 6.934167981409428805e+00
5.686274509803921351e-01 5.926118600731879127e+00
5.725490196078431016e-01 5.782357465565803878e+00
5.764705882352940680e-01 5.247611074081003579e+00
5.803921568627450345e-01 6.145043553331820618e+00
5.843137254901961120e-01 4.745543340879581073e+00
5.882352941176470784e-01 5.077033871089643213e+00
5.921568627450980449e-01 7.737185622162153109e+00
5.960784313725490113e-01 5.910579984547809751e+00
5.999999999999999778e-01 6.563960937762186809e+00
6.039215686274509443e-01 6.346534449658124188e+00
6.078431372549019107e-01 5.428929590060477928e+00
6.117647058823529882e-01 7.387958820109857605e+00
6.156862745098039547e-01 6.558839369750148585e+00
6.196078431372549211e-01 6.501092770475951355e+00
6.235294117647058876e-01 5.392204350473390306e+00
6.274509803921568540e-01 6.191044403133528995e+00
6.313725490196078205e-01 6.002233185081274236e+00
6.352941176470587870e-01 9.899858836766712855e+00
6.392156862745097534e-01 8.000828203594062771e+00
6.431372549019607199e-01 6.545082431072165363e+00
6.470588235294117974e-01 6.006882460316232297e+00
6.509803921568627638e-01 5.919249044249257352e+00
6.549019607843137303e-01 6.088335113280780142e+00
6.588235294117646967e-01 5.694895782680325702e+00
6.627450980392156632e-01 6.172920671109461743e+00
6.666666666666666297e-01 7.226242532642785932e+00
6.705882352941175961e-01 6.301430224069394015e+00
6.745098039215686736e-01 8.750855286309274561e+00
6.784313725490196401e-01 5.510888565570905229e+00
6.823529411764706065e-01 7.454832016661256944e+00
6.862745098039215730e-01 4.903374753336500191e+00
6.901960784313725394e-01 7.229562741726084596e+00
6.941176470588235059e-01 6.894968135055668412e+00
6.980392156862744724e-01 6.469061353241621681e+00
7.019607843137254388e-01 5.628437518511399063e+00
7.058823529411764053e-01 7.388065895416942475e+00
7.098039215686274828e-01 6.486298886186629531e+00
7.137254901960784492e-01 6.252963058679323005e+00
7.176470588235294157e-01 6.346526492639725348e+00
7.215686274509803821e-01 7.056217545131932667e+00
7.254901960784313486e-01 7.046792973427219664e+00
7.294117647058823151e-01 4.547109790344438629e+00
7.333333333333332815e-01 4.807925482572313669e+00
7.372549019607843590e-01 6.051094961954375684e+00
7.411764705882353255e-01 6.149045115468913636e+00
7.450980392156862919e-01 6.924945147025834302e+00
7.490196078431372584e-01 5.516431141353478118e+00
7.529411764705882248e-01 3.611101998492339149e+00
7.568627450980391913e-01 7.418711562770094581e+00
7.607843137254901578e-01 7.533880293644950932e+00
7.647058823529411242e-01 7.393975547468563114e+00
7.686274509803920907e-01 5.590967376042056181e+00
7.725490196078431682e-01 5.258204678821402744e+00
7.764705882352941346e-01 6.489388074434893738e+00
7.803921568627451011e-01 7.548188763523884681e+00
7.843137254901960675e-01 4.718600845219224738e+00
7.882352941176470340e-01 5.175078762602505655e+00
7.921568627450980005e-01 6.188079252018457765e+00
7.960784313725489669e-01 6.017210213528427332e+00
8.000000000000000444e-01 5.742255221745376836e+00
8.039215686274510109e-01 4.747243896582729938e+00
8.078431372549019773e-01 7.454215886576692540e+00
8.117647058823529438e-01 5.742850269699436794e+00
8.156862745098039102e-01 4.950424847388919858e+00
8.196078431372548767e-01 5.949497699917213112e+00
8.235294117647058432e-01 7.704561850448978788e+00
8.274509803921568096e-01 4.836482665551493199e+00
8.313725490196077761e-01 5.963911883717786466e+00
8.352941176470588536e-01 6.847884700268321190e+00
8.392156862745098200e-01 7.535801852163353409e+00
8.431372549019607865e-01 6.257768942514943866e+00
8.470588235294117530e-01 3.265051422692573091e+00
8.509803921568627194e-01 6.016638781387555923e+00
8.549019607843136859e-01 5.917245785903287647e+00
8.588235294117646523e-01 6.379676348628426474e+00
8.627450980392157298e-01 5.398759155904619078e+00
8.666666666666666963e-01 6.470029696780752460e+00
8.705882352941176627e-01 4.874325741460232564e+00
8.745098039215686292e-01 3.996778918564971583e+00
8.784313725490195957e-01 6.462990781932262507e+00
8.823529411764705621e-01 5.145377980418381902e+00
8.862745098039215286e-01 7.547112110511633887e+00
8.901960784313724950e-01 6.215391625025129763e+00
8.941176470588234615e-01 5.483573092381570646e+00
8.980392156862745390e-01 6.511607809811136960e+00
9.019607843137255054e-01 6.441295751732753594e+00
9.058823529411764719e-01 4.572243346278111353e+00
9.098039215686274384e-01 5.338813246333069529e+00
9.137254901960784048e-01 4.438813378811151011e+00
9.176470588235293713e-01 5.802069434444312890e+00
9.215686274509803377e-01 6.231234700072708854e+00
9.254901960784314152e-01 5.545561704021592320e+00
9.294117647058823817e-01 6.231630375421855383e+00
9.333333333333333481e-01 5.194207854899916654e+00
9.372549019607843146e-01 5.876643618615763565e+00
9.411764705882352811e-01 5.941180432753345286e+00
9.450980392156862475e-01 5.514135580125744340e+00
9.490196078431372140e-01 5.611938929628370154e+00
9.529411764705881804e-01 4.283362658978277615e+00
9.568627450980391469e-01 5.718190153102862716e+00
9.607843137254902244e-01 4.865256751702112581e+00
9.647058823529411908e-01 6.555546703630335870e+00
9.686274509803921573e-01 6.274795586835760552e+00
9.725490196078431238e-01 6.216728514626010949e+00
9.764705882352940902e-01 4.811444905264100846e+00
9.803921568627450567e-01 5.431331605200867330e+00
9.843137254901960231e-01 5.042172892568435039e+00
9.882352941176471006e-01 5.270378548865550350e+00
9.921568627450980671e-01 5.018387985262283912e+00
9.960784313725490335e-01 7.515526836873350547e+00
1.000000000000000000e+00 6.464648077696477202e+00
