0.000000000000000000e+00 5.403151939693763950e+00
3.921568627450980338e-03 7.941251149899117401e+00
7.843137254901960675e-03 6.759455686346809600e+00
1.176470588235294101e-02 6.105786025373216575e+00
1.568627450980392135e-02 6.144515887772751483e+00
1.960784313725490169e-02 7.127974035782743911e+00
2.352941176470588203e-02 9.307705275961204450e+00
2.745098039215686236e-02 7.334135502450090272e+00
3.137254901960784270e-02 6.064694219846815670e+00
3.529411764705882304e-02 8.004820449499295165e+00
3.921568627450980338e-02 9.160062553153970555e+00
4.313725490196078372e-02 7.118616373517651752e+00
4.705882352941176405e-02 8.322898235417234503e+00
5.098039215686274439e-02 7.047880848668400589e+00
5.490196078431372473e-02 6.586604144421944085e+00
5.882352941176470507e-02 6.947752844824287344e+00
6.274509803921568540e-02 8.200190627246541908e+00
6.666666666666666574e-02 6.287914983361048371e+00
7.058823529411764608e-02 7.766558257770106444e+00
7.450980392156862642e-02 7.235131591306194210e+00
7.843137254901960675e-02 7.392758791784141970e+00
8.235294117647058709e-02 8.364418539896048443e+00
8.627450980392156743e-02 8.050077605543702219e+00
9.019607843137254777e-02 7.878087001160837488e+00
9.411764705882352811e-02 6.462235653276736436e+00
9.803921568627450844e-02 5.858247810875953476e+00
1.019607843137254888e-01 8.367357124743069363e+00
1.058823529411764691e-01 7.440662023756704713e+00
1.098039215686274495e-01 7.381655266652670910e+00
1.137254901960784298e-01 5.581728872899380356e+00
1.176470588235294101e-01 6.249018939043875065e+00
1.215686274509803905e-01 8.456852777353207173e+00
1.254901960784313708e-01 6.764709901590775232e+00
1.294117647058823373e-01 9.029851642346596208e+00
1.333333333333333315e-01 8.322653610782312583e+00
1.372549019607843257e-01 7.874208671176743835e+00
1.411764705882352922e-01 6.504609669295102314e+00
1.450980392156862586e-01 6.834731866333294548e+00
1.490196078431372528e-01 8.358695917186224733e+00
1.529411764705882470e-01 7.972181939045803745e+00
1.568627450980392135e-01 9.053111783587082684e+00
1.607843137254901800e-01 6.951493694109727173e+00
1.647058823529411742e-01 7.684077212259557754e+00
1.686274509803921684e-01 8.346629047864267292e+00
1.725490196078431349e-01 8.323533035967768612e+00
1.764705882352941013e-01 7.542472585247853800e+00
1.803921568627450955e-01 7.192789850874895308e+00
1.843137254901960898e-01 7.763886616972984100e+00
1.882352941176470562e-01 5.726019562654589556e+00
1.921568627450980227e-01 7.005206799338716372e+00
1.960784313725490169e-01 8.406561700407101156e+00
2.000000000000000111e-01 6.525796098913742682e+00
2.039215686274509776e-01 6.623056175567628934e+00
2.078431372549019440e-01 8.310486516928630607e+00
2.117647058823529382e-01 8.732072581876886730e+00
2.156862745098039325e-01 7.777320473235514342e+00
2.196078431372548989e-01 7.638809311233392130e+00
2.235294117647058654e-01 9.039527706460354750e+00
2.274509803921568596e-01 7.383675407041144112e+00
2.313725490196078538e-01 8.399163306388159000e+00
2.352941176470588203e-01 8.106142081162067470e+00
2.392156862745097867e-01 8.640271334531249181e+00
2.431372549019607809e-01 6.196989720927972733e+00
2.470588235294117752e-01 7.709388813080552794e+00
2.509803921568627416e-01 7.538545402658710870e+00
2.549019607843137081e-01 5.477901386961951502e+00
2.588235294117646745e-01 8.239969158055659548e+00
2.627450980392156965e-01 7.726412770732953739e+00
2.666666666666666630e-01 6.998302911725454045e+00
2.705882352941176294e-01 6.927194822541829389e+00
2.745098039215686514e-01 5.577189480893348872e+00
2.784313725490196179e-01 6.637939693714467460e+00
2.823529411764705843e-01 8.804417688650010732e+00
2.862745098039215508e-01 7.233635518831434297e+00
2.901960784313725172e-01 7.730799518272947424e+00
2.941176470588235392e-01 7.267002109649652652e+00
2.980392156862745057e-01 7.468540149561444075e+00
3.019607843137254721e-01 6.943073501416085591e+00
3.058823529411764941e-01 6.283938516079333958e+00
3.098039215686274606e-01 6.537579130791808524e+00
3.137254901960784270e-01 6.712909954509242105e+00
3.176470588235293935e-01 6.990479228263675182e+00
3.215686274509803599e-01 7.531784156584212298e+00
3.254901960784313819e-01 7.790744459546518286e+00
3.294117647058823484e-01 6.114548031867580669e+00
3.333333333333333148e-01 7.220404631704907317e+00
3.372549019607843368e-01 6.029803409140511050e+00
3.411764705882353033e-01 8.373196787990794476e+00
3.450980392156862697e-01 7.908815878016384637e+00
3.490196078431372362e-01 5.373499700177496230e+00
3.529411764705882026e-01 6.159444721528497091e+00
3.568627450980392246e-01 4.825405240551362773e+00
3.607843137254901911e-01 4.234355751840137572e+00
3.647058823529411575e-01 5.500997493192235410e+00
3.686274509803921795e-01 5.146735488685100890e+00
3.725490196078431460e-01 5.036742824635842553e+00
3.764705882352941124e-01 4.847120430718645068e+00
3.803921568627450789e-01 5.591651173896170945e+00
3.843137254901960453e-01 5.306935306212932524e+00
3.882352941176470673e-01 5.160773991434027153e+00
3.921568627450980338e-01 6.489326788576283533e+00
3.960784313725490002e-01 6.807592836821576121e+00
4.000000000000000222e-01 5.535288963988959310e+00
4.039215686274509887e-01 6.261315811499658324e+00
4.078431372549019551e-01 6.119480939211535464e+00
4.117647058823529216e-01 5.430148056357268160e+00
4.156862745098038880e-01 5.881081074591527624e+00
4.196078431372549100e-01 5.879916821661681503e+00
4.235294117647058765e-01 5.541889127185438468e+00
4.274509803921568429e-01 6.496374333395827705e+00
4.313725490196078649e-01 4.610564495308301147e+00
4.352941176470588314e-01 5.844086556307703795e+00
4.392156862745097978e-01 6.490866972213508390e+00
4.431372549019607643e-01 4.380435619390347313e+00
4.470588235294117307e-01 6.343586435208967700e+00
4.509803921568627527e-01 4.283470526019990565e+00
4.549019607843137192e-01 5.483136595068007324e+00
4.588235294117646856e-01 3.390275342999650832e+00
4.627450980392157076e-01 5.352139622454062717e+00
4.666666666666666741e-01 5.256767577689585913e+00
4.705882352941176405e-01 4.819598433469638010e+00
4.745098039215686070e-01 4.534851525870436717e+00
4.784313725490195734e-01 5.661544352208443875e+00
4.823529411764705954e-01 2.784365038886018606e+00
4.862745098039215619e-01 6.724747097747560076e+00
4.901960784313725283e-01 5.303709697178975446e+00
4.941176470588235503e-01 2.616137395526832776e+00
4.980392156862745168e-01 4.674296222333740758e+00
5.019607843137254832e-01 4.934119340298706469e+00
5.058823529411764497e-01 3.396405615825367263e+00
5.098039215686274161e-01 4.373718870348811016e+00
5.137254901960783826e-01 6.169162607962396905e+00
5.176470588235293491e-01 4.215894291798281124e+00
5.215686274509804266e-01 5.054999783609890329e+00
5.254901960784313930e-01 5.532240825481001600e+00
5.294117647058823595e-01 5.588837990912283615e+00
5.333333333333333259e-01 4.586009580628089388e+00
5.372549019607842924e-01 4.839563278783233891e+00
5.411764705882352589e-01 4.934857481520076306e+00
5.450980392156862253e-01 4.204244319186278389e+00
5.490196078431373028e-01 5.899347389991049795e+00
5.529411764705882693e-01 5.201245157441720224e+00
5.568627450980392357e-01 4.599252530843805253e+00
5.607843137254902022e-01 5.825156518412964779e+00
5.647058823529411686e-01 4.578616140026450232e+00
5.686274509803921351e-01 4.896151753770325854e+00
5.725490196078431016e-01 4.933455870951975797e+00
5.764705882352940680e-01 4.079988811416329852e+00
5.803921568627450345e-01 5.399274733665203385e+00
5.843137254901961120e-01 4.616924417330207753e+00
5.882352941176470784e-01 5.775236374227626257e+00
5.921568627450980449e-01 3.356686703598833255e+00
5.960784313725490113e-01 4.061990638901969319e+00
5.999999999999999778e-01 3.527450396192709281e+00
6.039215686274509443e-01 4.098668335320591716e+00
6.078431372549019107e-01 5.236834154821030651e+00
6.117647058823529882e-01 7.308320036291130251e+00
6.156862745098039547e-01 4.179803707858295247e+00
6.196078431372549211e-01 5.281475833595705716e+00
6.235294117647058876e-01 5.852860718210000535e+00
6.274509803921568540e-01 3.990460975636186625e+00
6.313725490196078205e-01 3.329963912682027072e+00
6.352941176470587870e-01 5.513676389576049885e+00
6.392156862745097534e-01 3.556004287934524388e+00
6.431372549019607199e-01 3.443550080609094621e+00
6.470588235294117974e-01 5.254166505259901143e+00
6.509803921568627638e-01 5.377041779827654189e+00
6.549019607843137303e-01 4.447531696408571378e+00
6.588235294117646967e-01 3.953081294001416168e+00
6.627450980392156632e-01 3.587237929780076939e+00
6.666666666666666297e-01 4.511112913485932907e+00
6.705882352941175961e-01 4.569927840734028912e+00
6.745098039215686736e-01 3.391950616164330246e+00
6.784313725490196401e-01 4.985953776148717154e+00
6.823529411764706065e-01 3.730733285427537904e+00
6.862745098039215730e-01 3.873102789428159110e+00
6.901960784313725394e-01 2.539199813951975582e+00
6.941176470588235059e-01 4.619535517675851466e+00
6.980392156862744724e-01 4.047202219818768043e+00
7.019607843137254388e-01 4.953442572049858050e+00
7.058823529411764053e-01 4.551703561011114729e+00
7.098039215686274828e-01 2.628824817027090699e+00
7.137254901960784492e-01 5.907224785142282109e+00
7.176470588235294157e-01 4.960909864560029803e+00
7.215686274509803821e-01 2.913754021415085660e+00
7.254901960784313486e-01 3.120306999853950991e+00
7.294117647058823151e-01 4.207553359839102392e+00
7.333333333333332815e-01 7.248686824703714393e+00
7.372549019607843590e-01 1.827044811576823857e+00
7.411764705882353255e-01 6.091743249089059731e+00
7.450980392156862919e-01 4.190460631112370216e+00
7.490196078431372584e-01 5.160113150053874165e+00
7.529411764705882248e-01 4.383538807679467020e+00
7.568627450980391913e-01 5.127571106664107425e+00
7.607843137254901578e-01 4.197474804256278169e+00
7.647058823529411242e-01 2.906328936422187592e+00
7.686274509803920907e-01 3.263561301099821677e+00
7.725490196078431682e-01 2.445688911480140781e+00
7.764705882352941346e-01 2.383998175391075947e+00
7.803921568627451011e-01 5.300671067145666271e+00
7.843137254901960675e-01 4.599476709498351745e+00
7.882352941176470340e-01 4.391982358579637591e+00
7.921568627450980005e-01 3.923212845036302632e+00
7.960784313725489669e-01 5.334424518304565765e+00
8.000000000000000444e-01 4.302244553921865666e+00
8.039215686274510109e-01 4.443608375835014002e+00
8.078431372549019773e-01 3.516356872860088689e+00
8.117647058823529438e-01 4.787987082609992839e+00
8.156862745098039102e-01 4.235886612422773645e+00
8.196078431372548767e-01 4.243224444570889098e+00
8.235294117647058432e-01 4.291332862109404012e+00
8.274509803921568096e-01 4.317423052089615076e+00
8.313725490196077761e-01 4.071443494081037784e+00
8.352941176470588536e-01 5.095900155021277911e+00
8.392156862745098200e-01 5.691635523799805974e+00
8.431372549019607865e-01 2.428905455367622146e+00
8.470588235294117530e-01 3.599823325419685638e+00
8.509803921568627194e-01 3.732660760754272555e+00
8.549019607843136859e-01 4.270984468190265559e+00
8.588235294117646523e-01 5.216789672358834729e+00
8.627450980392157298e-01 6.185327172505463267e+00
8.666666666666666963e-01 5.286325088616032453e+00
8.705882352941176627e-01 4.876236593974118350e+00
8.745098039215686292e-01 5.674453975760803459e+00
8.784313725490195957e-01 4.081723778007313008e+00
8.823529411764705621e-01 6.210688099953693531e+00
8.862745098039215286e-01 6.291051584431350818e+00
8.901960784313724950e-01 3.715090456166309618e+00
8.941176470588234615e-01 4.111139318347236227e+00
8.980392156862745390e-01 5.358037238398353885e+00
9.019607843137255054e-01 4.050097015701515701e+00
9.058823529411764719e-01 3.456422709277236827e+00
9.098039215686274384e-01 6.873600670214157660e+00
9.137254901960784048e-01 6.254788041998901704e+00
9.176470588235293713e-01 6.391572405118613354e+00
9.215686274509803377e-01 4.987929565129635812e+00
9.254901960784314152e-01 5.432130920986105949e+00
9.294117647058823817e-01 4.427229286129979791e+00
9.333333333333333481e-01 4.414018334080370920e+00
9.372549019607843146e-01 3.967971380901448519e+00
9.411764705882352811e-01 4.952226531905891349e+00
9.450980392156862475e-01 3.924084872318182704e+00
9.490196078431372140e-01 5.293871811071099387e+00
9.529411764705881804e-01 3.577218439751034040e+00
9.568627450980391469e-01 5.830007903767226551e+00
9.607843137254902244e-01 4.539566766913695872e+00
9.647058823529411908e-01 4.736430498928828392e+00
9.686274509803921573e-01 3.748113734861883373e+00
9.725490196078431238e-01 4.130723987135016984e+00
9.764705882352940902e-01 5.939335537010856036e+00
9.803921568627450567e-01 5.434909711928265885e+00
9.843137254901960231e-01 4.806660237251707990e+00
9.882352941176471006e-01 4.179554687772098376e+00
9.921568627450980671e-01 4.690832699651597437e+00
9.960784313725490335e-01 5.105745710692461969e+00
1.000000000000000000e+00 2.708778094762079203e+00
