0.000000000000000000e+00 3.817670122299613666e+00
3.921568627450980338e-03 3.411790014626452816e+00
7.843137254901960675e-03 1.835210393313538857e+00
1.176470588235294101e-02 9.735214065482560297e-01
1.568627450980392135e-02 1.935308270306182132e+00
1.960784313725490169e-02 1.376834878165651421e-01
2.352941176470588203e-02 1.998146990498253839e+00
2.745098039215686236e-02 3.200549282246559990e+00
3.137254901960784270e-02 2.241588060862965026e+00
3.529411764705882304e-02 2.809952732867028402e+00
3.921568627450980338e-02 3.517314330028510128e+00
4.313725490196078372e-02 1.602185595891304715e+00
4.705882352941176405e-02 2.448014205267183829e+00
5.098039215686274439e-02 4.406069637314997678e-01
5.490196078431372473e-02 1.094302761607675478e+00
5.882352941176470507e-02 1.945586810718110238e+00
6.274509803921568540e-02 3.724294204901750227e+00
6.666666666666666574e-02 1.486120783586207139e+00
7.058823529411764608e-02 3.784023498544331510e+00
7.450980392156862642e-02 2.329175618641583068e+00
7.843137254901960675e-02 1.910844065756448495e+00
8.235294117647058709e-02 3.348219634267148415e+00
8.627450980392156743e-02 1.909651026712550825e+00
9.019607843137254777e-02 4.375109953760617287e+00
9.411764705882352811e-02 2.706320945562696867e+00
9.803921568627450844e-02 2.375811292061760227e+00
1.019607843137254888e-01 2.744936372192413820e+00
1.058823529411764691e-01 2.337186887247772127e+00
1.098039215686274495e-01 2.919479553446332698e+00
1.137254901960784298e-01 9.440071800484466369e-01
1.176470588235294101e-01 2.867446306052729543e+00
1.215686274509803905e-01 2.263913604625781062e+00
1.254901960784313708e-01 2.141548470676622351e+00
1.294117647058823373e-01 2.422549159410352981e+00
1.333333333333333315e-01 3.106026750308048978e+00
1.372549019607843257e-01 1.814429094069832438e+00
1.411764705882352922e-01 2.708839765233796548e+00
1.450980392156862586e-01 4.088815929739038069e-01
1.490196078431372528e-01 1.503540786051163813e+00
1.529411764705882470e-01 6.840210851681554072e-01
1.568627450980392135e-01 2.058235795354794728e+00
1.607843137254901800e-01 1.532816823899756375e+00
1.647058823529411742e-01 3.965448550535289662e+00
1.686274509803921684e-01 3.953755631020412054e+00
1.725490196078431349e-01 2.119935475939976666e+00
1.764705882352941013e-01 1.753845119835381272e+00
1.803921568627450955e-01 2.769087937243841058e+00
1.843137254901960898e-01 1.611718630773368188e+00
1.882352941176470562e-01 1.008663197338285578e+00
1.921568627450980227e-01 3.112296597407344656e+00
1.960784313725490169e-01 4.113218646284059865e+00
2.000000000000000111e-01 2.889411665048497113e+00
2.039215686274509776e-01 3.888526204970852440e+00
2.078431372549019440e-01 2.349976412180569962e+00
2.117647058823529382e-01 3.877500696595309826e+00
2.156862745098039325e-01 2.737931841356266993e+00
2.196078431372548989e-01 2.612803149384734791e+00
2.235294117647058654e-01 3.995540296266552716e+00
2.274509803921568596e-01 1.816381794822137463e+00
2.313725490196078538e-01 2.568052302274992371e+00
2.352941176470588203e-01 3.946867410997591641e+00
2.392156862745097867e-01 3.329082277373944798e+00
2.431372549019607809e-01 1.086554847102411792e+00
2.470588235294117752e-01 2.206625883729938398e+00
2.509803921568627416e-01 3.006459509201725222e+00
2.549019607843137081e-01 2.670882329319508308e+00
2.588235294117646745e-01 3.222259025553110501e+00
2.627450980392156965e-01 2.815404453870722357e+00
2.666666666666666630e-01 2.762458304274759691e+00
2.705882352941176294e-01 4.331714068825221808e+00
2.745098039215686514e-01 1.663259304702446428e+00
2.784313725490196179e-01 2.661023387550105479e+00
2.823529411764705843e-01 2.431217218238268973e+00
2.862745098039215508e-01 1.860405761002487335e+00
2.901960784313725172e-01 2.297359099239928426e+00
2.941176470588235392e-01 4.640123234173567646e+00
2.980392156862745057e-01 3.183804957251033851e+00
3.019607843137254721e-01 5.527558158193295768e+00
3.058823529411764941e-01 2.214657475988127011e+00
3.098039215686274606e-01 2.715297604288618771e+00
3.137254901960784270e-01 4.418747794748242974e+00
3.176470588235293935e-01 3.846886973528504061e+00
3.215686274509803599e-01 3.638837038199585816e+00
3.254901960784313819e-01 2.702875233026318380e+00
3.294117647058823484e-01 4.175747479899500014e+00
3.333333333333333148e-01 3.461515763125599054e+00
3.372549019607843368e-01 4.580455194923379381e+00
3.411764705882353033e-01 5.141932300616440799e+00
3.450980392156862697e-01 3.905485119109688430e+00
3.490196078431372362e-01 3.731463817866648380e+00
3.529411764705882026e-01 3.409857166475517953e+00
3.568627450980392246e-01 4.212965938047712910e+00
3.607843137254901911e-01 2.357348160980579088e+00
3.647058823529411575e-01 2.210213446795192382e+00
3.686274509803921795e-01 4.478008664978184505e+00
3.725490196078431460e-01 4.634085920183596663e+00
3.764705882352941124e-01 3.575799631168675496e+00
3.803921568627450789e-01 3.449974608935071352e+00
3.843137254901960453e-01 4.554437496938012586e+00
3.882352941176470673e-01 3.527888752880840251e+00
3.921568627450980338e-01 4.040163179498561519e+00
3.960784313725490002e-01 4.749201694300620780e+00
4.000000000000000222e-01 3.553994483251335712e+00
4.039215686274509887e-01 3.776691120696963111e+00
4.078431372549019551e-01 2.959475825439528585e+00
4.117647058823529216e-01 4.702949630181504581e+00
4.156862745098038880e-01 2.859771118205276963e+00
4.196078431372549100e-01 5.661467397183304051e+00
4.235294117647058765e-01 4.387989424972406738e+00
4.274509803921568429e-01 3.437389613278733158e+00
4.313725490196078649e-01 6.014323386193873411e+00
4.352941176470588314e-01 4.114906295499753064e+00
4.392156862745097978e-01 2.348088223124845886e+00
4.431372549019607643e-01 3.118537155792005411e+00
4.470588235294117307e-01 3.874460449373137383e+00
4.509803921568627527e-01 4.376480236670817092e+00
4.549019607843137192e-01 3.937343190447832875e+00
4.588235294117646856e-01 4.099642461537503557e+00
4.627450980392157076e-01 4.206491602282783404e+00
4.666666666666666741e-01 4.701563563816244518e+00
4.705882352941176405e-01 3.433300671825674222e+00
4.745098039215686070e-01 4.128119096711309055e+00
4.784313725490195734e-01 2.909333280459226678e+00
4.823529411764705954e-01 4.328621548028111832e+00
4.862745098039215619e-01 2.874793236470776225e+00
4.901960784313725283e-01 5.072814980338223201e+00
4.941176470588235503e-01 4.081396948151745363e+00
4.980392156862745168e-01 5.331071083310227721e+00
5.019607843137254832e-01 3.505586095096407728e+00
5.058823529411764497e-01 3.955405010576380942e+00
5.098039215686274161e-01 3.436227191923000746e+00
5.137254901960783826e-01 2.742560722983792942e+00
5.176470588235293491e-01 2.494963003289627501e+00
5.215686274509804266e-01 4.032931121990041667e+00
5.254901960784313930e-01 2.618253094895967248e+00
5.294117647058823595e-01 3.421271635197606464e+00
5.333333333333333259e-01 3.274847056551277280e+00
5.372549019607842924e-01 6.551830650365835673e+00
5.411764705882352589e-01 4.885734054525531889e+00
5.450980392156862253e-01 3.940806352417818292e+00
5.490196078431373028e-01 3.352416583935538430e+00
5.529411764705882693e-01 6.428488001612393532e+00
5.568627450980392357e-01 2.592923912458598767e+00
5.607843137254902022e-01 4.333950597988444287e+00
5.647058823529411686e-01 2.454594647187835044e+00
5.686274509803921351e-01 2.408476394527325759e+00
5.725490196078431016e-01 4.188477520651192165e+00
5.764705882352940680e-01 2.928526011008210084e+00
5.803921568627450345e-01 6.310956732914801748e+00
5.843137254901961120e-01 3.696171000159840681e+00
5.882352941176470784e-01 5.555354494197788817e+00
5.921568627450980449e-01 3.448345914879260121e+00
5.960784313725490113e-01 3.985443230707950146e+00
5.999999999999999778e-01 4.256201387601986852e+00
6.039215686274509443e-01 4.170079012456560541e+00
6.078431372549019107e-01 3.164915770627616975e+00
6.117647058823529882e-01 3.435721348723476787e+00
6.156862745098039547e-01 2.423225097258915106e+00
6.196078431372549211e-01 4.838465756739193324e+00
6.235294117647058876e-01 4.378857308298195861e+00
6.274509803921568540e-01 3.436224162133340698e+00
6.313725490196078205e-01 3.918313491793335768e+00
6.352941176470587870e-01 2.797727781683369663e+00
6.392156862745097534e-01 2.775878125943578745e+00
6.431372549019607199e-01 1.559600197593849824e+00
6.470588235294117974e-01 3.690246267958209980e+00
6.509803921568627638e-01 4.141667371757369764e+00
6.549019607843137303e-01 4.513695424296081171e+00
6.588235294117646967e-01 3.864551680254691757e+00
6.627450980392156632e-01 2.229201788416633523e+00
6.666666666666666297e-01 4.263996409478457039e+00
6.705882352941175961e-01 3.596527112435939255e+00
6.745098039215686736e-01 4.869373496040902971e+00
6.784313725490196401e-01 3.869036321933279954e+00
6.823529411764706065e-01 1.903721186759251838e+00
6.862745098039215730e-01 3.230171716156110762e+00
6.901960784313725394e-01 2.898947050908774692e+00
6.941176470588235059e-01 2.747920841700821182e+00
6.980392156862744724e-01 4.605565621881346772e+00
7.019607843137254388e-01 3.779688585509470844e+00
7.058823529411764053e-01 3.249352175544833798e+00
7.098039215686274828e-01 3.460295776006036661e+00
7.137254901960784492e-01 2.702188653545391173e+00
7.176470588235294157e-01 4.275632476200565080e+00
7.215686274509803821e-01 3.364470497563118556e+00
7.254901960784313486e-01 3.635834267804387121e+00
7.294117647058823151e-01 3.172848670875927812e+00
7.333333333333332815e-01 3.711642009718488122e+00
7.372549019607843590e-01 3.698579988618404091e+00
7.411764705882353255e-01 5.414922452426497834e+00
7.450980392156862919e-01 3.695288707197247113e+00
7.490196078431372584e-01 4.227868222627063410e+00
7.529411764705882248e-01 3.197591748757589780e+00
7.568627450980391913e-01 1.533636422571366120e+00
7.607843137254901578e-01 3.479328290615783636e+00
7.647058823529411242e-01 1.766901940318845066e+00
7.686274509803920907e-01 4.310138413215284459e+00
7.725490196078431682e-01 2.582638909274427075e+00
7.764705882352941346e-01 3.801943530535549343e+00
7.803921568627451011e-01 3.514181833508439823e+00
7.843137254901960675e-01 3.371302858040352124e+00
7.882352941176470340e-01 3.861175919506470322e+00
7.921568627450980005e-01 4.079315920662712536e+00
7.960784313725489669e-01 4.715809571552821211e+00
8.000000000000000444e-01 1.391799146776169671e+00
8.039215686274510109e-01 4.815102562534939068e+00
8.078431372549019773e-01 7.197905356127773935e-01
8.117647058823529438e-01 3.602905796943374206e-01
8.156862745098039102e-01 4.989176802642544928e+00
8.196078431372548767e-01 2.340996863192733812e+00
8.235294117647058432e-01 8.752572067371640063e-01
8.274509803921568096e-01 2.600201193109142661e+00
8.313725490196077761e-01 5.275333356786400252e-01
8.352941176470588536e-01 2.619111559134163603e+00
8.392156862745098200e-01 1.610939392677406934e+00
8.431372549019607865e-01 2.037834937706424210e+00
8.470588235294117530e-01 1.577067938759816101e+00
8.509803921568627194e-01 4.496757807376565275e+00
8.549019607843136859e-01 1.885793344244226510e+00
8.588235294117646523e-01 2.075851972781211252e+00
8.627450980392157298e-01 2.917816604204868103e+00
8.666666666666666963e-01 2.482498782188658382e+00
8.705882352941176627e-01 1.357571121828652805e+00
8.745098039215686292e-01 3.009883134666641702e+00
8.784313725490195957e-01 2.442773084757638991e-01
8.823529411764705621e-01 1.502539071695296213e+00
8.862745098039215286e-01 1.335008064797871485e+00
8.901960784313724950e-01 7.966797254714956811e-01
8.941176470588234615e-01 2.112345312220634597e+00
8.980392156862745390e-01 9.205226622763789113e-01
9.019607843137255054e-01 2.244198317257325215e+00
9.058823529411764719e-01 2.159251324587359910e+00
9.098039215686274384e-01 3.151073704525085617e+00
9.137254901960784048e-01 2.446533606781905679e+00
9.176470588235293713e-01 2.812741674910595790e+00
9.215686274509803377e-01 1.377513042148899247e+00
9.254901960784314152e-01 3.115120981466057870e+00
9.294117647058823817e-01 2.329707395169685835e+00
9.333333333333333481e-01 3.340984536792248605e+00
9.372549019607843146e-01 3.369902019493402179e+00
9.411764705882352811e-01 1.898927722048098232e+00
9.450980392156862475e-01 2.058097969378290593e+00
9.490196078431372140e-01 2.378939936432831193e+00
9.529411764705881804e-01 2.586202843431299137e+00
9.568627450980391469e-01 2.047922976578363752e+00
9.607843137254902244e-01 2.888054835753539162e+00
9.647058823529411908e-01 2.850782544481602621e+00
9.686274509803921573e-01 2.616353508558834751e+00
9.725490196078431238e-01 1.790726053960314257e+00
9.764705882352940902e-01 2.089277926063992208e+00
9.803921568627450567e-01 1.076878650431945417e+00
9.843137254901960231e-01 1.997312257842708938e+00
9.882352941176471006e-01 2.525626771572081708e+00
9.921568627450980671e-01 5.744600739568506143e-01
9.960784313725490335e-01 5.987495316518318678e-01
1.000000000000000000e+00 3.206232136619520556e+00
