0.000000000000000000e+00 3.160683743475155350e+00
3.921568627450980338e-03 3.779002321697362277e+00
7.843137254901960675e-03 6.013182183856443430e+00
1.176470588235294101e-02 4.288320294600058702e+00
1.568627450980392135e-02 2.142737505381588914e+00
1.960784313725490169e-02 3.391379873959447622e+00
2.352941176470588203e-02 2.457291725323613285e+00
2.745098039215686236e-02 2.599399361629572525e+00
3.137254901960784270e-02 4.277454873514982658e+00
3.529411764705882304e-02 3.054387772972556814e+00
3.921568627450980338e-02 4.705334665107911540e+00
4.313725490196078372e-02 1.180903069457592824e+00
4.705882352941176405e-02 4.687218117663600303e+00
5.098039215686274439e-02 2.645929438635461928e+00
5.490196078431372473e-02 3.111616339900053152e+00
5.882352941176470507e-02 2.073944836142404213e+00
6.274509803921568540e-02 2.979735216780577289e+00
6.666666666666666574e-02 3.896793581722370003e+00
7.058823529411764608e-02 6.250575770706187306e+00
7.450980392156862642e-02 4.512794937568511244e+00
7.843137254901960675e-02 4.475306843438036530e+00
8.235294117647058709e-02 3.646051161808862240e+00
8.627450980392156743e-02 4.887813263958009635e+00
9.019607843137254777e-02 2.991401291752782576e+00
9.411764705882352811e-02 3.755954191705433765e+00
9.803921568627450844e-02 4.729059547436792244e+00
1.019607843137254888e-01 5.003689906011617339e+00
1.058823529411764691e-01 3.995866697417759461e+00
1.098039215686274495e-01 3.354559276355887132e+00
1.137254901960784298e-01 3.585334333138639806e+00
1.176470588235294101e-01 4.995130145385025422e+00
1.215686274509803905e-01 4.389970420446490884e+00
1.254901960784313708e-01 5.257204488234428652e+00
1.294117647058823373e-01 6.764748051878759938e+00
1.333333333333333315e-01 3.204956501312702155e+00
1.372549019607843257e-01 3.999062400829234143e+00
1.411764705882352922e-01 5.723773501936729069e+00
1.450980392156862586e-01 4.624462303296493992e+00
1.490196078431372528e-01 4.321228793476795005e+00
1.529411764705882470e-01 3.460279953936693964e+00
1.568627450980392135e-01 6.061623682547653047e+00
1.607843137254901800e-01 2.958445866847769334e+00
1.647058823529411742e-01 4.213221644380648279e+00
1.686274509803921684e-01 5.161034954240007799e+00
1.725490196078431349e-01 4.915708134879904101e+00
1.764705882352941013e-01 5.786319698142465384e+00
1.803921568627450955e-01 4.364061919356140962e+00
1.843137254901960898e-01 5.280648010299567652e+00
1.882352941176470562e-01 6.946754402024151176e+00
1.921568627450980227e-01 5.417928122100676980e+00
1.960784313725490169e-01 5.238274515695442446e+00
2.000000000000000111e-01 4.635724580919349691e+00
2.039215686274509776e-01 5.627423309199819812e+00
2.078431372549019440e-01 6.123871584532235346e+00
2.117647058823529382e-01 6.416800364700530501e+00
2.156862745098039325e-01 6.398823883703289361e+00
2.196078431372548989e-01 7.452092005426589338e+00
2.235294117647058654e-01 6.409834842979826419e+00
2.274509803921568596e-01 6.742858021531385582e+00
2.313725490196078538e-01 6.553923576791344630e+00
2.352941176470588203e-01 9.027899165139668725e+00
2.392156862745097867e-01 7.495857185115772481e+00
2.431372549019607809e-01 7.004917706037002922e+00
2.470588235294117752e-01 6.353563111764435334e+00
2.509803921568627416e-01 5.982430036718994870e+00
2.549019607843137081e-01 7.161082693099505292e+00
2.588235294117646745e-01 6.628502632148189022e+00
2.627450980392156965e-01 5.370095123023982175e+00
2.666666666666666630e-01 7.468569425204093726e+00
2.705882352941176294e-01 8.329636064601384504e+00
2.745098039215686514e-01 6.264026053990233045e+00
2.784313725490196179e-01 7.009762134774083719e+00
2.823529411764705843e-01 6.527178365728202536e+00
2.862745098039215508e-01 6.130436534668465498e+00
2.901960784313725172e-01 5.902898350613561718e+00
2.941176470588235392e-01 8.069242312819463692e+00
2.980392156862745057e-01 7.128240434557457483e+00
3.019607843137254721e-01 9.053717842411995065e+00
3.058823529411764941e-01 8.381693863662942334e+00
3.098039215686274606e-01 7.129468515092963088e+00
3.137254901960784270e-01 8.016772713196113287e+00
3.176470588235293935e-01 7.363285421249337048e+00
3.215686274509803599e-01 7.705813411119339484e+00
3.254901960784313819e-01 8.171604172832960700e+00
3.294117647058823484e-01 9.549022008141150764e+00
3.333333333333333148e-01 7.933617708433687632e+00
3.372549019607843368e-01 8.199597769887667198e+00
3.411764705882353033e-01 8.533791280175734073e+00
3.450980392156862697e-01 7.842208332803921600e+00
3.490196078431372362e-01 6.859821080934094262e+00
3.529411764705882026e-01 8.012783604214964939e+00
3.568627450980392246e-01 6.332359059155338699e+00
3.607843137254901911e-01 7.746402063844318064e+00
3.647058823529411575e-01 8.025789999660707608e+00
3.686274509803921795e-01 9.007868799821164174e+00
3.725490196078431460e-01 8.985226612920730105e+00
3.764705882352941124e-01 9.609581601081838897e+00
3.803921568627450789e-01 9.046863191772086310e+00
3.843137254901960453e-01 8.648677096249022256e+00
3.882352941176470673e-01 8.780898505901024720e+00
3.921568627450980338e-01 9.404527817590288663e+00
3.960784313725490002e-01 8.785832573328798745e+00
4.000000000000000222e-01 8.039371117626153307e+00
4.039215686274509887e-01 9.336393590812313903e+00
4.078431372549019551e-01 9.497351738841487645e+00
4.117647058823529216e-01 7.909495021388204705e+00
4.156862745098038880e-01 7.948549259300035530e+00
4.196078431372549100e-01 8.179629044929392023e+00
4.235294117647058765e-01 9.459534754024325309e+00
4.274509803921568429e-01 1.028521207487900568e+01
4.313725490196078649e-01 9.629714125208797881e+00
4.352941176470588314e-01 8.325911064879797152e+00
4.392156862745097978e-01 6.886729324798231744e+00
4.431372549019607643e-01 9.984919266139169025e+00
4.470588235294117307e-01 7.950678379288778075e+00
4.509803921568627527e-01 9.372098288121378573e+00
4.549019607843137192e-01 9.174534583557974798e+00
4.588235294117646856e-01 9.214353515303860931e+00
4.627450980392157076e-01 1.020138979455714789e+01
4.666666666666666741e-01 8.639339910553868407e+00
4.705882352941176405e-01 1.057288746668572443e+01
4.745098039215686070e-01 1.108009559706101221e+01
4.784313725490195734e-01 1.157714943793890328e+01
4.823529411764705954e-01 1.105838474511732983e+01
4.862745098039215619e-01 1.111085182994822773e+01
4.901960784313725283e-01 1.022691605240011903e+01
4.941176470588235503e-01 8.645945624679319153e+00
4.980392156862745168e-01 8.451516577854402357e+00
5.019607843137254832e-01 1.069757680793930277e+01
5.058823529411764497e-01 6.967601090029411637e+00
5.098039215686274161e-01 1.011034663578986148e+01
5.137254901960783826e-01 9.758587074468554334e+00
5.176470588235293491e-01 1.202572928434101485e+01
5.215686274509804266e-01 9.208342578290039881e+00
5.254901960784313930e-01 9.340993140723055532e+00
5.294117647058823595e-01 8.670635771440664996e+00
5.333333333333333259e-01 9.147225812015893354e+00
5.372549019607842924e-01 8.785371771831158583e+00
5.411764705882352589e-01 1.075515634946321519e+01
5.450980392156862253e-01 9.656701096410653662e+00
5.490196078431373028e-01 9.809583819921682490e+00
5.529411764705882693e-01 1.044395769870566504e+01
5.568627450980392357e-01 1.031487139264114994e+01
5.607843137254902022e-01 8.322246922330949204e+00
5.647058823529411686e-01 8.723730891082082550e+00
5.686274509803921351e-01 9.464739327008071967e+00
5.725490196078431016e-01 1.012783919557950263e+01
5.764705882352940680e-01 1.023141449420542060e+01
5.803921568627450345e-01 9.215182731589097287e+00
5.843137254901961120e-01 8.431764780980543605e+00
5.882352941176470784e-01 9.598273027883275077e+00
5.921568627450980449e-01 9.965217969041152202e+00
5.960784313725490113e-01 8.048078561383244178e+00
5.999999999999999778e-01 9.694510853841979525e+00
6.039215686274509443e-01 1.187063115264950142e+01
6.078431372549019107e-01 9.536650907411228673e+00
6.117647058823529882e-01 8.685660209790158959e+00
6.156862745098039547e-01 9.535295293921281612e+00
6.196078431372549211e-01 7.951522500256394288e+00
6.235294117647058876e-01 9.826262414270010126e+00
6.274509803921568540e-01 7.477849461359930672e+00
6.313725490196078205e-01 1.173972427597669288e+01
6.352941176470587870e-01 1.127913615219449639e+01
6.392156862745097534e-01 1.038938127036958647e+01
6.431372549019607199e-01 1.065217746917243069e+01
6.470588235294117974e-01 9.473001288418537058e+00
6.509803921568627638e-01 8.265858981485761703e+00
6.549019607843137303e-01 8.203248024769376201e+00
6.588235294117646967e-01 8.612036358495284816e+00
6.627450980392156632e-01 9.013934906144097425e+00
6.666666666666666297e-01 8.796691284227605934e+00
6.705882352941175961e-01 1.074035399647644162e+01
6.745098039215686736e-01 9.874137832102562129e+00
6.784313725490196401e-01 7.705646451867702140e+00
6.823529411764706065e-01 9.604106850000992068e+00
6.862745098039215730e-01 7.327070497638701774e+00
6.901960784313725394e-01 9.616105764330379557e+00
6.941176470588235059e-01 9.080000908644233704e+00
6.980392156862744724e-01 8.545681318110993629e+00
7.019607843137254388e-01 8.498082998802027888e+00
7.058823529411764053e-01 8.436681248010035716e+00
7.098039215686274828e-01 9.156158826675964590e+00
7.137254901960784492e-01 8.363757291900711266e+00
7.176470588235294157e-01 7.013349580746366385e+00
7.215686274509803821e-01 5.847411995121341022e+00
7.254901960784313486e-01 7.003089913074576955e+00
7.294117647058823151e-01 7.742324810630758947e+00
7.333333333333332815e-01 8.236628302242733568e+00
7.372549019607843590e-01 8.357644242166697879e+00
7.411764705882353255e-01 9.016134757488220686e+00
7.450980392156862919e-01 7.664310016957609051e+00
7.490196078431372584e-01 8.101904893031989019e+00
7.529411764705882248e-01 8.524103266246251920e+00
7.568627450980391913e-01 7.366451898533908249e+00
7.607843137254901578e-01 9.597771113069603288e+00
7.647058823529411242e-01 8.267310538411345888e+00
7.686274509803920907e-01 6.876757713073702760e+00
7.725490196078431682e-01 9.163042026568531284e+00
7.764705882352941346e-01 6.072113533612585101e+00
7.803921568627451011e-01 7.108533917102131561e+00
7.843137254901960675e-01 6.818169274336074892e+00
7.882352941176470340e-01 7.943771439705426651e+00
7.921568627450980005e-01 7.020829783192486850e+00
7.960784313725489669e-01 6.682089627754988825e+00
8.000000000000000444e-01 6.416318258878487057e+00
8.039215686274510109e-01 6.176442155483805152e+00
8.078431372549019773e-01 7.040394126449127654e+00
8.117647058823529438e-01 5.806198350980897871e+00
8.156862745098039102e-01 7.083038832925123707e+00
8.196078431372548767e-01 7.220981568208955537e+00
8.235294117647058432e-01 6.936723287334778831e+00
8.274509803921568096e-01 7.494307857973248055e+00
8.313725490196077761e-01 8.862535903558807604e+00
8.352941176470588536e-01 6.142757556281657649e+00
8.392156862745098200e-01 6.826913656456253143e+00
8.431372549019607865e-01 5.961687180782045736e+00
8.470588235294117530e-01 6.203208588732316286e+00
8.509803921568627194e-01 7.301990385480448431e+00
8.549019607843136859e-01 5.055898873915438685e+00
8.588235294117646523e-01 6.759541857197628900e+00
8.627450980392157298e-01 7.916330734766842347e+00
8.666666666666666963e-01 4.463802787125645821e+00
8.705882352941176627e-01 4.853830413100510555e+00
8.745098039215686292e-01 7.464225841566264563e+00
8.784313725490195957e-01 5.957140138895717918e+00
8.823529411764705621e-01 5.937527225603925984e+00
8.862745098039215286e-01 6.170023349602217877e+00
8.901960784313724950e-01 6.770260983375067099e+00
8.941176470588234615e-01 5.528515527425632570e+00
8.980392156862745390e-01 6.020029835077184366e+00
9.019607843137255054e-01 6.629732867774649208e+00
9.058823529411764719e-01 3.522046106101774043e+00
9.098039215686274384e-01 6.446401179340068843e+00
9.137254901960784048e-01 5.576617771088659303e+00
9.176470588235293713e-01 5.485705898726287444e+00
9.215686274509803377e-01 6.289928509308777116e+00
9.254901960784314152e-01 4.837846027178168917e+00
9.294117647058823817e-01 4.595874701455792355e+00
9.333333333333333481e-01 7.044109158229483469e+00
9.372549019607843146e-01 6.015861674764711786e+00
9.411764705882352811e-01 6.088322594111382990e+00
9.450980392156862475e-01 4.341403366832670585e+00
9.490196078431372140e-01 5.426661671814169807e+00
9.529411764705881804e-01 4.726080624128207397e+00
9.568627450980391469e-01 4.991688902570343700e+00
9.607843137254902244e-01 5.835707713510609018e+00
9.647058823529411908e-01 4.013804242466662231e+00
9.686274509803921573e-01 6.580954594886770259e+00
9.725490196078431238e-01 6.218552885421808618e+00
9.764705882352940902e-01 4.933641768058781629e+00
9.803921568627450567e-01 4.954797375786635705e+00
9.843137254901960231e-01 4.807052849400610839e+00
9.882352941176471006e-01 5.643232932852503048e+00
9.921568627450980671e-01 4.297366106852669176e+00
9.960784313725490335e-01 5.398823519236831459e+00
1.000000000000000000e+00 7.113953319412548382e+00
