0.000000000000000000e+00 9.486568086217763707e+00
3.921568627450980338e-03 1.000581478474135899e+01
7.843137254901960675e-03 9.767092674582436018e+00
1.176470588235294101e-02 1.067436774995558224e+01
1.568627450980392135e-02 1.090074670084298702e+01
1.960784313725490169e-02 9.989764628500973132e+00
2.352941176470588203e-02 1.012545023143505318e+01
2.745098039215686236e-02 9.548934317045734588e+00
3.137254901960784270e-02 1.107279292543851668e+01
3.529411764705882304e-02 7.338903764945239772e+00
3.921568627450980338e-02 8.029085921544616866e+00
4.313725490196078372e-02 9.109018736689039386e+00
4.705882352941176405e-02 1.027736613861792492e+01
5.098039215686274439e-02 1.028419890695191441e+01
5.490196078431372473e-02 9.273617019892018476e+00
5.882352941176470507e-02 1.041875697278047852e+01
6.274509803921568540e-02 9.800033891360543592e+00
6.666666666666666574e-02 1.136517266991497799e+01
7.058823529411764608e-02 9.784486645219208967e+00
7.450980392156862642e-02 1.027038659483089766e+01
7.843137254901960675e-02 8.881072958442141285e+00
8.235294117647058709e-02 1.162536896438130185e+01
8.627450980392156743e-02 1.111366076134917336e+01
9.019607843137254777e-02 1.085560272202192600e+01
9.411764705882352811e-02 1.280227584025680088e+01
9.803921568627450844e-02 1.185855689034920424e+01
1.019607843137254888e-01 1.055334305030717346e+01
1.058823529411764691e-01 1.044216429470089125e+01
1.098039215686274495e-01 1.011311454670153331e+01
1.137254901960784298e-01 1.097899311030889002e+01
1.176470588235294101e-01 1.015890623002559856e+01
1.215686274509803905e-01 9.502126545253039680e+00
1.254901960784313708e-01 1.188762565270375227e+01
1.294117647058823373e-01 9.765211071185094127e+00
1.333333333333333315e-01 9.744391670137165562e+00
1.372549019607843257e-01 9.276744233865748868e+00
1.411764705882352922e-01 1.093060682214932733e+01
1.450980392156862586e-01 1.228645732658949186e+01
1.490196078431372528e-01 1.057978333723379194e+01
1.529411764705882470e-01 1.015171981762163789e+01
1.568627450980392135e-01 1.074887011386614688e+01
1.607843137254901800e-01 1.102033424445564336e+01
1.647058823529411742e-01 1.048941786287182509e+01
1.686274509803921684e-01 9.862740396843481250e+00
1.725490196078431349e-01 9.045654806688602889e+00
1.764705882352941013e-01 1.201027385992486352e+01
1.803921568627450955e-01 1.071523673558349188e+01
1.843137254901960898e-01 1.124377340282258153e+01
1.882352941176470562e-01 1.020450929249225069e+01
1.921568627450980227e-01 1.157443938294767527e+01
1.960784313725490169e-01 1.112861019915401428e+01
2.000000000000000111e-01 1.114661129260953487e+01
2.039215686274509776e-01 1.057283394019018807e+01
2.078431372549019440e-01 1.115345877470758751e+01
2.117647058823529382e-01 1.155247673233393257e+01
2.156862745098039325e-01 1.045147643439857177e+01
2.196078431372548989e-01 9.437986270764010754e+00
2.235294117647058654e-01 1.097958633107909066e+01
2.274509803921568596e-01 9.898078923957349673e+00
2.313725490196078538e-01 1.060172807565756870e+01
2.352941176470588203e-01 1.135300722891823888e+01
2.392156862745097867e-01 9.937882216925713053e+00
2.431372549019607809e-01 1.120492354410692926e+01
2.470588235294117752e-01 1.379297040787021089e+01
2.509803921568627416e-01 9.610272517360517242e+00
2.549019607843137081e-01 9.719207080839547430e+00
2.588235294117646745e-01 1.049973260989444057e+01
2.627450980392156965e-01 9.424330865478937724e+00
2.666666666666666630e-01 1.016869025076505295e+01
2.705882352941176294e-01 1.125686198274400951e+01
2.745098039215686514e-01 1.250779781256887091e+01
2.784313725490196179e-01 1.069792522515975364e+01
2.823529411764705843e-01 1.060252825551341260e+01
2.862745098039215508e-01 9.869731400691717838e+00
2.901960784313725172e-01 1.035218210708515585e+01
2.941176470588235392e-01 1.054373581281067018e+01
2.980392156862745057e-01 1.088757333484558565e+01
3.019607843137254721e-01 8.779639616882169761e+00
3.058823529411764941e-01 9.566855680194274569e+00
3.098039215686274606e-01 9.946408750719886172e+00
3.137254901960784270e-01 1.038309470621278940e+01
3.176470588235293935e-01 1.028499472170901363e+01
3.215686274509803599e-01 1.058638620175731937e+01
3.254901960784313819e-01 9.687793327743058569e+00
3.294117647058823484e-01 9.285308190064625933e+00
3.333333333333333148e-01 1.049636131211827816e+01
3.372549019607843368e-01 7.680969114240351558e+00
3.411764705882353033e-01 8.619044091574460609e+00
3.450980392156862697e-01 9.623772842580905262e+00
3.490196078431372362e-01 1.047482273344400916e+01
3.529411764705882026e-01 7.586614195126752946e+00
3.568627450980392246e-01 9.520695163848204245e+00
3.607843137254901911e-01 6.780020944492992641e+00
3.647058823529411575e-01 8.616002636391327130e+00
3.686274509803921795e-01 7.093543280242687210e+00
3.725490196078431460e-01 7.810145046760682774e+00
3.764705882352941124e-01 9.048233337677510590e+00
3.803921568627450789e-01 1.029994576970256226e+01
3.843137254901960453e-01 9.756959430219172447e+00
3.882352941176470673e-01 8.998393196233976710e+00
3.921568627450980338e-01 8.825594662978552662e+00
3.960784313725490002e-01 7.904060552253524108e+00
4.000000000000000222e-01 9.064555202328937966e+00
4.039215686274509887e-01 7.568906939491816921e+00
4.078431372549019551e-01 8.294935270261083460e+00
4.117647058823529216e-01 1.004085396908666716e+01
4.156862745098038880e-01 9.419941570840974165e+00
4.196078431372549100e-01 7.280514517067063096e+00
4.235294117647058765e-01 7.462178875580494974e+00
4.274509803921568429e-01 7.328694205186533139e+00
4.313725490196078649e-01 8.108784750157360222e+00
4.352941176470588314e-01 8.288156219032831729e+00
4.392156862745097978e-01 1.023072305227652024e+01
4.431372549019607643e-01 7.063617682611531556e+00
4.470588235294117307e-01 8.868283549815714650e+00
4.509803921568627527e-01 8.190926939434083565e+00
4.549019607843137192e-01 7.766846598083246178e+00
4.588235294117646856e-01 6.534928793424231941e+00
4.627450980392157076e-01 9.339035284016086180e+00
4.666666666666666741e-01 9.368164045626837577e+00
4.705882352941176405e-01 6.211352771449067056e+00
4.745098039215686070e-01 8.073063894995415879e+00
4.784313725490195734e-01 7.301089726156427595e+00
4.823529411764705954e-01 8.585118741632880912e+00
4.862745098039215619e-01 7.299900670977375938e+00
4.901960784313725283e-01 6.874299635196368108e+00
4.941176470588235503e-01 8.521915530281281903e+00
4.980392156862745168e-01 6.662429809157372596e+00
5.019607843137254832e-01 6.265954996858440929e+00
5.058823529411764497e-01 7.554639578930277821e+00
5.098039215686274161e-01 7.718675159197893265e+00
5.137254901960783826e-01 5.835723115649700254e+00
5.176470588235293491e-01 7.847369133887163173e+00
5.215686274509804266e-01 9.512945068745956689e+00
5.254901960784313930e-01 6.684027847177589798e+00
5.294117647058823595e-01 6.845534124157873102e+00
5.333333333333333259e-01 6.688627150674667732e+00
5.372549019607842924e-01 6.123497143592315339e+00
5.411764705882352589e-01 7.913419536345479344e+00
5.450980392156862253e-01 5.345104560700072227e+00
5.490196078431373028e-01 7.316998345531766645e+00
5.529411764705882693e-01 5.701470415287804627e+00
5.568627450980392357e-01 5.358880493040302007e+00
5.607843137254902022e-01 6.060791500261215603e+00
5.647058823529411686e-01 6.147593276382431249e+00
5.686274509803921351e-01 6.716060633792249490e+00
5.725490196078431016e-01 7.149605578403562589e+00
5.764705882352940680e-01 5.332314138442988849e+00
5.803921568627450345e-01 6.269661173692431255e+00
5.843137254901961120e-01 5.189753753159381588e+00
5.882352941176470784e-01 4.981150634131351396e+00
5.921568627450980449e-01 5.480560380228498119e+00
5.960784313725490113e-01 5.738359374056043904e+00
5.999999999999999778e-01 5.692154093852994201e+00
6.039215686274509443e-01 6.192706272901495446e+00
6.078431372549019107e-01 5.808901177682223249e+00
6.117647058823529882e-01 7.783075397671751716e+00
6.156862745098039547e-01 5.452208972168861578e+00
6.196078431372549211e-01 6.405423755640623718e+00
6.235294117647058876e-01 7.086338315759324047e+00
6.274509803921568540e-01 4.032056330555585433e+00
6.313725490196078205e-01 5.186889891047381518e+00
6.352941176470587870e-01 6.035308143859564822e+00
6.392156862745097534e-01 5.294262493481543430e+00
6.431372549019607199e-01 4.368297778838687861e+00
6.470588235294117974e-01 5.209345201676806703e+00
6.509803921568627638e-01 5.605093147972323386e+00
6.549019607843137303e-01 6.981918325802585201e+00
6.588235294117646967e-01 4.131488681960138187e+00
6.627450980392156632e-01 4.021811111645973824e+00
6.666666666666666297e-01 4.627541662937440847e+00
6.705882352941175961e-01 3.360420379631385401e+00
6.745098039215686736e-01 5.729948174235950376e+00
6.784313725490196401e-01 5.642358695937501167e+00
6.823529411764706065e-01 3.862918526216303494e+00
6.862745098039215730e-01 5.587143157812496597e+00
6.901960784313725394e-01 6.100379459970058704e+00
6.941176470588235059e-01 6.684807431233972252e+00
6.980392156862744724e-01 5.907114847959922699e+00
7.019607843137254388e-01 4.613175004689682446e+00
7.058823529411764053e-01 5.233539335793616409e+00
7.098039215686274828e-01 4.581687308713522810e+00
7.137254901960784492e-01 3.649621667180579010e+00
7.176470588235294157e-01 4.841213724533309559e+00
7.215686274509803821e-01 5.610512890577303402e+00
7.254901960784313486e-01 4.373067441421750523e+00
7.294117647058823151e-01 6.026938985290474449e+00
7.333333333333332815e-01 5.421248255687155293e+00
7.372549019607843590e-01 3.444842318445854090e+00
7.411764705882353255e-01 3.756267777441133493e+00
7.450980392156862919e-01 5.813020336694039614e+00
7.490196078431372584e-01 3.520733016098933632e+00
7.529411764705882248e-01 5.687698409694927015e+00
7.568627450980391913e-01 5.132756104790408891e+00
7.607843137254901578e-01 3.392851507989343762e+00
7.647058823529411242e-01 4.427194504102520689e+00
7.686274509803920907e-01 3.914285374538450046e+00
7.725490196078431682e-01 5.178131813737723022e+00
7.764705882352941346e-01 3.598822176859389543e+00
7.803921568627451011e-01 2.547589899087099763e+00
7.843137254901960675e-01 2.676403856917283441e+00
7.882352941176470340e-01 3.004574736984102934e+00
7.921568627450980005e-01 4.916784128539317678e+00
7.960784313725489669e-01 3.720062845254520134e+00
8.000000000000000444e-01 4.507934312656493248e+00
8.039215686274510109e-01 3.515861128707482131e+00
8.078431372549019773e-01 3.477201416797400135e+00
8.117647058823529438e-01 3.344515866466865273e+00
8.156862745098039102e-01 1.971937415729639209e+00
8.196078431372548767e-01 4.642982230938403454e+00
8.235294117647058432e-01 3.564750356485026028e+00
8.274509803921568096e-01 3.392974538160306253e+00
8.313725490196077761e-01 3.472963169151725094e+00
8.352941176470588536e-01 6.159705395514659898e+00
8.392156862745098200e-01 3.138483383127295134e+00
8.431372549019607865e-01 4.696145780446123297e+00
8.470588235294117530e-01 4.039684539154819731e+00
8.509803921568627194e-01 5.070686427461978063e+00
8.549019607843136859e-01 3.972620490565817786e+00
8.588235294117646523e-01 4.858796948987036401e+00
8.627450980392157298e-01 3.395069059417399338e+00
8.666666666666666963e-01 4.661770547533413023e+00
8.705882352941176627e-01 5.015343453927680883e+00
8.745098039215686292e-01 3.794542643659286618e+00
8.784313725490195957e-01 4.719578026831289463e+00
8.823529411764705621e-01 4.508561745253837572e+00
8.862745098039215286e-01 3.444990809629655537e+00
8.901960784313724950e-01 5.407291181428818483e+00
8.941176470588234615e-01 4.744931008130253147e+00
8.980392156862745390e-01 4.247058960873722810e+00
9.019607843137255054e-01 4.174112377787727368e+00
9.058823529411764719e-01 4.472704456360699687e+00
9.098039215686274384e-01 3.200427107711518282e+00
9.137254901960784048e-01 4.412233613261314247e+00
9.176470588235293713e-01 3.177707269652102262e+00
9.215686274509803377e-01 3.610415238321543097e+00
9.254901960784314152e-01 4.323663775435977463e+00
9.294117647058823817e-01 5.550466709739760418e+00
9.333333333333333481e-01 5.088558740581616391e+00
9.372549019607843146e-01 4.586869721381307663e+00
9.411764705882352811e-01 3.587119307064114082e+00
9.450980392156862475e-01 3.305875017020300177e+00
9.490196078431372140e-01 4.656169998583787439e+00
9.529411764705881804e-01 4.835675577893664645e+00
9.568627450980391469e-01 4.790972941874637847e+00
9.607843137254902244e-01 4.003199459836604746e+00
9.647058823529411908e-01 5.391330015671990772e+00
9.686274509803921573e-01 5.779431292489816130e+00
9.725490196078431238e-01 5.020275694516096010e+00
9.764705882352940902e-01 4.360429508475338167e+00
9.803921568627450567e-01 5.133571767741747394e+00
9.843137254901960231e-01 5.234707634548994903e+00
9.882352941176471006e-01 4.634954698463632283e+00
9.921568627450980671e-01 4.587588662023831532e+00
9.960784313725490335e-01 5.537867346136611246e+00
1.000000000000000000e+00 4.706736098825318848e+00
