0.000000000000000000e+00 4.444255305512149867e+00
3.921568627450980338e-03 4.830644139080932931e+00
7.843137254901960675e-03 4.945735323231339464e+00
1.176470588235294101e-02 5.278347673066538626e+00
1.568627450980392135e-02 2.583416205797713694e+00
1.960784313725490169e-02 5.059793918447057948e+00
2.352941176470588203e-02 3.645181359479654493e+00
2.745098039215686236e-02 3.511555444462782116e+00
3.137254901960784270e-02 5.315635600208528544e+00
3.529411764705882304e-02 4.438842364640585458e+00
3.921568627450980338e-02 3.546850134905203511e+00
4.313725490196078372e-02 4.951566265571389458e+00
4.705882352941176405e-02 4.156389158383371196e+00
5.098039215686274439e-02 3.610139057051742206e+00
5.490196078431372473e-02 4.448884857739633603e+00
5.882352941176470507e-02 3.190859253760160552e+00
6.274509803921568540e-02 2.465739107625867454e+00
6.666666666666666574e-02 4.908779644528398656e+00
7.058823529411764608e-02 3.354098607361411410e+00
7.450980392156862642e-02 3.441469982597117561e+00
7.843137254901960675e-02 3.754272324094839242e+00
8.235294117647058709e-02 4.169803687450646557e+00
8.627450980392156743e-02 4.376286446393076623e+00
9.019607843137254777e-02 4.098071434570784710e+00
9.411764705882352811e-02 3.574162693534994162e+00
9.803921568627450844e-02 4.838618683599403170e+00
1.019607843137254888e-01 3.559078429441218994e+00
1.058823529411764691e-01 3.107470807230773513e+00
1.098039215686274495e-01 3.537302503712671076e+00
1.137254901960784298e-01 2.799665032950516164e+00
1.176470588235294101e-01 5.120893001368986397e+00
1.215686274509803905e-01 3.509004611765625725e+00
1.254901960784313708e-01 5.202355389600069380e+00
1.294117647058823373e-01 4.479799169657296076e+00
1.333333333333333315e-01 2.154954152158458314e+00
1.372549019607843257e-01 3.935467901280260250e+00
1.411764705882352922e-01 4.444844680145039639e+00
1.450980392156862586e-01 1.911206225399525005e+00
1.490196078431372528e-01 4.116248642213739650e+00
1.529411764705882470e-01 3.681006087933917925e+00
1.568627450980392135e-01 3.894973716877378589e+00
1.607843137254901800e-01 4.125179386122886704e+00
1.647058823529411742e-01 3.352961284685278542e+00
1.686274509803921684e-01 5.206629571366885756e+00
1.725490196078431349e-01 5.433734353792300631e+00
1.764705882352941013e-01 5.816623569081357914e+00
1.803921568627450955e-01 3.474107376540001013e+00
1.843137254901960898e-01 4.194871843882006957e+00
1.882352941176470562e-01 3.304946522295586053e+00
1.921568627450980227e-01 3.559457987208669572e+00
1.960784313725490169e-01 2.372431561750279805e+00
2.000000000000000111e-01 2.558909582834602681e+00
2.039215686274509776e-01 2.737486776092147522e+00
2.078431372549019440e-01 2.421819490254245366e+00
2.117647058823529382e-01 4.204723357399697825e+00
2.156862745098039325e-01 3.234465593493522029e+00
2.196078431372548989e-01 4.675978235312231668e+00
2.235294117647058654e-01 5.497005189999759622e+00
2.274509803921568596e-01 3.062404566531394590e+00
2.313725490196078538e-01 2.875695988706545414e+00
2.352941176470588203e-01 3.139007342371295195e+00
2.392156862745097867e-01 4.913431944780271010e+00
2.431372549019607809e-01 2.873181718408575058e+00
2.470588235294117752e-01 3.019878039656923807e+00
2.509803921568627416e-01 2.893927136987076043e+00
2.549019607843137081e-01 3.002887659737992543e+00
2.588235294117646745e-01 4.129769072143207431e+00
2.627450980392156965e-01 4.041893983043491900e+00
2.666666666666666630e-01 3.821361685817556975e+00
2.705882352941176294e-01 3.702023332958785495e+00
2.745098039215686514e-01 3.415511202266621638e+00
2.784313725490196179e-01 4.917553032935114032e+00
2.823529411764705843e-01 5.212760243284005668e+00
2.862745098039215508e-01 4.194952623310522100e+00
2.901960784313725172e-01 4.426734975548626494e+00
2.941176470588235392e-01 3.922849279919510490e+00
2.980392156862745057e-01 3.186292042039110317e+00
3.019607843137254721e-01 4.413068382385632482e+00
3.058823529411764941e-01 3.918389674792495114e+00
3.098039215686274606e-01 2.919296932154148649e+00
3.137254901960784270e-01 5.536884484223483227e+00
3.176470588235293935e-01 5.321277633685600250e+00
3.215686274509803599e-01 4.716260081607559052e+00
3.254901960784313819e-01 4.456721119271597864e+00
3.294117647058823484e-01 6.402225431020437618e+00
3.333333333333333148e-01 4.817601460585875017e+00
3.372549019607843368e-01 4.891297379869337547e+00
3.411764705882353033e-01 4.306460594088850513e+00
3.450980392156862697e-01 4.833940554728942907e+00
3.490196078431372362e-01 4.459960225306472736e+00
3.529411764705882026e-01 3.737335012683606017e+00
3.568627450980392246e-01 6.675137821884916889e+00
3.607843137254901911e-01 3.948129478065291131e+00
3.647058823529411575e-01 4.066164829880009712e+00
3.686274509803921795e-01 4.424701115817638808e+00
3.725490196078431460e-01 5.280089601233965979e+00
3.764705882352941124e-01 4.832404906266198452e+00
3.803921568627450789e-01 2.287028562725317293e+00
3.843137254901960453e-01 2.817977919427482547e+00
3.882352941176470673e-01 5.058569076948799648e+00
3.921568627450980338e-01 5.926973666250842321e+00
3.960784313725490002e-01 5.189748873880706270e+00
4.000000000000000222e-01 5.746039618210472710e+00
4.039215686274509887e-01 4.865625566531465829e+00
4.078431372549019551e-01 6.565620995678215444e+00
4.117647058823529216e-01 5.523349120528501466e+00
4.156862745098038880e-01 6.027927788944070109e+00
4.196078431372549100e-01 3.761403348318522522e+00
4.235294117647058765e-01 5.459851436496577115e+00
4.274509803921568429e-01 3.662613227817677064e+00
4.313725490196078649e-01 6.626919964237730554e+00
4.352941176470588314e-01 7.143607917233376625e+00
4.392156862745097978e-01 6.449043699350788472e+00
4.431372549019607643e-01 7.093430186118787617e+00
4.470588235294117307e-01 6.211300114933115957e+00
4.509803921568627527e-01 5.814010506283707969e+00
4.549019607843137192e-01 4.797919417966531874e+00
4.588235294117646856e-01 5.790198690944222903e+00
4.627450980392157076e-01 5.729484104624139817e+00
4.666666666666666741e-01 6.666597681685923149e+00
4.705882352941176405e-01 5.773466518070209830e+00
4.745098039215686070e-01 3.768473891718743474e+00
4.784313725490195734e-01 3.547682216678820666e+00
4.823529411764705954e-01 4.849706885708962467e+00
4.862745098039215619e-01 5.831604692709656312e+00
4.901960784313725283e-01 6.544623392119881089e+00
4.941176470588235503e-01 6.553994079757788249e+00
4.980392156862745168e-01 8.631914676574949041e+00
5.019607843137254832e-01 4.077432860958113636e+00
5.058823529411764497e-01 6.664453921981986717e+00
5.098039215686274161e-01 7.263688009362591735e+00
5.137254901960783826e-01 6.767973031744851653e+00
5.176470588235293491e-01 5.400798644745171906e+00
5.215686274509804266e-01 6.404154681470489052e+00
5.254901960784313930e-01 3.734634311604198231e+00
5.294117647058823595e-01 4.447070661924630741e+00
5.333333333333333259e-01 5.761075633476075097e+00
5.372549019607842924e-01 4.882292295776639257e+00
5.411764705882352589e-01 5.890794191581055550e+00
5.450980392156862253e-01 5.239309704396664102e+00
5.490196078431373028e-01 5.295476276114903236e+00
5.529411764705882693e-01 7.197541847089441447e+00
5.568627450980392357e-01 6.520875471285987324e+00
5.607843137254902022e-01 4.430303365649504777e+00
5.647058823529411686e-01 4.656606246398474980e+00
5.686274509803921351e-01 5.771259852548114466e+00
5.725490196078431016e-01 6.209699914562530232e+00
5.764705882352940680e-01 6.115427521685217194e+00
5.803921568627450345e-01 6.634378970110442530e+00
5.843137254901961120e-01 5.939945097725741974e+00
5.882352941176470784e-01 7.569460977005711300e+00
5.921568627450980449e-01 4.072557802729630083e+00
5.960784313725490113e-01 4.868502011267363372e+00
5.999999999999999778e-01 7.854361367360398027e+00
6.039215686274509443e-01 6.197447783063355864e+00
6.078431372549019107e-01 6.165783804581298710e+00
6.117647058823529882e-01 5.874242220098113698e+00
6.156862745098039547e-01 5.349175096752941450e+00
6.196078431372549211e-01 5.574695757475749858e+00
6.235294117647058876e-01 6.515229573535130214e+00
6.274509803921568540e-01 4.508017078548114398e+00
6.313725490196078205e-01 3.623316483900968166e+00
6.352941176470587870e-01 7.124024686049684085e+00
6.392156862745097534e-01 4.900932506846731762e+00
6.431372549019607199e-01 4.901730514818091855e+00
6.470588235294117974e-01 3.505218418574272743e+00
6.509803921568627638e-01 4.519624498941262836e+00
6.549019607843137303e-01 4.707510874816028590e+00
6.588235294117646967e-01 6.317333854932183357e+00
6.627450980392156632e-01 5.348193636832601960e+00
6.666666666666666297e-01 3.791626669614861722e+00
6.705882352941175961e-01 4.969613239160163509e+00
6.745098039215686736e-01 4.691841494034889593e+00
6.784313725490196401e-01 5.960955000550726801e+00
6.823529411764706065e-01 4.487668047253636772e+00
6.862745098039215730e-01 3.626303847730928176e+00
6.901960784313725394e-01 6.091925205429740586e+00
6.941176470588235059e-01 6.070448637773519174e+00
6.980392156862744724e-01 4.440196610661613086e+00
7.019607843137254388e-01 5.266959871502533197e+00
7.058823529411764053e-01 4.594743030509798487e+00
7.098039215686274828e-01 5.637760783273635390e+00
7.137254901960784492e-01 4.271923964177940292e+00
7.176470588235294157e-01 4.341614282900500221e+00
7.215686274509803821e-01 5.151306697866408157e+00
7.254901960784313486e-01 4.419645902750289679e+00
7.294117647058823151e-01 5.231114333756781143e+00
7.333333333333332815e-01 4.266340710752557719e+00
7.372549019607843590e-01 4.432675342460327350e+00
7.411764705882353255e-01 4.788715203528214559e+00
7.450980392156862919e-01 4.811943151726167933e+00
7.490196078431372584e-01 5.407352796000037820e+00
7.529411764705882248e-01 3.876233029625184123e+00
7.568627450980391913e-01 4.611429990465285123e+00
7.607843137254901578e-01 5.421011841612252802e+00
7.647058823529411242e-01 3.554101404400999531e+00
7.686274509803920907e-01 5.200142571659019275e+00
7.725490196078431682e-01 4.901871579562607550e+00
7.764705882352941346e-01 4.781253987489355595e+00
7.803921568627451011e-01 4.149912278882716521e+00
7.843137254901960675e-01 4.562263834814311636e+00
7.882352941176470340e-01 5.238404702898948884e+00
7.921568627450980005e-01 5.668684066675690580e+00
7.960784313725489669e-01 4.252433294682981924e+00
8.000000000000000444e-01 5.211031852842110901e+00
8.039215686274510109e-01 4.830843091141333367e+00
8.078431372549019773e-01 5.073079447105603990e+00
8.117647058823529438e-01 5.626359580382259473e+00
8.156862745098039102e-01 2.793338828191114231e+00
8.196078431372548767e-01 5.822804384636457442e+00
8.235294117647058432e-01 4.099714353078301343e+00
8.274509803921568096e-01 4.178417169047800250e+00
8.313725490196077761e-01 4.771457435018629845e+00
8.352941176470588536e-01 6.430948974928872630e+00
8.392156862745098200e-01 5.444945585820790690e+00
8.431372549019607865e-01 4.632058822653871033e+00
8.470588235294117530e-01 4.215850301154594248e+00
8.509803921568627194e-01 4.416629959235558900e+00
8.549019607843136859e-01 2.662052678305153908e+00
8.588235294117646523e-01 4.002921535200527181e+00
8.627450980392157298e-01 3.598338973390361684e+00
8.666666666666666963e-01 3.659206428032238279e+00
8.705882352941176627e-01 4.328573986277020502e+00
8.745098039215686292e-01 4.075683708349258083e+00
8.784313725490195957e-01 3.941792887067184559e+00
8.823529411764705621e-01 4.317885988598662905e+00
8.862745098039215286e-01 3.192663891972619794e+00
8.901960784313724950e-01 3.604983998172117232e+00
8.941176470588234615e-01 3.462536162585011290e+00
8.980392156862745390e-01 2.307329842520919883e+00
9.019607843137255054e-01 4.682298344950458713e+00
9.058823529411764719e-01 2.519649612099971847e+00
9.098039215686274384e-01 5.810097791041700432e+00
9.137254901960784048e-01 5.362989612660054917e+00
9.176470588235293713e-01 2.849586169677313485e+00
9.215686274509803377e-01 3.489170329910533219e+00
9.254901960784314152e-01 4.520763335747816747e+00
9.294117647058823817e-01 3.844377756090330056e+00
9.333333333333333481e-01 3.982413015366053077e+00
9.372549019607843146e-01 5.448355861187445193e+00
9.411764705882352811e-01 4.783400486147601605e+00
9.450980392156862475e-01 4.020315691845905093e+00
9.490196078431372140e-01 5.111214018549475213e+00
9.529411764705881804e-01 3.075693233976527274e+00
9.568627450980391469e-01 4.163442921640005956e+00
9.607843137254902244e-01 4.238259472186626908e+00
9.647058823529411908e-01 3.527209904286182862e+00
9.686274509803921573e-01 5.453312771714426077e+00
9.725490196078431238e-01 3.706348539451489899e+00
9.764705882352940902e-01 3.031399662414170582e+00
9.803921568627450567e-01 3.108784239242778469e+00
9.843137254901960231e-01 5.552155754776314289e+00
9.882352941176471006e-01 4.471052403683049903e+00
9.921568627450980671e-01 3.340928615522625655e+00
9.960784313725490335e-01 3.364590852225149753e+00
1.000000000000000000e+00 3.857810855966795849e+00
