0.000000000000000000e+00 4.185870058243681413e+00
3.921568627450980338e-03 6.506488373970245931e+00
7.843137254901960675e-03 3.483938854892175918e+00
1.176470588235294101e-02 3.960470442714213224e+00
1.568627450980392135e-02 5.958804825841665043e+00
1.960784313725490169e-02 4.569460144928082279e+00
2.352941176470588203e-02 3.885849636143442254e+00
2.745098039215686236e-02 5.791694200906182033e+00
3.137254901960784270e-02 3.939181596722484358e+00
3.529411764705882304e-02 3.642947055182084615e+00
3.921568627450980338e-02 4.762133401655638032e+00
4.313725490196078372e-02 5.658666881051585662e+00
4.705882352941176405e-02 6.002281902568469718e+00
5.098039215686274439e-02 3.627195550027095816e+00
5.490196078431372473e-02 2.516332889595413569e+00
5.882352941176470507e-02 3.572835147053646576e+00
6.274509803921568540e-02 4.749470714006161387e+00
6.666666666666666574e-02 2.674973837099789975e+00
7.058823529411764608e-02 5.117725960658937367e+00
7.450980392156862642e-02 2.932904753155624711e+00
7.843137254901960675e-02 2.706814276829660137e+00
8.235294117647058709e-02 3.131410705713778331e+00
8.627450980392156743e-02 2.555381070400367882e+00
9.019607843137254777e-02 4.537258205609976613e+00
9.411764705882352811e-02 3.775199465287702338e+00
9.803921568627450844e-02 4.297149101490549405e+00
1.019607843137254888e-01 3.296684453225047662e+00
1.058823529411764691e-01 2.603697624410356237e+00
1.098039215686274495e-01 2.565416825542780277e+00
1.137254901960784298e-01 2.794566657935098064e+00
1.176470588235294101e-01 5.533155139210214735e+00
1.215686274509803905e-01 4.636934693374252348e+00
1.254901960784313708e-01 3.826448682076560193e+00
1.294117647058823373e-01 3.954792237475259320e+00
1.333333333333333315e-01 3.470610982482654538e+00
1.372549019607843257e-01 4.054669050360827143e+00
1.411764705882352922e-01 3.714325883372356696e+00
1.450980392156862586e-01 5.143593214395727919e+00
1.490196078431372528e-01 1.923589400223862045e+00
1.529411764705882470e-01 3.143385071514184226e+00
1.568627450980392135e-01 5.631872245479492278e+00
1.607843137254901800e-01 4.128775664774599896e+00
1.647058823529411742e-01 2.643022661364812009e+00
1.686274509803921684e-01 4.656783266015690259e+00
1.725490196078431349e-01 2.913866623011749812e+00
1.764705882352941013e-01 3.192581962948071173e+00
1.803921568627450955e-01 2.527258476220775485e+00
1.843137254901960898e-01 5.305482293645086500e+00
1.882352941176470562e-01 4.266265153224310325e+00
1.921568627450980227e-01 4.398792286512407834e+00
1.960784313725490169e-01 4.209778868454011835e+00
2.000000000000000111e-01 4.228297771435816088e+00
2.039215686274509776e-01 2.472152545564385129e+00
2.078431372549019440e-01 3.121649712284424893e+00
2.117647058823529382e-01 4.084052867881044158e+00
2.156862745098039325e-01 2.827040119423890552e+00
2.196078431372548989e-01 3.864045567119890556e+00
2.235294117647058654e-01 3.200232921885068915e+00
2.274509803921568596e-01 3.678153306043798754e+00
2.313725490196078538e-01 1.016758440711239775e+00
2.352941176470588203e-01 3.432143168923284637e+00
2.392156862745097867e-01 4.360276774780531994e+00
2.431372549019607809e-01 3.354687406710788800e+00
2.470588235294117752e-01 4.101052202044318307e+00
2.509803921568627416e-01 2.058117729649711958e+00
2.549019607843137081e-01 4.461960310598157342e+00
2.588235294117646745e-01 4.493360922832393634e+00
2.627450980392156965e-01 2.991615830774952745e+00
2.666666666666666630e-01 3.030005140982582112e+00
2.705882352941176294e-01 2.662062687745449185e+00
2.745098039215686514e-01 4.346987781132969353e+00
2.784313725490196179e-01 3.343932427048520672e+00
2.823529411764705843e-01 4.181664287845991979e+00
2.862745098039215508e-01 4.201201549664459023e+00
2.901960784313725172e-01 2.884257901466424023e+00
2.941176470588235392e-01 2.798363619692588511e+00
2.980392156862745057e-01 4.582797308286051141e+00
3.019607843137254721e-01 7.179407704067239493e+00
3.058823529411764941e-01 6.032201135657428992e+00
3.098039215686274606e-01 3.014958110822165249e+00
3.137254901960784270e-01 4.114787243968512698e+00
3.176470588235293935e-01 4.730963273129885849e+00
3.215686274509803599e-01 3.443337094744868487e+00
3.254901960784313819e-01 3.346465440012471149e+00
3.294117647058823484e-01 1.149942244314830830e+00
3.333333333333333148e-01 4.042510534031288572e+00
3.372549019607843368e-01 5.581062412011578822e+00
3.411764705882353033e-01 3.722375282151497267e+00
3.450980392156862697e-01 2.832633851904601485e+00
3.490196078431372362e-01 2.897453463039817212e+00
3.529411764705882026e-01 4.678181247724322311e+00
3.568627450980392246e-01 4.234126159009925061e+00
3.607843137254901911e-01 4.495005069262296260e+00
3.647058823529411575e-01 4.727110370204047562e+00
3.686274509803921795e-01 1.826578339071123214e+00
3.725490196078431460e-01 5.500754794206228482e+00
3.764705882352941124e-01 4.213395646195145616e+00
3.803921568627450789e-01 3.947980920644263314e+00
3.843137254901960453e-01 4.096690180532830183e+00
3.882352941176470673e-01 4.649564509820199198e+00
3.921568627450980338e-01 4.045764634987385477e+00
3.960784313725490002e-01 3.396577591965968423e+00
4.000000000000000222e-01 2.219621259200319052e+00
4.039215686274509887e-01 2.680387102397367105e+00
4.078431372549019551e-01 3.271758959232572206e+00
4.117647058823529216e-01 4.288248218733364148e+00
4.156862745098038880e-01 4.740469670979696737e+00
4.196078431372549100e-01 2.728605780405048975e+00
4.235294117647058765e-01 3.583605115478706526e+00
4.274509803921568429e-01 4.112258043151220122e+00
4.313725490196078649e-01 5.219090030683835479e+00
4.352941176470588314e-01 4.451377189543193502e+00
4.392156862745097978e-01 4.285576603904235782e+00
4.431372549019607643e-01 4.552408190003820465e+00
4.470588235294117307e-01 2.525131228851295262e+00
4.509803921568627527e-01 4.251428311193319765e+00
4.549019607843137192e-01 3.694523237783168934e+00
4.588235294117646856e-01 4.831090570325961231e+00
4.627450980392157076e-01 2.549597848136332168e+00
4.666666666666666741e-01 3.811633881363222454e+00
4.705882352941176405e-01 2.153428968054435622e+00
4.745098039215686070e-01 4.027361881047085923e+00
4.784313725490195734e-01 3.833606516633430328e+00
4.823529411764705954e-01 4.931664006549777213e+00
4.862745098039215619e-01 3.241106185393617167e+00
4.901960784313725283e-01 4.438578719953825136e+00
4.941176470588235503e-01 3.128790829236546500e+00
4.980392156862745168e-01 3.804735277079534850e+00
5.019607843137254832e-01 4.179985000065793876e+00
5.058823529411764497e-01 3.170046702985015230e+00
5.098039215686274161e-01 5.297269532950937609e+00
5.137254901960783826e-01 2.877390902117192173e+00
5.176470588235293491e-01 4.159501076687921461e+00
5.215686274509804266e-01 4.183429648893694619e+00
5.254901960784313930e-01 5.264812237844412657e+00
5.294117647058823595e-01 2.835184795466866969e+00
5.333333333333333259e-01 4.455515662054951420e+00
5.372549019607842924e-01 3.179225232272470336e+00
5.411764705882352589e-01 4.361691260351643784e+00
5.450980392156862253e-01 3.414542506049309534e+00
5.490196078431373028e-01 4.264280520552631515e+00
5.529411764705882693e-01 4.009469193130033915e+00
5.568627450980392357e-01 5.400384392018520607e+00
5.607843137254902022e-01 3.613610110206444848e+00
5.647058823529411686e-01 2.708376686572556036e+00
5.686274509803921351e-01 5.079089553070975427e+00
5.725490196078431016e-01 4.325728234376897241e+00
5.764705882352940680e-01 3.311913866266438244e+00
5.803921568627450345e-01 2.922608059000904923e+00
5.843137254901961120e-01 3.896908208420412745e+00
5.882352941176470784e-01 5.961896952262772942e+00
5.921568627450980449e-01 4.539851343290851382e+00
5.960784313725490113e-01 5.998420267155595731e+00
5.999999999999999778e-01 3.107649403872888794e+00
6.039215686274509443e-01 3.374965398064318833e+00
6.078431372549019107e-01 5.371701278063799379e+00
6.117647058823529882e-01 3.988909245594578046e+00
6.156862745098039547e-01 1.305966689865270869e+00
6.196078431372549211e-01 5.443301605426638545e+00
6.235294117647058876e-01 4.060156069233785026e+00
6.274509803921568540e-01 5.446053185372103478e+00
6.313725490196078205e-01 3.598979522447776525e+00
6.352941176470587870e-01 4.233346601947360455e+00
6.392156862745097534e-01 5.233610804749290857e+00
6.431372549019607199e-01 3.943089575135040548e+00
6.470588235294117974e-01 4.677849857890260310e+00
6.509803921568627638e-01 1.947140064132266701e+00
6.549019607843137303e-01 5.279334224945881893e+00
6.588235294117646967e-01 2.253761502949377160e+00
6.627450980392156632e-01 6.999064521072657641e+00
6.666666666666666297e-01 4.210471266478164054e+00
6.705882352941175961e-01 3.696416936750720250e+00
6.745098039215686736e-01 3.852099223937448524e+00
6.784313725490196401e-01 6.070920686915812325e+00
6.823529411764706065e-01 4.651434759955353826e+00
6.862745098039215730e-01 6.888828868909858016e+00
6.901960784313725394e-01 3.251306995345681905e+00
6.941176470588235059e-01 5.864694996717624065e+00
6.980392156862744724e-01 3.923435067985545643e+00
7.019607843137254388e-01 5.053326080273777166e+00
7.058823529411764053e-01 3.915255408531843173e+00
7.098039215686274828e-01 4.805125051608078124e+00
7.137254901960784492e-01 5.514225001435415940e+00
7.176470588235294157e-01 2.384717907694202665e+00
7.215686274509803821e-01 4.912876448401471308e+00
7.254901960784313486e-01 3.259315212122446237e+00
7.294117647058823151e-01 3.191757856593508080e+00
7.333333333333332815e-01 3.329281778472145792e+00
7.372549019607843590e-01 3.992715945381858589e+00
7.411764705882353255e-01 2.752051119133644086e+00
7.450980392156862919e-01 4.793628579065991602e+00
7.490196078431372584e-01 4.530826156869879107e+00
7.529411764705882248e-01 1.926504629024298421e+00
7.568627450980391913e-01 5.164481669455788015e+00
7.607843137254901578e-01 4.675334890135347088e+00
7.647058823529411242e-01 4.347898488737365952e+00
7.686274509803920907e-01 5.557662229793089992e+00
7.725490196078431682e-01 4.376041141020513336e+00
7.764705882352941346e-01 5.581857741572952669e+00
7.803921568627451011e-01 3.451947330396524460e+00
7.843137254901960675e-01 4.301555993986285742e+00
7.882352941176470340e-01 4.038692623168093299e+00
7.921568627450980005e-01 4.254694403857014251e+00
7.960784313725489669e-01 4.834159479303471230e+00
8.000000000000000444e-01 2.153162027598824579e+00
8.039215686274510109e-01 3.850349941150499333e+00
8.078431372549019773e-01 3.893947559724775687e+00
8.117647058823529438e-01 3.805504471576740766e+00
8.156862745098039102e-01 4.560912369444236170e+00
8.196078431372548767e-01 3.823861847394655289e+00
8.235294117647058432e-01 5.728368900557248011e+00
8.274509803921568096e-01 3.293426899713911116e+00
8.313725490196077761e-01 2.784898142663305709e+00
8.352941176470588536e-01 5.338054472689618635e+00
8.392156862745098200e-01 4.468042643425293114e+00
8.431372549019607865e-01 4.710524477116157627e+00
8.470588235294117530e-01 3.763974267422895981e+00
8.509803921568627194e-01 3.539838260493068489e+00
8.549019607843136859e-01 4.725191336508832052e+00
8.588235294117646523e-01 3.199436066220875841e+00
8.627450980392157298e-01 3.840134452570123980e+00
8.666666666666666963e-01 4.286731285039889983e+00
8.705882352941176627e-01 3.529767204244306900e+00
8.745098039215686292e-01 4.414668163105132770e+00
8.784313725490195957e-01 3.780062384292688815e+00
8.823529411764705621e-01 4.458963990499425378e+00
8.862745098039215286e-01 2.912414496362528915e+00
8.901960784313724950e-01 3.938584579125344209e+00
8.941176470588234615e-01 3.967528730112733104e+00
8.980392156862745390e-01 4.195080985299700416e+00
9.019607843137255054e-01 2.909928093040108354e+00
9.058823529411764719e-01 3.296756557562254830e+00
9.098039215686274384e-01 1.979325312324785591e+00
9.137254901960784048e-01 2.128508170442418468e+00
9.176470588235293713e-01 1.505032412597481439e+00
9.215686274509803377e-01 4.330628311905361016e+00
9.254901960784314152e-01 3.102160424239787329e+00
9.294117647058823817e-01 3.791182931130075318e+00
9.333333333333333481e-01 4.189238103298710492e+00
9.372549019607843146e-01 3.651998180528337912e+00
9.411764705882352811e-01 2.618360248500192888e+00
9.450980392156862475e-01 1.329175246348421657e+00
9.490196078431372140e-01 4.179532364978672199e+00
9.529411764705881804e-01 2.159264894558328152e+00
9.568627450980391469e-01 3.428219390149272794e+00
9.607843137254902244e-01 3.844495369249348649e+00
9.647058823529411908e-01 1.117268755628890053e+00
9.686274509803921573e-01 2.711517937172260417e+00
9.725490196078431238e-01 3.868855448718718559e+00
9.764705882352940902e-01 1.418801966255881952e+00
9.803921568627450567e-01 2.334181182430988155e+00
9.843137254901960231e-01 2.265937046355655404e+00
9.882352941176471006e-01 3.089149328316896703e+00
9.921568627450980671e-01 3.516915531436598297e+00
9.960784313725490335e-01 1.619228340659415011e+00
1.000000000000000000e+00 3.171418420991866327e+00
