0.000000000000000000e+00 8.480354621710120000e+00
3.921568627450980338e-03 6.016825941863967131e+00
7.843137254901960675e-03 9.231305138455875081e+00
1.176470588235294101e-02 1.087557274190987577e+01
1.568627450980392135e-02 8.169668497619449354e+00
1.960784313725490169e-02 8.164175930467630238e+00
2.352941176470588203e-02 9.802836036771708450e+00
2.745098039215686236e-02 9.232816185602336745e+00
3.137254901960784270e-02 1.165700589151619404e+01
3.529411764705882304e-02 1.152009075945700012e+01
3.921568627450980338e-02 7.156884483355324456e+00
4.313725490196078372e-02 8.352170107615705774e+00
4.705882352941176405e-02 1.092799510779548378e+01
5.098039215686274439e-02 6.934734571817550375e+00
5.490196078431372473e-02 8.997296828335251462e+00
5.882352941176470507e-02 9.801623938786070411e+00
6.274509803921568540e-02 9.888438325364427683e+00
6.666666666666666574e-02 9.849077362817784120e+00
7.058823529411764608e-02 1.275913707990304502e+01
7.450980392156862642e-02 8.421393156196678831e+00
7.843137254901960675e-02 9.032632839980061945e+00
8.235294117647058709e-02 8.034708548787929061e+00
8.627450980392156743e-02 7.639312838758746338e+00
9.019607843137254777e-02 9.304315473985180773e+00
9.411764705882352811e-02 1.243010640509134745e+01
9.803921568627450844e-02 9.984832986225654849e+00
1.019607843137254888e-01 9.535345360576394924e+00
1.058823529411764691e-01 8.797302308594284526e+00
1.098039215686274495e-01 1.050899081639744281e+01
1.137254901960784298e-01 7.981004292904186670e+00
1.176470588235294101e-01 9.610732034397965862e+00
1.215686274509803905e-01 1.129662864318558313e+01
1.254901960784313708e-01 8.500274733117494819e+00
1.294117647058823373e-01 1.073231789538191450e+01
1.333333333333333315e-01 9.596444365867162318e+00
1.372549019607843257e-01 9.972046674654649223e+00
1.411764705882352922e-01 1.053913104015821567e+01
1.450980392156862586e-01 8.920554196511435663e+00
1.490196078431372528e-01 1.296637039747354514e+01
1.529411764705882470e-01 9.664956719012097963e+00
1.568627450980392135e-01 7.972872818713383047e+00
1.607843137254901800e-01 9.112550893695145149e+00
1.647058823529411742e-01 7.054860936055764142e+00
1.686274509803921684e-01 1.073878361704006679e+01
1.725490196078431349e-01 1.010528788369827602e+01
1.764705882352941013e-01 8.659843424635793596e+00
1.803921568627450955e-01 7.683648976652520446e+00
1.843137254901960898e-01 9.760598154625057532e+00
1.882352941176470562e-01 1.000107630545611315e+01
1.921568627450980227e-01 1.029141067887692529e+01
1.960784313725490169e-01 8.683271485686542945e+00
2.000000000000000111e-01 1.058230737108409691e+01
2.039215686274509776e-01 8.957331785848445804e+00
2.078431372549019440e-01 9.618655051867879280e+00
2.117647058823529382e-01 1.013646720535136758e+01
2.156862745098039325e-01 9.949057496677289336e+00
2.196078431372548989e-01 1.059897948863718575e+01
2.235294117647058654e-01 1.068202326820599168e+01
2.274509803921568596e-01 1.072520725112675777e+01
2.313725490196078538e-01 7.450617295290116182e+00
2.352941176470588203e-01 8.823450323551300656e+00
2.392156862745097867e-01 9.135771966687258328e+00
2.431372549019607809e-01 8.861622996816294062e+00
2.470588235294117752e-01 9.420179333098637642e+00
2.509803921568627416e-01 8.485602021022236485e+00
2.549019607843137081e-01 8.100111045441481750e+00
2.588235294117646745e-01 8.370796133707461451e+00
2.627450980392156965e-01 1.096273035543639907e+01
2.666666666666666630e-01 1.025956271915523388e+01
2.705882352941176294e-01 8.199607464124026635e+00
2.745098039215686514e-01 9.512455337698332514e+00
2.784313725490196179e-01 1.041489580840686990e+01
2.823529411764705843e-01 9.866912047171311428e+00
2.862745098039215508e-01 8.779217364191030271e+00
2.901960784313725172e-01 8.127017272427648820e+00
2.941176470588235392e-01 1.024753244863137702e+01
2.980392156862745057e-01 1.045367997991164799e+01
3.019607843137254721e-01 8.831922931419899925e+00
3.058823529411764941e-01 9.673102076849563247e+00
3.098039215686274606e-01 9.008042224934188269e+00
3.137254901960784270e-01 9.236589212956198836e+00
3.176470588235293935e-01 1.043633498316035002e+01
3.215686274509803599e-01 8.791100516380202734e+00
3.254901960784313819e-01 8.302268037582212656e+00
3.294117647058823484e-01 7.873303479902604707e+00
3.333333333333333148e-01 1.042553271290540451e+01
3.372549019607843368e-01 7.817623369191124993e+00
3.411764705882353033e-01 8.608572210973747474e+00
3.450980392156862697e-01 9.675785963092698339e+00
3.490196078431372362e-01 7.457280413865677637e+00
3.529411764705882026e-01 8.154013473632785391e+00
3.568627450980392246e-01 7.930861957387303818e+00
3.607843137254901911e-01 7.152855448292684493e+00
3.647058823529411575e-01 9.005312300192487740e+00
3.686274509803921795e-01 6.329147556392811680e+00
3.725490196078431460e-01 8.530650275023250018e+00
3.764705882352941124e-01 8.563949112361585847e+00
3.803921568627450789e-01 9.433670204526132252e+00
3.843137254901960453e-01 8.062639115444085292e+00
3.882352941176470673e-01 7.310232594954720220e+00
3.921568627450980338e-01 7.873564794979575510e+00
3.960784313725490002e-01 9.270545104477045939e+00
4.000000000000000222e-01 8.561901844065918255e+00
4.039215686274509887e-01 7.763198317013446648e+00
4.078431372549019551e-01 7.615043582028878433e+00
4.117647058823529216e-01 6.771775497103533326e+00
4.156862745098038880e-01 8.765828341502984955e+00
4.196078431372549100e-01 7.161852791243203953e+00
4.235294117647058765e-01 7.098224120490895572e+00
4.274509803921568429e-01 6.671263030748808553e+00
4.313725490196078649e-01 6.770239612806356000e+00
4.352941176470588314e-01 7.721125917330685873e+00
4.392156862745097978e-01 7.611160051202012333e+00
4.431372549019607643e-01 9.486354178867314246e+00
4.470588235294117307e-01 6.665841889947067500e+00
4.509803921568627527e-01 6.457155260411362896e+00
4.549019607843137192e-01 7.968907872516989066e+00
4.588235294117646856e-01 8.339718997028072067e+00
4.627450980392157076e-01 6.830597064795807860e+00
4.666666666666666741e-01 8.828038403712497484e+00
4.705882352941176405e-01 7.089195848670870603e+00
4.745098039215686070e-01 8.118380109533525513e+00
4.784313725490195734e-01 7.065105482049571783e+00
4.823529411764705954e-01 8.044875533159386194e+00
4.862745098039215619e-01 8.246314199624617203e+00
4.901960784313725283e-01 8.156007052246762257e+00
4.941176470588235503e-01 7.212771112722067279e+00
4.980392156862745168e-01 8.882566847745408722e+00
5.019607843137254832e-01 6.235293022510525418e+00
5.058823529411764497e-01 7.330836075046415878e+00
5.098039215686274161e-01 6.734301268638953175e+00
5.137254901960783826e-01 6.689400379139766706e+00
5.176470588235293491e-01 7.779627916363528684e+00
5.215686274509804266e-01 7.287532552223853877e+00
5.254901960784313930e-01 9.140357405342035335e+00
5.294117647058823595e-01 7.303220597887707832e+00
5.333333333333333259e-01 5.643356149717319248e+00
5.372549019607842924e-01 5.864273108533413215e+00
5.411764705882352589e-01 7.257018154296591028e+00
5.450980392156862253e-01 7.614531960029998103e+00
5.490196078431373028e-01 7.094068708682206292e+00
5.529411764705882693e-01 7.932342386525011335e+00
5.568627450980392357e-01 7.414321381616173490e+00
5.607843137254902022e-01 7.456863547671797932e+00
5.647058823529411686e-01 7.939529214458157291e+00
5.686274509803921351e-01 7.273423267357980393e+00
5.725490196078431016e-01 7.696550032569087207e+00
5.764705882352940680e-01 6.607474062551536242e+00
5.803921568627450345e-01 6.930278545823992609e+00
5.843137254901961120e-01 6.113905004726220227e+00
5.882352941176470784e-01 5.709738925031705215e+00
5.921568627450980449e-01 6.075130090575538766e+00
5.960784313725490113e-01 7.090976189030886445e+00
5.999999999999999778e-01 7.541405301075090328e+00
6.039215686274509443e-01 5.002636636538190906e+00
6.078431372549019107e-01 7.747307893463402095e+00
6.117647058823529882e-01 4.542592034348940544e+00
6.156862745098039547e-01 7.025276409727000626e+00
6.196078431372549211e-01 5.912709602297120171e+00
6.235294117647058876e-01 6.216584518668089920e+00
6.274509803921568540e-01 7.700769247120225813e+00
6.313725490196078205e-01 5.196825161217089040e+00
6.352941176470587870e-01 5.646144474740163233e+00
6.392156862745097534e-01 5.098355475540501835e+00
6.431372549019607199e-01 5.990206814028378624e+00
6.470588235294117974e-01 6.756055172607482007e+00
6.509803921568627638e-01 5.944278891165627243e+00
6.549019607843137303e-01 6.762461859077053106e+00
6.588235294117646967e-01 5.416619463030778903e+00
6.627450980392156632e-01 7.998862760193244270e+00
6.666666666666666297e-01 5.086129695985267318e+00
6.705882352941175961e-01 5.500921055463509290e+00
6.745098039215686736e-01 7.114955321894322893e+00
6.784313725490196401e-01 6.195727959115600925e+00
6.823529411764706065e-01 7.649736452479896087e+00
6.862745098039215730e-01 7.485377394746388191e+00
6.901960784313725394e-01 8.480644250014856667e+00
6.941176470588235059e-01 5.576581085323561560e+00
6.980392156862744724e-01 6.088649992228224228e+00
7.019607843137254388e-01 6.506104011956892919e+00
7.058823529411764053e-01 5.377225654446609049e+00
7.098039215686274828e-01 6.727134929074568781e+00
7.137254901960784492e-01 6.356989402107327436e+00
7.176470588235294157e-01 5.546040884620483169e+00
7.215686274509803821e-01 6.251400097121178057e+00
7.254901960784313486e-01 6.581647785762449132e+00
7.294117647058823151e-01 5.751819114610551509e+00
7.333333333333332815e-01 6.819530368902406714e+00
7.372549019607843590e-01 6.074018581373697323e+00
7.411764705882353255e-01 4.479317092005564049e+00
7.450980392156862919e-01 5.139565929259485522e+00
7.490196078431372584e-01 3.578090534885451923e+00
7.529411764705882248e-01 7.207132659199424474e+00
7.568627450980391913e-01 5.550674129740030160e+00
7.607843137254901578e-01 6.510944309380642281e+00
7.647058823529411242e-01 4.454763298816996731e+00
7.686274509803920907e-01 6.458167557821298921e+00
7.725490196078431682e-01 6.093084863739028911e+00
7.764705882352941346e-01 3.671079802670861536e+00
7.803921568627451011e-01 5.797664383748704076e+00
7.843137254901960675e-01 5.289001390067896047e+00
7.882352941176470340e-01 4.273956631497097369e+00
7.921568627450980005e-01 5.898092959373890665e+00
7.960784313725489669e-01 6.538375005817901098e+00
8.000000000000000444e-01 3.964190571215668868e+00
8.039215686274510109e-01 3.385783859658867190e+00
8.078431372549019773e-01 4.421654093226329962e+00
8.117647058823529438e-01 6.734153850153490772e+00
8.156862745098039102e-01 6.141533823136623660e+00
8.196078431372548767e-01 5.314291047066936002e+00
8.235294117647058432e-01 6.722542598908149536e+00
8.274509803921568096e-01 6.914158835190475472e+00
8.313725490196077761e-01 5.846901510990549333e+00
8.352941176470588536e-01 5.431019989403560899e+00
8.392156862745098200e-01 6.466988568359848699e+00
8.431372549019607865e-01 6.075692629205917683e+00
8.470588235294117530e-01 4.630624115119907458e+00
8.509803921568627194e-01 4.739316100711850055e+00
8.549019607843136859e-01 7.824289248549964881e+00
8.588235294117646523e-01 4.982422443277792823e+00
8.627450980392157298e-01 6.194324900226804154e+00
8.666666666666666963e-01 6.157474239277981987e+00
8.705882352941176627e-01 5.982505285211056290e+00
8.745098039215686292e-01 5.701171788361265591e+00
8.784313725490195957e-01 6.942529153544642284e+00
8.823529411764705621e-01 2.448008778313880196e+00
8.862745098039215286e-01 6.303702249294451221e+00
8.901960784313724950e-01 5.014740796850530202e+00
8.941176470588234615e-01 5.290848018442600775e+00
8.980392156862745390e-01 6.773156698409719567e+00
9.019607843137255054e-01 6.106299005129377733e+00
9.058823529411764719e-01 5.851070619347358281e+00
9.098039215686274384e-01 5.889949937344932884e+00
9.137254901960784048e-01 6.534316702968012258e+00
9.176470588235293713e-01 5.048588279027417691e+00
9.215686274509803377e-01 6.472314082739656804e+00
9.254901960784314152e-01 4.614386072572522757e+00
9.294117647058823817e-01 6.441993566458149800e+00
9.333333333333333481e-01 6.416471772333124157e+00
9.372549019607843146e-01 5.068515504011748440e+00
9.411764705882352811e-01 6.105916969933045557e+00
9.450980392156862475e-01 3.151913962867308960e+00
9.490196078431372140e-01 4.010756574702737609e+00
9.529411764705881804e-01 4.552863177189243160e+00
9.568627450980391469e-01 5.717032681608107403e+00
9.607843137254902244e-01 7.123067042259300763e+00
9.647058823529411908e-01 6.203842296468509154e+00
9.686274509803921573e-01 4.523892484791535828e+00
9.725490196078431238e-01 5.824315198973849306e+00
9.764705882352940902e-01 6.623270719755077529e+00
9.803921568627450567e-01 5.072048112500369577e+00
9.843137254901960231e-01 5.527661225304170145e+00
9.882352941176471006e-01 5.404245113237085008e+00
9.921568627450980671e-01 5.738573850441398783e+00
9.960784313725490335e-01 4.639693921467325843e+00
1.000000000000000000e+00 2.783060866023078450e+00
