0.000000000000000000e+00 4.233637162389123354e+00
3.921568627450980338e-03 1.539631614315239538e+00
7.843137254901960675e-03 4.190853293121531209e+00
1.176470588235294101e-02 3.843652107749002234e+00
1.568627450980392135e-02 4.085223641272503592e+00
1.960784313725490169e-02 4.201817209569875367e+00
2.352941176470588203e-02 5.721732821024950510e+00
2.745098039215686236e-02 4.572387847669856953e+00
3.137254901960784270e-02 3.010925313745572929e+00
3.529411764705882304e-02 4.787771002225322370e+00
3.921568627450980338e-02 4.949031305697055849e+00
4.313725490196078372e-02 5.163340191371344368e+00
4.705882352941176405e-02 6.119516191034966468e+00
5.098039215686274439e-02 5.281807379663626456e+00
5.490196078431372473e-02 5.272119951715984243e+00
5.882352941176470507e-02 5.180516552590071377e+00
6.274509803921568540e-02 6.578630619188271744e+00
6.666666666666666574e-02 5.873954503750199230e+00
7.058823529411764608e-02 6.651854675675434869e+00
7.450980392156862642e-02 5.325937942789215285e+00
7.843137254901960675e-02 7.227376564774398382e+00
8.235294117647058709e-02 6.680487314450169301e+00
8.627450980392156743e-02 5.156487860954545255e+00
9.019607843137254777e-02 5.823635884855097977e+00
9.411764705882352811e-02 4.481864966158118690e+00
9.803921568627450844e-02 6.565466759915207007e+00
1.019607843137254888e-01 4.944522947860162887e+00
1.058823529411764691e-01 5.969558415075892022e+00
1.098039215686274495e-01 7.048026920008731544e+00
1.137254901960784298e-01 6.909626076405455564e+00
1.176470588235294101e-01 6.957436698419627419e+00
1.215686274509803905e-01 6.680917980530106881e+00
1.254901960784313708e-01 8.704209752415566825e+00
1.294117647058823373e-01 8.475478010411851670e+00
1.333333333333333315e-01 6.498405856001578940e+00
1.372549019607843257e-01 7.368559117069722220e+00
1.411764705882352922e-01 6.746317307942683250e+00
1.450980392156862586e-01 4.650654674601460314e+00
1.490196078431372528e-01 6.212215849781454580e+00
1.529411764705882470e-01 5.134427718484996461e+00
1.568627450980392135e-01 6.312616760667024707e+00
1.607843137254901800e-01 7.689749404519090170e+00
1.647058823529411742e-01 9.168949896267998056e+00
1.686274509803921684e-01 7.605061090823665992e+00
1.725490196078431349e-01 6.849208025165816061e+00
1.764705882352941013e-01 9.417569080424961214e+00
1.803921568627450955e-01 6.308791894649393939e+00
1.843137254901960898e-01 6.009468587247293492e+00
1.882352941176470562e-01 7.234473368213101274e+00
1.921568627450980227e-01 7.298412441775623094e+00
1.960784313725490169e-01 8.265848078437816326e+00
2.000000000000000111e-01 7.167981258877067496e+00
2.039215686274509776e-01 7.628773605546761871e+00
2.078431372549019440e-01 6.776460984403134269e+00
2.117647058823529382e-01 7.513571239846508654e+00
2.156862745098039325e-01 8.073620436602507056e+00
2.196078431372548989e-01 6.574201669211659826e+00
2.235294117647058654e-01 7.942196197638821786e+00
2.274509803921568596e-01 6.809629204491052690e+00
2.313725490196078538e-01 6.820874119038716543e+00
2.352941176470588203e-01 7.323956869949118875e+00
2.392156862745097867e-01 8.746269487821880517e+00
2.431372549019607809e-01 5.865985971963756818e+00
2.470588235294117752e-01 7.576081311936122553e+00
2.509803921568627416e-01 7.764185999988818310e+00
2.549019607843137081e-01 5.466850288646847744e+00
2.588235294117646745e-01 6.265517884147796757e+00
2.627450980392156965e-01 7.479087177580603374e+00
2.666666666666666630e-01 5.993096659763233802e+00
2.705882352941176294e-01 6.450263214906848397e+00
2.745098039215686514e-01 4.230385011866543365e+00
2.784313725490196179e-01 5.958887604283031436e+00
2.823529411764705843e-01 7.579880645496448466e+00
2.862745098039215508e-01 5.234106281976970365e+00
2.901960784313725172e-01 5.811680590455193141e+00
2.941176470588235392e-01 5.053950393245825623e+00
2.980392156862745057e-01 7.652564061887236591e+00
3.019607843137254721e-01 7.584022309685613195e+00
3.058823529411764941e-01 7.520305198161683968e+00
3.098039215686274606e-01 8.412056703241272970e+00
3.137254901960784270e-01 5.628709390153669112e+00
3.176470588235293935e-01 8.278461532184019589e+00
3.215686274509803599e-01 5.076248429715497501e+00
3.254901960784313819e-01 7.689243631339696350e+00
3.294117647058823484e-01 6.316479231877293543e+00
3.333333333333333148e-01 8.281162364370718620e+00
3.372549019607843368e-01 6.361778421702465103e+00
3.411764705882353033e-01 4.679282777364035084e+00
3.450980392156862697e-01 8.122220837550784722e+00
3.490196078431372362e-01 6.645398982673803800e+00
3.529411764705882026e-01 6.358388951009980694e+00
3.568627450980392246e-01 5.054253342132704496e+00
3.607843137254901911e-01 4.450981286213833599e+00
3.647058823529411575e-01 7.154322916092158202e+00
3.686274509803921795e-01 5.935068395067201408e+00
3.725490196078431460e-01 6.433120280786543077e+00
3.764705882352941124e-01 4.794233323885153553e+00
3.803921568627450789e-01 6.065707273884910045e+00
3.843137254901960453e-01 6.043919539006378017e+00
3.882352941176470673e-01 4.863114980051664205e+00
3.921568627450980338e-01 5.665069922986140760e+00
3.960784313725490002e-01 7.893174207192195979e+00
4.000000000000000222e-01 4.783787764982961654e+00
4.039215686274509887e-01 5.414981287815661126e+00
4.078431372549019551e-01 7.692615722844056592e+00
4.117647058823529216e-01 8.157899894144174269e+00
4.156862745098038880e-01 4.011791335815741100e+00
4.196078431372549100e-01 7.061016191912750983e+00
4.235294117647058765e-01 5.877312549942632636e+00
4.274509803921568429e-01 5.597634108818622778e+00
4.313725490196078649e-01 2.999418532224099820e+00
4.352941176470588314e-01 5.638307026702698010e+00
4.392156862745097978e-01 5.711641490301601287e+00
4.431372549019607643e-01 5.428715369273201752e+00
4.470588235294117307e-01 4.847770088107488995e+00
4.509803921568627527e-01 7.012621361024358180e+00
4.549019607843137192e-01 4.383215808516263579e+00
4.588235294117646856e-01 4.107179610828707084e+00
4.627450980392157076e-01 4.511453419218365291e+00
4.666666666666666741e-01 6.729267072546845085e+00
4.705882352941176405e-01 5.180190057273737381e+00
4.745098039215686070e-01 4.682121437818087095e+00
4.784313725490195734e-01 5.913410874449113841e+00
4.823529411764705954e-01 5.340161590734708419e+00
4.862745098039215619e-01 4.357979691606829853e+00
4.901960784313725283e-01 4.935659631533659386e+00
4.941176470588235503e-01 5.586434063896180469e+00
4.980392156862745168e-01 5.068647125918690044e+00
5.019607843137254832e-01 6.165428292458746462e+00
5.058823529411764497e-01 4.726089602460143091e+00
5.098039215686274161e-01 5.182429754706633140e+00
5.137254901960783826e-01 5.447767851487672175e+00
5.176470588235293491e-01 4.218875820917153519e+00
5.215686274509804266e-01 2.847521603251211175e+00
5.254901960784313930e-01 6.854519571982225834e+00
5.294117647058823595e-01 7.185764905462621144e+00
5.333333333333333259e-01 4.916224834793494480e+00
5.372549019607842924e-01 2.812740380891108671e+00
5.411764705882352589e-01 4.029824681242201834e+00
5.450980392156862253e-01 3.925523702276096927e+00
5.490196078431373028e-01 4.631466169375627828e+00
5.529411764705882693e-01 5.224372161423138650e+00
5.568627450980392357e-01 3.584113032072473448e+00
5.607843137254902022e-01 5.636217139957653721e+00
5.647058823529411686e-01 3.743249985481369446e+00
5.686274509803921351e-01 3.833887761524196414e+00
5.725490196078431016e-01 3.873474468020949413e+00
5.764705882352940680e-01 5.260069760516893567e+00
5.803921568627450345e-01 3.712089044094547763e+00
5.843137254901961120e-01 2.973314981052676664e+00
5.882352941176470784e-01 4.920773711209030843e+00
5.921568627450980449e-01 5.046019951275131810e+00
5.960784313725490113e-01 4.266854422209517494e+00
5.999999999999999778e-01 4.723924870569848444e+00
6.039215686274509443e-01 3.659832205247739445e+00
6.078431372549019107e-01 6.158718836218087134e+00
6.117647058823529882e-01 3.448463288452870756e+00
6.156862745098039547e-01 3.952055080429180745e+00
6.196078431372549211e-01 5.342531484298044475e+00
6.235294117647058876e-01 4.599394318999277864e+00
6.274509803921568540e-01 4.031706239981851958e+00
6.313725490196078205e-01 4.678452427530412017e+00
6.352941176470587870e-01 3.230428961094429230e+00
6.392156862745097534e-01 5.908284914651256159e+00
6.431372549019607199e-01 6.585187496488263292e+00
6.470588235294117974e-01 3.814970611665410516e+00
6.509803921568627638e-01 3.978711684335591414e+00
6.549019607843137303e-01 5.838490064812468461e+00
6.588235294117646967e-01 5.439079999652544295e+00
6.627450980392156632e-01 3.474596179630155657e+00
6.666666666666666297e-01 6.606247683327217679e+00
6.705882352941175961e-01 4.805112373772004730e+00
6.745098039215686736e-01 3.367805681719235444e+00
6.784313725490196401e-01 5.505084776673001556e+00
6.823529411764706065e-01 3.607865327387535181e+00
6.862745098039215730e-01 7.000537909623641752e+00
6.901960784313725394e-01 4.981733491946624071e+00
6.941176470588235059e-01 4.812630233391746337e+00
6.980392156862744724e-01 5.749390009853469152e+00
7.019607843137254388e-01 4.143743866079196536e+00
7.058823529411764053e-01 6.145377422200851036e+00
7.098039215686274828e-01 3.557617236422637497e+00
7.137254901960784492e-01 2.293534806699184969e+00
7.176470588235294157e-01 3.854458748438281290e+00
7.215686274509803821e-01 5.438399210389898819e+00
7.254901960784313486e-01 3.786836269692862800e+00
7.294117647058823151e-01 4.674756911575152607e+00
7.333333333333332815e-01 6.893077230875128691e+00
7.372549019607843590e-01 4.560918092270807023e+00
7.411764705882353255e-01 2.979014559838407017e+00
7.450980392156862919e-01 6.350772515775114258e+00
7.490196078431372584e-01 4.023349664593247610e+00
7.529411764705882248e-01 3.969629506533325358e+00
7.568627450980391913e-01 3.665261487800775875e+00
7.607843137254901578e-01 4.867158587482055765e+00
7.647058823529411242e-01 3.985794777401594935e+00
7.686274509803920907e-01 3.217554633817124810e+00
7.725490196078431682e-01 3.856309641981475522e+00
7.764705882352941346e-01 5.297543801950609144e+00
7.803921568627451011e-01 2.298335791617466484e+00
7.843137254901960675e-01 8.390159037618916571e+00
7.882352941176470340e-01 3.758143020895990727e+00
7.921568627450980005e-01 3.614997508241425628e+00
7.960784313725489669e-01 5.091206626478175679e+00
8.000000000000000444e-01 6.013150505574058613e+00
8.039215686274510109e-01 4.979955575627710296e+00
8.078431372549019773e-01 4.832276800626413404e+00
8.117647058823529438e-01 5.061031489678119222e+00
8.156862745098039102e-01 6.681939146866114676e+00
8.196078431372548767e-01 4.442070339242594201e+00
8.235294117647058432e-01 3.575466963707835788e+00
8.274509803921568096e-01 3.911217334870617179e+00
8.313725490196077761e-01 4.903657431882392004e+00
8.352941176470588536e-01 3.624533747878541767e+00
8.392156862745098200e-01 5.434502027857154971e+00
8.431372549019607865e-01 3.677622226110174974e+00
8.470588235294117530e-01 5.135335071296511344e+00
8.509803921568627194e-01 5.190896936805963868e+00
8.549019607843136859e-01 3.555389458556286186e+00
8.588235294117646523e-01 4.584395488049291423e+00
8.627450980392157298e-01 2.053831299634135910e+00
8.666666666666666963e-01 2.789995903433580171e+00
8.705882352941176627e-01 3.874910221517092968e+00
8.745098039215686292e-01 5.213047604754923903e+00
8.784313725490195957e-01 3.858200556906880685e+00
8.823529411764705621e-01 2.626062347265335717e+00
8.862745098039215286e-01 3.098108501587342634e+00
8.901960784313724950e-01 5.360118606280133591e+00
8.941176470588234615e-01 3.761868434978394404e+00
8.980392156862745390e-01 4.094304759216792711e+00
9.019607843137255054e-01 3.362295888481909856e+00
9.058823529411764719e-01 4.466131006245669610e+00
9.098039215686274384e-01 3.929730562662519411e+00
9.137254901960784048e-01 6.012002162503598868e+00
9.176470588235293713e-01 4.480470377484942368e+00
9.215686274509803377e-01 3.594376696721074183e+00
9.254901960784314152e-01 4.061021887348738701e+00
9.294117647058823817e-01 4.126045010273187152e+00
9.333333333333333481e-01 3.317425549766344073e+00
9.372549019607843146e-01 4.133463013509604878e+00
9.411764705882352811e-01 3.448997795378368370e+00
9.450980392156862475e-01 3.975328489270892440e+00
9.490196078431372140e-01 4.258372106847966521e+00
9.529411764705881804e-01 2.975540287226810410e+00
9.568627450980391469e-01 3.726492705432048247e+00
9.607843137254902244e-01 3.520725180544814759e+00
9.647058823529411908e-01 4.247893083494126643e+00
9.686274509803921573e-01 2.946126103834285193e+00
9.725490196078431238e-01 3.431640422461361695e+00
9.764705882352940902e-01 3.067856004213760812e+00
9.803921568627450567e-01 4.945145329485159280e+00
9.843137254901960231e-01 2.767170080272540300e+00
9.882352941176471006e-01 2.427301071971492696e+00
9.921568627450980671e-01 2.302497776049929001e+00
9.960784313725490335e-01 2.852168018211509004e+00
1.000000000000000000e+00 4.963043143300971849e+00
