0.000000000000000000e+00 8.187748468627614074e+00
3.921568627450980338e-03 9.163634763084054669e+00
7.843137254901960675e-03 8.217007613686341472e+00
1.176470588235294101e-02 7.806869353661754829e+00
1.568627450980392135e-02 1.002530145400605655e+01
1.960784313725490169e-02 9.267721370288079186e+00
2.352941176470588203e-02 9.768664773924724543e+00
2.745098039215686236e-02 8.205893758053369069e+00
3.137254901960784270e-02 7.974354535989675696e+00
3.529411764705882304e-02 8.772664753782127178e+00
3.921568627450980338e-02 1.109225817414442261e+01
4.313725490196078372e-02 9.216167714633208163e+00
4.705882352941176405e-02 9.434165707465274053e+00
5.098039215686274439e-02 7.240851593384920015e+00
5.490196078431372473e-02 1.114026735576439897e+01
5.882352941176470507e-02 9.329631438212746986e+00
6.274509803921568540e-02 1.004541076974911107e+01
6.666666666666666574e-02 7.016745776408883195e+00
7.058823529411764608e-02 1.002185384969702753e+01
7.450980392156862642e-02 8.581750966954194482e+00
7.843137254901960675e-02 8.422332828236513080e+00
8.235294117647058709e-02 1.026537180999497956e+01
8.627450980392156743e-02 9.873443730885206548e+00
9.019607843137254777e-02 8.729373324998682904e+00
9.411764705882352811e-02 9.104027161905641208e+00
9.803921568627450844e-02 9.664902893295689523e+00
1.019607843137254888e-01 7.506830273391513764e+00
1.058823529411764691e-01 9.308433111645006974e+00
1.098039215686274495e-01 7.525064392738149088e+00
1.137254901960784298e-01 8.388222747497621867e+00
1.176470588235294101e-01 7.743840191956419261e+00
1.215686274509803905e-01 8.914424989814953904e+00
1.254901960784313708e-01 1.028171482869134756e+01
1.294117647058823373e-01 8.691677124618193417e+00
1.333333333333333315e-01 8.802091512815707119e+00
1.372549019607843257e-01 8.832036446047519362e+00
1.411764705882352922e-01 7.422148379165545151e+00
1.450980392156862586e-01 1.039290759604940462e+01
1.490196078431372528e-01 7.678195803760923255e+00
1.529411764705882470e-01 1.020274037186779736e+01
1.568627450980392135e-01 8.904502247430230000e+00
1.607843137254901800e-01 8.283954752208147809e+00
1.647058823529411742e-01 8.047708701897747119e+00
1.686274509803921684e-01 7.134781719701234870e+00
1.725490196078431349e-01 1.021683290569935743e+01
1.764705882352941013e-01 8.524670613395603169e+00
1.803921568627450955e-01 9.500124173281085049e+00
1.843137254901960898e-01 9.027693557707959116e+00
1.882352941176470562e-01 6.470296166235372404e+00
1.921568627450980227e-01 8.550894040394783957e+00
1.960784313725490169e-01 9.444346918412117375e+00
2.000000000000000111e-01 9.161400643956204348e+00
2.039215686274509776e-01 7.816556004915321765e+00
2.078431372549019440e-01 8.764844921540447586e+00
2.117647058823529382e-01 8.327731576311641959e+00
2.156862745098039325e-01 1.020225978738838890e+01
2.196078431372548989e-01 7.232334593795657796e+00
2.235294117647058654e-01 8.226806735844872875e+00
2.274509803921568596e-01 7.931730273531301556e+00
2.313725490196078538e-01 7.189433983777430370e+00
2.352941176470588203e-01 8.845985549824696648e+00
2.392156862745097867e-01 7.754398945426501655e+00
2.431372549019607809e-01 7.682314470136441642e+00
2.470588235294117752e-01 8.428188922348937240e+00
2.509803921568627416e-01 8.270836784714866496e+00
2.549019607843137081e-01 7.394838530954467970e+00
2.588235294117646745e-01 8.651317352441926900e+00
2.627450980392156965e-01 7.552728404068565382e+00
2.666666666666666630e-01 7.599730662577783846e+00
2.705882352941176294e-01 8.752712160352579929e+00
2.745098039215686514e-01 5.189513262748528533e+00
2.784313725490196179e-01 1.033380340840068001e+01
2.823529411764705843e-01 7.592581905075558524e+00
2.862745098039215508e-01 9.328046311435073790e+00
2.901960784313725172e-01 7.981967604006136696e+00
2.941176470588235392e-01 7.406546802412235841e+00
2.980392156862745057e-01 9.742540731133008336e+00
3.019607843137254721e-01 7.213567654993809697e+00
3.058823529411764941e-01 7.817518264799030447e+00
3.098039215686274606e-01 8.090174773287836629e+00
3.137254901960784270e-01 7.462466591001538418e+00
3.176470588235293935e-01 4.962914197028675645e+00
3.215686274509803599e-01 8.385862571103350760e+00
3.254901960784313819e-01 9.595843632101090037e+00
3.294117647058823484e-01 9.247283839751004209e+00
3.333333333333333148e-01 7.927285931427875632e+00
3.372549019607843368e-01 7.208327052503415544e+00
3.411764705882353033e-01 7.418274455666756140e+00
3.450980392156862697e-01 9.092350005762600773e+00
3.490196078431372362e-01 7.704387097526781858e+00
3.529411764705882026e-01 8.566387832284435788e+00
3.568627450980392246e-01 7.604904863655619351e+00
3.607843137254901911e-01 8.077744454534126817e+00
3.647058823529411575e-01 8.809194918274753761e+00
3.686274509803921795e-01 9.457834028736533227e+00
3.725490196078431460e-01 7.754004787037333202e+00
3.764705882352941124e-01 9.561567091557831688e+00
3.803921568627450789e-01 7.894801833662512536e+00
3.843137254901960453e-01 7.411235685621364588e+00
3.882352941176470673e-01 7.842789859222777160e+00
3.921568627450980338e-01 9.210500743855535077e+00
3.960784313725490002e-01 8.183713039240368303e+00
4.000000000000000222e-01 7.717771374262363260e+00
4.039215686274509887e-01 8.593561706618933371e+00
4.078431372549019551e-01 8.632276256602683162e+00
4.117647058823529216e-01 6.018214516911097434e+00
4.156862745098038880e-01 8.544719577471962424e+00
4.196078431372549100e-01 6.039474101209465040e+00
4.235294117647058765e-01 7.906872199014622460e+00
4.274509803921568429e-01 9.317598937334222953e+00
4.313725490196078649e-01 7.319140264616312841e+00
4.352941176470588314e-01 6.118152134140832032e+00
4.392156862745097978e-01 8.346918911617873249e+00
4.431372549019607643e-01 9.054676494910742335e+00
4.470588235294117307e-01 9.173324100716508056e+00
4.509803921568627527e-01 6.925718768512906465e+00
4.549019607843137192e-01 6.885587434851360378e+00
4.588235294117646856e-01 7.187775611367791306e+00
4.627450980392157076e-01 5.980944850576687344e+00
4.666666666666666741e-01 6.441912600136957323e+00
4.705882352941176405e-01 7.831969897279651427e+00
4.745098039215686070e-01 8.173171363823781732e+00
4.784313725490195734e-01 7.980999187332020739e+00
4.823529411764705954e-01 5.715261658778448606e+00
4.862745098039215619e-01 7.067826022757493831e+00
4.901960784313725283e-01 7.189694181676594020e+00
4.941176470588235503e-01 6.834894852614198157e+00
4.980392156862745168e-01 7.375039066754650818e+00
5.019607843137254832e-01 8.142563952531640226e+00
5.058823529411764497e-01 6.111918879484905531e+00
5.098039215686274161e-01 6.287780703581971942e+00
5.137254901960783826e-01 6.150347148029981170e+00
5.176470588235293491e-01 7.668714075733163327e+00
5.215686274509804266e-01 5.918854893857220745e+00
5.254901960784313930e-01 5.957999513413996695e+00
5.294117647058823595e-01 6.569185691743835598e+00
5.333333333333333259e-01 6.266919165796852376e+00
5.372549019607842924e-01 5.493125336820674498e+00
5.411764705882352589e-01 6.620913757001398281e+00
5.450980392156862253e-01 7.689893916748022029e+00
5.490196078431373028e-01 5.851858657267927200e+00
5.529411764705882693e-01 9.195667082586378882e+00
5.568627450980392357e-01 6.380380357347706699e+00
5.607843137254902022e-01 6.298667393783428992e+00
5.647058823529411686e-01 6.707197354818830171e+00
5.686274509803921351e-01 5.297843437151000145e+00
5.725490196078431016e-01 7.828215282682188025e+00
5.764705882352940680e-01 5.686340148068074640e+00
5.803921568627450345e-01 6.157195170161211095e+00
5.843137254901961120e-01 7.726385459628847485e+00
5.882352941176470784e-01 7.415917437711443405e+00
5.921568627450980449e-01 5.426865018182569500e+00
5.960784313725490113e-01 5.290159550660865406e+00
5.999999999999999778e-01 9.916348925962967797e+00
6.039215686274509443e-01 6.884106658199947049e+00
6.078431372549019107e-01 7.003554038174341301e+00
6.117647058823529882e-01 6.990972219000797239e+00
6.156862745098039547e-01 7.504089743059502382e+00
6.196078431372549211e-01 5.848025800918211559e+00
6.235294117647058876e-01 7.728406814217847476e+00
6.274509803921568540e-01 7.267923555363356769e+00
6.313725490196078205e-01 5.494756950661138006e+00
6.352941176470587870e-01 6.407912702209246802e+00
6.392156862745097534e-01 7.025810014640287093e+00
6.431372549019607199e-01 5.783850187841441226e+00
6.470588235294117974e-01 7.408449221018038600e+00
6.509803921568627638e-01 6.504189435498567207e+00
6.549019607843137303e-01 7.516709382523344196e+00
6.588235294117646967e-01 6.566087477498610880e+00
6.627450980392156632e-01 4.866058257780840890e+00
6.666666666666666297e-01 5.170359626357607929e+00
6.705882352941175961e-01 5.202647102427564008e+00
6.745098039215686736e-01 6.363749677836853635e+00
6.784313725490196401e-01 4.937166895187126592e+00
6.823529411764706065e-01 5.198500573134574587e+00
6.862745098039215730e-01 5.049392549548379350e+00
6.901960784313725394e-01 5.041361599260605786e+00
6.941176470588235059e-01 5.657901643672771819e+00
6.980392156862744724e-01 6.568201933301821782e+00
7.019607843137254388e-01 4.923881509290905178e+00
7.058823529411764053e-01 6.346711197009734740e+00
7.098039215686274828e-01 5.618423473195257145e+00
7.137254901960784492e-01 8.131419556820668859e+00
7.176470588235294157e-01 3.920789879586202176e+00
7.215686274509803821e-01 6.688619795700395443e+00
7.254901960784313486e-01 6.244724414902951715e+00
7.294117647058823151e-01 6.862851543897276585e+00
7.333333333333332815e-01 5.112322664422983998e+00
7.372549019607843590e-01 6.587979536341986631e+00
7.411764705882353255e-01 3.487733598677196678e+00
7.450980392156862919e-01 5.125416577811880536e+00
7.490196078431372584e-01 4.943867415652595021e+00
7.529411764705882248e-01 3.373076048248314418e+00
7.568627450980391913e-01 4.918896327019425030e+00
7.607843137254901578e-01 5.029592631718901252e+00
7.647058823529411242e-01 4.935307469785637835e+00
7.686274509803920907e-01 6.029509706957537851e+00
7.725490196078431682e-01 6.096856709210696224e+00
7.764705882352941346e-01 5.581231311808189766e+00
7.803921568627451011e-01 6.453726651260187630e+00
7.843137254901960675e-01 5.986330363340833571e+00
7.882352941176470340e-01 2.910042728656226707e+00
7.921568627450980005e-01 5.621196026401413803e+00
7.960784313725489669e-01 7.029292326808773694e+00
8.000000000000000444e-01 4.227775797066364305e+00
8.039215686274510109e-01 6.029431142586407333e+00
8.078431372549019773e-01 6.059408176004763114e+00
8.117647058823529438e-01 7.384730568386501659e+00
8.156862745098039102e-01 5.605091704161045740e+00
8.196078431372548767e-01 4.759589413301092975e+00
8.235294117647058432e-01 3.897196576071653595e+00
8.274509803921568096e-01 7.687595364142234544e+00
8.313725490196077761e-01 4.426678606769198332e+00
8.352941176470588536e-01 5.214810566676771231e+00
8.392156862745098200e-01 7.080993123394934585e+00
8.431372549019607865e-01 4.316608153827837135e+00
8.470588235294117530e-01 5.134656186506333597e+00
8.509803921568627194e-01 6.515632746348189563e+00
8.549019607843136859e-01 5.774170636288742386e+00
8.588235294117646523e-01 3.586148481933545185e+00
8.627450980392157298e-01 5.715729483028632707e+00
8.666666666666666963e-01 6.702172887693254033e+00
8.705882352941176627e-01 5.020035781475723269e+00
8.745098039215686292e-01 5.909801156739323602e+00
8.784313725490195957e-01 4.407272497713501380e+00
8.823529411764705621e-01 4.488128357901264742e+00
8.862745098039215286e-01 4.513140386285036776e+00
8.901960784313724950e-01 3.878573685989416653e+00
8.941176470588234615e-01 5.693443440081667362e+00
8.980392156862745390e-01 4.921361711170649578e+00
9.019607843137255054e-01 4.495207702763039492e+00
9.058823529411764719e-01 4.875092042524065583e+00
9.098039215686274384e-01 7.003623012928043678e+00
9.137254901960784048e-01 4.867795914685422609e+00
9.176470588235293713e-01 4.668113087240736370e+00
9.215686274509803377e-01 6.569259783581308909e+00
9.254901960784314152e-01 6.254772963106374206e+00
9.294117647058823817e-01 5.781847818553350393e+00
9.333333333333333481e-01 4.334964911319614700e+00
9.372549019607843146e-01 5.589908765115628064e+00
9.411764705882352811e-01 3.156307096299614479e+00
9.450980392156862475e-01 4.966246248410900677e+00
9.490196078431372140e-01 3.269227533534261099e+00
9.529411764705881804e-01 6.128466819402420995e+00
9.568627450980391469e-01 3.442660801678389948e+00
9.607843137254902244e-01 5.223534207590897260e+00
9.647058823529411908e-01 6.372336877387383858e+00
9.686274509803921573e-01 4.838480844546300119e+00
9.725490196078431238e-01 5.881019965350618328e+00
9.764705882352940902e-01 3.803892397123390445e+00
9.803921568627450567e-01 4.633803312428868892e+00
9.843137254901960231e-01 5.285634705523225563e+00
9.882352941176471006e-01 2.361369429613193294e+00
9.921568627450980671e-01 5.787460452575289516e+00
9.960784313725490335e-01 3.944899158241369719e+00
1.000000000000000000e+00 4.662729832285529064e+00
