0.000000000000000000e+00 4.092257195606231690e+00
3.921568627450980338e-03 3.151425989873984257e+00
7.843137254901960675e-03 2.955510157016621342e+00
1.176470588235294101e-02 4.100949374351150034e+00
1.568627450980392135e-02 4.521414043564071505e+00
1.960784313725490169e-02 4.372377837825562885e+00
2.352941176470588203e-02 2.274734315439689958e+00
2.745098039215686236e-02 2.002653400299850617e+00
3.137254901960784270e-02 3.093873460748319815e+00
3.529411764705882304e-02 3.479580305879927504e+00
3.921568627450980338e-02 3.648883060511102006e+00
4.313725490196078372e-02 4.334451645753506277e+00
4.705882352941176405e-02 3.254071685876149811e+00
5.098039215686274439e-02 3.462454629987533838e+00
5.490196078431372473e-02 4.807959402462911314e+00
5.882352941176470507e-02 4.070334942697617642e+00
6.274509803921568540e-02 5.306658812763344280e+00
6.666666666666666574e-02 4.990298933098139322e+00
7.058823529411764608e-02 6.627684541698062759e+00
7.450980392156862642e-02 5.910756492736028989e+00
7.843137254901960675e-02 5.622511219291578044e+00
8.235294117647058709e-02 6.832887736210101259e+00
8.627450980392156743e-02 5.997694633460501024e+00
9.019607843137254777e-02 6.386569996074350719e+00
9.411764705882352811e-02 5.409587215188251363e+00
9.803921568627450844e-02 5.023930167292076199e+00
1.019607843137254888e-01 4.496766338340644431e+00
1.058823529411764691e-01 6.175437106692721834e+00
1.098039215686274495e-01 4.872066277408728219e+00
1.137254901960784298e-01 6.667126931514955501e+00
1.176470588235294101e-01 4.373032139593289180e+00
1.215686274509803905e-01 4.324238083352698325e+00
1.254901960784313708e-01 4.453993976673862321e+00
1.294117647058823373e-01 3.192883483834522806e+00
1.333333333333333315e-01 4.044089864079790431e+00
1.372549019607843257e-01 6.246984139152679028e+00
1.411764705882352922e-01 7.685631646360750580e+00
1.450980392156862586e-01 8.074824309250324461e+00
1.490196078431372528e-01 6.060229404177084334e+00
1.529411764705882470e-01 5.340916626190493233e+00
1.568627450980392135e-01 7.359752919663360871e+00
1.607843137254901800e-01 6.159272283341666210e+00
1.647058823529411742e-01 5.611766737803478122e+00
1.686274509803921684e-01 6.208517678761313441e+00
1.725490196078431349e-01 6.152204098933123255e+00
1.764705882352941013e-01 5.244624558696679095e+00
1.803921568627450955e-01 7.531567485980570353e+00
1.843137254901960898e-01 5.921659722716716701e+00
1.882352941176470562e-01 4.042094681403702872e+00
1.921568627450980227e-01 6.992896865564452114e+00
1.960784313725490169e-01 4.406844023327850302e+00
2.000000000000000111e-01 5.303374898178105035e+00
2.039215686274509776e-01 4.637280948924720647e+00
2.078431372549019440e-01 6.473692999733386522e+00
2.117647058823529382e-01 8.404925442462436891e+00
2.156862745098039325e-01 8.076356738801331758e+00
2.196078431372548989e-01 6.717963977263208264e+00
2.235294117647058654e-01 6.109797396215025600e+00
2.274509803921568596e-01 6.682696406680976864e+00
2.313725490196078538e-01 6.815882692458059999e+00
2.352941176470588203e-01 7.420352047918373550e+00
2.392156862745097867e-01 7.399745287892492307e+00
2.431372549019607809e-01 6.228409788890452603e+00
2.470588235294117752e-01 7.905815230682227579e+00
2.509803921568627416e-01 6.633226462013843694e+00
2.549019607843137081e-01 6.473931718378097777e+00
2.588235294117646745e-01 7.335039589984406305e+00
2.627450980392156965e-01 6.695162172477237661e+00
2.666666666666666630e-01 7.096724216163903698e+00
2.705882352941176294e-01 6.836355760629015066e+00
2.745098039215686514e-01 6.283623026442000992e+00
2.784313725490196179e-01 5.955431616807842943e+00
2.823529411764705843e-01 6.216743669289019891e+00
2.862745098039215508e-01 5.069824666448899286e+00
2.901960784313725172e-01 5.839810753239650154e+00
2.941176470588235392e-01 6.921812122275893486e+00
2.980392156862745057e-01 8.153413930298489376e+00
3.019607843137254721e-01 5.847251020427035151e+00
3.058823529411764941e-01 6.894763924071075856e+00
3.098039215686274606e-01 7.460724892094531491e+00
3.137254901960784270e-01 8.987712078508836910e+00
3.176470588235293935e-01 7.451829054905689809e+00
3.215686274509803599e-01 8.304371393676468927e+00
3.254901960784313819e-01 8.169070585557760111e+00
3.294117647058823484e-01 7.681089855240086806e+00
3.333333333333333148e-01 7.521087838313511575e+00
3.372549019607843368e-01 7.868503949820427223e+00
3.411764705882353033e-01 7.982515282459949901e+00
3.450980392156862697e-01 7.206413973776521154e+00
3.490196078431372362e-01 8.396721309256951926e+00
3.529411764705882026e-01 6.838853238459960515e+00
3.568627450980392246e-01 7.641054775285772926e+00
3.607843137254901911e-01 6.485230114485450947e+00
3.647058823529411575e-01 8.278064377423611120e+00
3.686274509803921795e-01 7.123017288125686797e+00
3.725490196078431460e-01 6.966585302784361389e+00
3.764705882352941124e-01 7.418998769769904023e+00
3.803921568627450789e-01 8.075198599715305292e+00
3.843137254901960453e-01 9.694552051276172477e+00
3.882352941176470673e-01 9.688668372151033381e+00
3.921568627450980338e-01 9.457114859834387488e+00
3.960784313725490002e-01 8.448953684028152722e+00
4.000000000000000222e-01 6.494784961572412030e+00
4.039215686274509887e-01 9.009963833612381734e+00
4.078431372549019551e-01 6.490586593819990924e+00
4.117647058823529216e-01 4.562218280415229366e+00
4.156862745098038880e-01 6.546768573401434033e+00
4.196078431372549100e-01 8.629338509027242310e+00
4.235294117647058765e-01 7.635975911875686251e+00
4.274509803921568429e-01 7.591762865322415621e+00
4.313725490196078649e-01 7.829299230388429898e+00
4.352941176470588314e-01 5.777631191797566679e+00
4.392156862745097978e-01 9.429461311153405134e+00
4.431372549019607643e-01 7.519551634018953656e+00
4.470588235294117307e-01 7.477935269330671098e+00
4.509803921568627527e-01 8.799820227270867434e+00
4.549019607843137192e-01 7.888406920507106790e+00
4.588235294117646856e-01 6.948517267301507871e+00
4.627450980392157076e-01 7.469794428531523423e+00
4.666666666666666741e-01 7.504827470606076467e+00
4.705882352941176405e-01 6.041883738317751273e+00
4.745098039215686070e-01 6.571741125444721554e+00
4.784313725490195734e-01 7.528169547781983439e+00
4.823529411764705954e-01 6.702866708423677267e+00
4.862745098039215619e-01 7.904124184732583380e+00
4.901960784313725283e-01 7.779605633523475561e+00
4.941176470588235503e-01 6.955009336722143054e+00
4.980392156862745168e-01 7.701601978427029316e+00
5.019607843137254832e-01 7.234236120264795566e+00
5.058823529411764497e-01 9.192407289330096987e+00
5.098039215686274161e-01 7.122735509155755373e+00
5.137254901960783826e-01 6.589602829171919751e+00
5.176470588235293491e-01 7.760020827721790582e+00
5.215686274509804266e-01 6.110766691581890342e+00
5.254901960784313930e-01 6.254846711120326752e+00
5.294117647058823595e-01 7.925220049932511834e+00
5.333333333333333259e-01 7.654808541856556126e+00
5.372549019607842924e-01 9.725970560761176387e+00
5.411764705882352589e-01 8.550653114745760064e+00
5.450980392156862253e-01 7.544634201299327714e+00
5.490196078431373028e-01 8.191991696452006977e+00
5.529411764705882693e-01 9.371267908582249007e+00
5.568627450980392357e-01 7.015718227375605132e+00
5.607843137254902022e-01 7.657914128183407776e+00
5.647058823529411686e-01 8.121996459812207192e+00
5.686274509803921351e-01 8.272415966553937849e+00
5.725490196078431016e-01 7.517421565339804879e+00
5.764705882352940680e-01 8.077554949958834385e+00
5.803921568627450345e-01 6.656128690774443690e+00
5.843137254901961120e-01 7.037843314274253359e+00
5.882352941176470784e-01 6.069862975347452227e+00
5.921568627450980449e-01 7.482847749892040490e+00
5.960784313725490113e-01 9.203836794661315324e+00
5.999999999999999778e-01 9.811846029047273987e+00
6.039215686274509443e-01 8.759990512475882340e+00
6.078431372549019107e-01 1.066869309497710461e+01
6.117647058823529882e-01 7.086547947868790942e+00
6.156862745098039547e-01 5.488568865728119306e+00
6.196078431372549211e-01 5.877540076380672218e+00
6.235294117647058876e-01 5.819235347554863935e+00
6.274509803921568540e-01 7.623378374154181181e+00
6.313725490196078205e-01 8.495044442268779861e+00
6.352941176470587870e-01 7.064436371307074580e+00
6.392156862745097534e-01 9.007317538748544905e+00
6.431372549019607199e-01 7.024066485948858407e+00
6.470588235294117974e-01 8.145581358641493352e+00
6.509803921568627638e-01 7.877596044618630167e+00
6.549019607843137303e-01 7.298390127242256220e+00
6.588235294117646967e-01 5.816304374853668691e+00
6.627450980392156632e-01 5.909766397583564590e+00
6.666666666666666297e-01 8.137532428233969384e+00
6.705882352941175961e-01 8.335497543970484813e+00
6.745098039215686736e-01 8.039949504311067585e+00
6.784313725490196401e-01 8.324111922210576608e+00
6.823529411764706065e-01 8.295390861451000575e+00
6.862745098039215730e-01 7.207821728712494824e+00
6.901960784313725394e-01 9.287241905033726042e+00
6.941176470588235059e-01 8.429000151377390893e+00
6.980392156862744724e-01 8.214043852294066639e+00
7.019607843137254388e-01 9.606788448354119936e+00
7.058823529411764053e-01 9.039993476952014717e+00
7.098039215686274828e-01 6.587648761451448287e+00
7.137254901960784492e-01 7.912853614385269907e+00
7.176470588235294157e-01 8.220141853148222211e+00
7.215686274509803821e-01 6.954980446259344973e+00
7.254901960784313486e-01 6.427797572561047446e+00
7.294117647058823151e-01 5.776999442722214440e+00
7.333333333333332815e-01 7.045539555464556791e+00
7.372549019607843590e-01 8.464268513907644120e+00
7.411764705882353255e-01 7.016691691223675420e+00
7.450980392156862919e-01 8.882332906660209915e+00
7.490196078431372584e-01 6.288936900397439800e+00
7.529411764705882248e-01 5.982182698796013831e+00
7.568627450980391913e-01 4.829670219435078238e+00
7.607843137254901578e-01 7.505470419406857552e+00
7.647058823529411242e-01 8.406441952739772461e+00
7.686274509803920907e-01 7.022880200156365049e+00
7.725490196078431682e-01 5.769998415882005460e+00
7.764705882352941346e-01 7.927805505742599124e+00
7.803921568627451011e-01 4.900942054835401684e+00
7.843137254901960675e-01 6.412990695524984019e+00
7.882352941176470340e-01 6.266721515087001926e+00
7.921568627450980005e-01 7.074332685835460488e+00
7.960784313725489669e-01 5.619844877678666251e+00
8.000000000000000444e-01 7.569450122438226458e+00
8.039215686274510109e-01 7.575768599441328632e+00
8.078431372549019773e-01 6.030211558005613703e+00
8.117647058823529438e-01 5.002165608013510401e+00
8.156862745098039102e-01 4.515407783205866110e+00
8.196078431372548767e-01 6.471623905884670513e+00
8.235294117647058432e-01 5.456446009677454967e+00
8.274509803921568096e-01 6.668273803280344580e+00
8.313725490196077761e-01 5.188389310103669771e+00
8.352941176470588536e-01 4.827656534748986594e+00
8.392156862745098200e-01 4.250438840126165019e+00
8.431372549019607865e-01 5.240818651325761302e+00
8.470588235294117530e-01 6.016574161634782314e+00
8.509803921568627194e-01 6.340896928745888061e+00
8.549019607843136859e-01 5.932043441131653161e+00
8.588235294117646523e-01 5.235414042246645749e+00
8.627450980392157298e-01 6.728988955762044810e+00
8.666666666666666963e-01 5.112273243782534671e+00
8.705882352941176627e-01 6.264779163309327714e+00
8.745098039215686292e-01 4.092381577974796514e+00
8.784313725490195957e-01 5.841972436238444644e+00
8.823529411764705621e-01 4.893393645125616587e+00
8.862745098039215286e-01 6.382472345368104705e+00
8.901960784313724950e-01 5.407302075448393808e+00
8.941176470588234615e-01 7.050397973114113981e+00
8.980392156862745390e-01 4.857638601058375194e+00
9.019607843137255054e-01 6.240405677044360111e+00
9.058823529411764719e-01 4.585720181558773589e+00
9.098039215686274384e-01 5.071080330425776772e+00
9.137254901960784048e-01 6.145544303217088000e+00
9.176470588235293713e-01 6.926168101772001151e+00
9.215686274509803377e-01 5.289771277128493487e+00
9.254901960784314152e-01 6.437903727883096394e+00
9.294117647058823817e-01 6.779847458679741479e+00
9.333333333333333481e-01 5.189463938640889396e+00
9.372549019607843146e-01 6.749731466664147916e+00
9.411764705882352811e-01 5.438403829161083003e+00
9.450980392156862475e-01 6.769283394837854573e+00
9.490196078431372140e-01 4.499357641666867913e+00
9.529411764705881804e-01 6.802857032262524584e+00
9.568627450980391469e-01 5.894043882025017389e+00
9.607843137254902244e-01 7.092621758782931884e+00
9.647058823529411908e-01 6.668940556423801347e+00
9.686274509803921573e-01 7.057253441837692876e+00
9.725490196078431238e-01 5.686307893323797380e+00
9.764705882352940902e-01 4.588861523661938335e+00
9.803921568627450567e-01 7.350840375847493391e+00
9.843137254901960231e-01 6.032464598387988097e+00
9.882352941176471006e-01 6.654949985915385113e+00
9.921568627450980671e-01 4.359066677630194064e+00
9.960784313725490335e-01 3.756990883053933583e+00
1.000000000000000000e+00 5.182256866572582332e+00
