0.000000000000000000e+00 4.993215634881010168e+00
3.921568627450980338e-03 4.317206976881302616e+00
7.843137254901960675e-03 3.188686566998357730e+00
1.176470588235294101e-02 3.080928305391071209e+00
1.568627450980392135e-02 1.789444746433532574e+00
1.960784313725490169e-02 2.064914804285743699e+00
2.352941176470588203e-02 4.012580295074939407e+00
2.745098039215686236e-02 7.136707050726680102e+00
3.137254901960784270e-02 7.315638282466922604e+00
3.529411764705882304e-02 7.025415032731296527e+00
3.921568627450980338e-02 5.353352245734859238e+00
4.313725490196078372e-02 2.762286373993788402e+00
4.705882352941176405e-02 -2.217602342087499068e-01
5.098039215686274439e-02 1.486911829375092253e+00
5.490196078431372473e-02 1.667960331013404351e+00
5.882352941176470507e-02 9.662287416348940283e-01
6.274509803921568540e-02 4.805573923821726545e+00
6.666666666666666574e-02 5.071965665626012587e+00
7.058823529411764608e-02 5.469477588402401835e+00
7.450980392156862642e-02 3.672100943969328402e+00
7.843137254901960675e-02 1.945964378800853378e+00
8.235294117647058709e-02 3.648955445611823389e+00
8.627450980392156743e-02 1.936422413036011259e+00
9.019607843137254777e-02 9.364531575529615459e-01
9.411764705882352811e-02 2.158394562201155331e+00
9.803921568627450844e-02 1.636072636160552651e+00
1.019607843137254888e-01 3.815234080827448970e+00
1.058823529411764691e-01 4.048251088530837372e+00
1.098039215686274495e-01 4.957186336926032055e+00
1.137254901960784298e-01 4.217661335482071117e+00
1.176470588235294101e-01 5.231392698927293416e+00
1.215686274509803905e-01 2.926273280087565265e+00
1.254901960784313708e-01 1.566709805612657380e+00
1.294117647058823373e-01 2.659164876458655957e+00
1.333333333333333315e-01 4.552687769529803141e+00
1.372549019607843257e-01 2.671230846761422306e+00
1.411764705882352922e-01 4.826935611924850100e+00
1.450980392156862586e-01 4.458668579168273638e+00
1.490196078431372528e-01 5.544998263232157498e+00
1.529411764705882470e-01 6.078093414459319277e+00
1.568627450980392135e-01 5.895869183361804211e+00
1.607843137254901800e-01 3.440114640301194182e+00
1.647058823529411742e-01 4.544825562821295684e+00
1.686274509803921684e-01 4.960606139942060011e+00
1.725490196078431349e-01 5.830945636501237317e+00
1.764705882352941013e-01 7.611408146001462427e+00
1.803921568627450955e-01 7.315648111660149056e+00
1.843137254901960898e-01 4.629767847857865881e+00
1.882352941176470562e-01 4.402521557775458838e+00
1.921568627450980227e-01 4.317781566547522765e+00
1.960784313725490169e-01 2.944879161833429126e+00
2.000000000000000111e-01 5.802263786324850514e+00
2.039215686274509776e-01 3.977974122219558151e+00
2.078431372549019440e-01 5.194606234755864804e+00
2.117647058823529382e-01 5.598262714515038319e+00
2.156862745098039325e-01 5.194607340119705263e+00
2.196078431372548989e-01 5.103152056289026461e+00
2.235294117647058654e-01 5.800030870312866682e+00
2.274509803921568596e-01 4.639068159164891902e+00
2.313725490196078538e-01 5.235364571482771012e+00
2.352941176470588203e-01 3.892481746820199096e+00
2.392156862745097867e-01 2.090811858022236791e+00
2.431372549019607809e-01 3.981936871136669165e+00
2.470588235294117752e-01 4.362254262795024040e+00
2.509803921568627416e-01 5.206278640254327961e+00
2.549019607843137081e-01 7.217491644913085480e+00
2.588235294117646745e-01 7.381490335291998939e+00
2.627450980392156965e-01 6.535998995130692713e+00
2.666666666666666630e-01 4.515435093840594938e+00
2.705882352941176294e-01 4.263715838302040595e+00
2.745098039215686514e-01 3.933376647641630086e+00
2.784313725490196179e-01 3.045829059090212620e+00
2.823529411764705843e-01 2.380827649118496758e+00
2.862745098039215508e-01 3.366712857410204318e+00
2.901960784313725172e-01 6.686205870497314407e+00
2.941176470588235392e-01 5.598115992034206734e+00
2.980392156862745057e-01 3.669093334750639812e+00
3.019607843137254721e-01 6.118254578262196652e+00
3.058823529411764941e-01 7.032813645059374785e+00
3.098039215686274606e-01 4.919686930901812083e+00
3.137254901960784270e-01 7.233264466453883657e+00
3.176470588235293935e-01 5.354128714798402910e+00
3.215686274509803599e-01 3.818862323780348511e+00
3.254901960784313819e-01 2.284047241809127993e+00
3.294117647058823484e-01 3.336415073937071707e+00
3.333333333333333148e-01 4.238522499767423568e+00
3.372549019607843368e-01 5.474469070640575197e+00
3.411764705882353033e-01 6.509309808487219406e+00
3.450980392156862697e-01 6.130620834453430312e+00
3.490196078431372362e-01 4.178500803402160457e+00
3.529411764705882026e-01 2.212900050818097597e+00
3.568627450980392246e-01 5.944381951189286362e+00
3.607843137254901911e-01 6.492481442744229447e+00
3.647058823529411575e-01 5.889073648474375311e+00
3.686274509803921795e-01 3.230055589002041039e+00
3.725490196078431460e-01 3.431769173765622849e+00
3.764705882352941124e-01 4.114131474778210062e+00
3.803921568627450789e-01 2.509558444220339801e+00
3.843137254901960453e-01 2.245644792427254011e+00
3.882352941176470673e-01 2.851391473635198182e+00
3.921568627450980338e-01 2.038887461228298115e+00
3.960784313725490002e-01 4.291946942885008554e+00
4.000000000000000222e-01 6.596594306016809739e+00
4.039215686274509887e-01 3.846822828415447315e+00
4.078431372549019551e-01 5.734481778206302671e+00
4.117647058823529216e-01 2.137306499752942290e+00
4.156862745098038880e-01 2.228385899878308152e+00
4.196078431372549100e-01 5.002886106215085782e+00
4.235294117647058765e-01 5.651536915403432282e+00
4.274509803921568429e-01 7.576667590214807291e+00
4.313725490196078649e-01 8.082631420269128952e+00
4.352941176470588314e-01 5.192492334853720415e+00
4.392156862745097978e-01 6.802324848384849076e+00
4.431372549019607643e-01 5.526423233412364411e+00
4.470588235294117307e-01 3.027117869721280385e+00
4.509803921568627527e-01 4.360429426632521199e+00
4.549019607843137192e-01 3.983140618480308426e+00
4.588235294117646856e-01 4.603506131010504099e+00
4.627450980392157076e-01 4.292079596680963505e+00
4.666666666666666741e-01 6.102864741309247165e+00
4.705882352941176405e-01 8.527545324455690690e+00
4.745098039215686070e-01 6.106418558545995801e+00
4.784313725490195734e-01 6.590609197789504492e+00
4.823529411764705954e-01 3.356298117608458309e+00
4.862745098039215619e-01 4.005787912146758778e+00
4.901960784313725283e-01 4.899652036921143150e+00
4.941176470588235503e-01 5.018799154584777433e+00
4.980392156862745168e-01 5.510757673947468405e+00
5.019607843137254832e-01 4.586871248822520286e+00
5.058823529411764497e-01 6.866011709959251696e+00
5.098039215686274161e-01 5.707182565933671015e+00
5.137254901960783826e-01 5.088832993298172624e+00
5.176470588235293491e-01 4.535998190321364198e+00
5.215686274509804266e-01 4.037797450049291470e+00
5.254901960784313930e-01 5.061514357746837334e+00
5.294117647058823595e-01 4.417369589222946757e+00
5.333333333333333259e-01 5.788190252994626306e+00
5.372549019607842924e-01 4.923715481092584056e+00
5.411764705882352589e-01 5.811349461942597827e+00
5.450980392156862253e-01 6.055759809506970015e+00
5.490196078431373028e-01 4.809370265978828662e+00
5.529411764705882693e-01 5.380282325560294510e+00
5.568627450980392357e-01 5.823123556757495045e+00
5.607843137254902022e-01 5.238698312508631716e+00
5.647058823529411686e-01 5.769683770835490222e+00
5.686274509803921351e-01 4.781117495073750945e+00
5.725490196078431016e-01 6.127072166142540688e+00
5.764705882352940680e-01 6.227436606978614897e+00
5.803921568627450345e-01 6.110304964158070007e+00
5.843137254901961120e-01 5.425461195913635848e+00
5.882352941176470784e-01 5.900680253908703321e+00
5.921568627450980449e-01 6.007193323817443975e+00
5.960784313725490113e-01 6.941547134050694901e+00
5.999999999999999778e-01 3.974040626077121718e+00
6.039215686274509443e-01 6.823751346289996356e+00
6.078431372549019107e-01 5.437059910397437079e+00
6.117647058823529882e-01 2.220846183530882811e+00
6.156862745098039547e-01 4.713666046945350629e+00
6.196078431372549211e-01 6.372673243749943595e+00
6.235294117647058876e-01 7.393082236853506295e+00
6.274509803921568540e-01 7.689207003609062063e+00
6.313725490196078205e-01 5.329777142472172713e+00
6.352941176470587870e-01 5.378404344481723776e+00
6.392156862745097534e-01 4.497056619150518131e+00
6.431372549019607199e-01 7.072749005263426980e+00
6.470588235294117974e-01 4.860372990147700634e+00
6.509803921568627638e-01 4.708738845931379480e+00
6.549019607843137303e-01 4.290887425094479291e+00
6.588235294117646967e-01 5.158621151314758180e+00
6.627450980392156632e-01 5.647614809898775512e+00
6.666666666666666297e-01 5.635998524989806135e+00
6.705882352941175961e-01 4.939072890006325878e+00
6.745098039215686736e-01 5.624625186014952760e+00
6.784313725490196401e-01 3.551996891833414605e+00
6.823529411764706065e-01 4.953164787908131750e+00
6.862745098039215730e-01 3.695288313464778263e+00
6.901960784313725394e-01 4.137047725119630925e+00
6.941176470588235059e-01 3.357490347889162674e+00
6.980392156862744724e-01 4.249147044749937763e+00
7.019607843137254388e-01 5.038306022335071077e+00
7.058823529411764053e-01 5.359467416349814606e+00
7.098039215686274828e-01 3.882657439631090668e+00
7.137254901960784492e-01 5.801823511151029678e+00
7.176470588235294157e-01 5.711789700961777960e+00
7.215686274509803821e-01 4.976414442335959976e+00
7.254901960784313486e-01 5.280486317947044483e+00
7.294117647058823151e-01 4.683154193720463709e+00
7.333333333333332815e-01 4.865546717066847826e+00
7.372549019607843590e-01 6.068340702185875735e+00
7.411764705882353255e-01 5.414081828011583220e+00
7.450980392156862919e-01 9.464025573988809725e+00
7.490196078431372584e-01 6.456535833037232663e+00
7.529411764705882248e-01 6.622153814874518929e+00
7.568627450980391913e-01 5.779141827530594355e+00
7.607843137254901578e-01 4.699855840005467300e+00
7.647058823529411242e-01 6.095957034314910317e+00
7.686274509803920907e-01 3.265333846898281767e+00
7.725490196078431682e-01 4.164515995842838159e+00
7.764705882352941346e-01 7.765273691025153191e+00
7.803921568627451011e-01 6.720458160280002424e+00
7.843137254901960675e-01 6.827867652181986990e+00
7.882352941176470340e-01 4.964636482138855555e+00
7.921568627450980005e-01 4.937037597613521456e+00
7.960784313725489669e-01 6.921017218969078399e+00
8.000000000000000444e-01 3.188318149032061566e+00
8.039215686274510109e-01 4.007479908493248644e+00
8.078431372549019773e-01 3.782581650398246786e+00
8.117647058823529438e-01 4.804055848985777644e+00
8.156862745098039102e-01 7.838397832176303481e+00
8.196078431372548767e-01 6.061815756495632534e+00
8.235294117647058432e-01 5.544076135575059183e+00
8.274509803921568096e-01 5.049580030941242192e+00
8.313725490196077761e-01 6.973646266036865882e+00
8.352941176470588536e-01 5.527118708588494300e+00
8.392156862745098200e-01 5.527581390671728379e+00
8.431372549019607865e-01 4.468789544080482123e+00
8.470588235294117530e-01 5.380766113526131100e+00
8.509803921568627194e-01 2.545377429438726580e+00
8.549019607843136859e-01 3.201947562472570397e+00
8.588235294117646523e-01 1.977582210454076783e+00
8.627450980392157298e-01 3.418987844850518432e+00
8.666666666666666963e-01 3.056838830871878354e+00
8.705882352941176627e-01 4.313653517410710236e+00
8.745098039215686292e-01 4.651505304471202251e+00
8.784313725490195957e-01 6.510187182524313165e+00
8.823529411764705621e-01 5.555832109063951307e+00
8.862745098039215286e-01 5.398769545974129613e+00
8.901960784313724950e-01 3.368489484038371007e+00
8.941176470588234615e-01 5.578517284544783017e+00
8.980392156862745390e-01 4.346377342291991575e+00
9.019607843137255054e-01 5.210808576770388889e+00
9.058823529411764719e-01 5.649214379204723357e+00
9.098039215686274384e-01 4.980078144876703305e+00
9.137254901960784048e-01 4.661413602461874639e+00
9.176470588235293713e-01 4.963011878087026041e+00
9.215686274509803377e-01 5.408235084656579872e+00
9.254901960784314152e-01 1.766658942444311986e+00
9.294117647058823817e-01 5.258185719098775301e+00
9.333333333333333481e-01 5.257919197177246318e+00
9.372549019607843146e-01 6.682205833336194445e+00
9.411764705882352811e-01 6.252991735534155993e+00
9.450980392156862475e-01 5.725454926749107720e+00
9.490196078431372140e-01 3.860450327968539597e+00
9.529411764705881804e-01 4.387504530681379578e+00
9.568627450980391469e-01 3.949671335678541784e+00
9.607843137254902244e-01 3.392418959053310257e+00
9.647058823529411908e-01 5.100062535440043732e+00
9.686274509803921573e-01 5.951842960541489091e+00
9.725490196078431238e-01 6.946971731887497725e+00
9.764705882352940902e-01 6.458258660613055646e+00
9.803921568627450567e-01 4.058884378384465919e+00
9.843137254901960231e-01 5.614665022415788798e+00
9.882352941176471006e-01 4.593830561012524960e+00
9.921568627450980671e-01 2.591937454954006625e+00
9.960784313725490335e-01 1.922875018159140748e+00
1.000000000000000000e+00 3.210848055902189024e+00
