0.000000000000000000e+00 4.036921276260297731e+00
3.921568627450980338e-03 2.053507769903681890e+00
7.843137254901960675e-03 1.432655535803937008e+00
1.176470588235294101e-02 2.701859600952210450e+00
1.568627450980392135e-02 3.519326298593076441e+00
1.960784313725490169e-02 3.349959982580084983e+00
2.352941176470588203e-02 3.770339508801559880e+00
2.745098039215686236e-02 4.480802712249643882e+00
3.137254901960784270e-02 4.626672255415077650e+00
3.529411764705882304e-02 4.536079071792753936e+00
3.921568627450980338e-02 3.155565184529290690e+00
4.313725490196078372e-02 3.676096865002588476e+00
4.705882352941176405e-02 1.282626852433559783e+00
5.098039215686274439e-02 3.435660277565699694e+00
5.490196078431372473e-02 4.662795491158228778e+00
5.882352941176470507e-02 5.425955002719328846e+00
6.274509803921568540e-02 4.892463166790513185e+00
6.666666666666666574e-02 3.738443558709031667e+00
7.058823529411764608e-02 2.325619280736128225e+00
7.450980392156862642e-02 2.400470589004331856e+00
7.843137254901960675e-02 4.218797522236092945e+00
8.235294117647058709e-02 2.094610841410396329e+00
8.627450980392156743e-02 3.366969841681910935e+00
9.019607843137254777e-02 4.590084184024610714e+00
9.411764705882352811e-02 3.399270905480086480e+00
9.803921568627450844e-02 4.444801024792276678e+00
1.019607843137254888e-01 9.895076390646186937e-01
1.058823529411764691e-01 3.292986016503613111e+00
1.098039215686274495e-01 2.757524972772709582e+00
1.137254901960784298e-01 4.974940961170992715e+00
1.176470588235294101e-01 4.480583441934143707e+00
1.215686274509803905e-01 4.161412184270679049e+00
1.254901960784313708e-01 4.173051031717077919e+00
1.294117647058823373e-01 2.581001086720940307e+00
1.333333333333333315e-01 4.199744637942964154e+00
1.372549019607843257e-01 4.850971083251705451e+00
1.411764705882352922e-01 3.772407494238492198e+00
1.450980392156862586e-01 5.724463166082193410e+00
1.490196078431372528e-01 4.270013405150153929e+00
1.529411764705882470e-01 4.571973135516070208e+00
1.568627450980392135e-01 4.082087822108271702e+00
1.607843137254901800e-01 3.212564462850436620e+00
1.647058823529411742e-01 4.331034365356239313e+00
1.686274509803921684e-01 2.040555111203146144e+00
1.725490196078431349e-01 4.876711717085524533e+00
1.764705882352941013e-01 5.748264796957931466e+00
1.803921568627450955e-01 6.355035670599722408e+00
1.843137254901960898e-01 4.399813988035164769e+00
1.882352941176470562e-01 4.502905998199820736e+00
1.921568627450980227e-01 3.880300950569705698e+00
1.960784313725490169e-01 4.237598501638104587e+00
2.000000000000000111e-01 3.047557682852814587e+00
2.039215686274509776e-01 6.690793625610842454e+00
2.078431372549019440e-01 5.065553309714211139e+00
2.117647058823529382e-01 5.145181102929125672e+00
2.156862745098039325e-01 4.541262108634629868e+00
2.196078431372548989e-01 5.462947629392870041e+00
2.235294117647058654e-01 4.609324083201283173e+00
2.274509803921568596e-01 6.526299919720604414e+00
2.313725490196078538e-01 5.688649799265101059e+00
2.352941176470588203e-01 8.201200911153641471e+00
2.392156862745097867e-01 7.320414547938273842e+00
2.431372549019607809e-01 7.455881272036041452e+00
2.470588235294117752e-01 3.950694430439257943e+00
2.509803921568627416e-01 4.947736077823354783e+00
2.549019607843137081e-01 3.168390947618034303e+00
2.588235294117646745e-01 4.455077833245227659e+00
2.627450980392156965e-01 3.144504656550870081e+00
2.666666666666666630e-01 3.523403618849711094e+00
2.705882352941176294e-01 5.055118327297583036e+00
2.745098039215686514e-01 7.072849426802709338e+00
2.784313725490196179e-01 5.297560787308523089e+00
2.823529411764705843e-01 5.737386000234936390e+00
2.862745098039215508e-01 5.592663889992047110e+00
2.901960784313725172e-01 2.975390177863994623e+00
2.941176470588235392e-01 5.259712291492550484e+00
2.980392156862745057e-01 5.368832115131210614e+00
3.019607843137254721e-01 3.940752102496815290e+00
3.058823529411764941e-01 5.639298410723829313e+00
3.098039215686274606e-01 7.003389057997444489e+00
3.137254901960784270e-01 6.946914359828569197e+00
3.176470588235293935e-01 5.829016591818398041e+00
3.215686274509803599e-01 4.867721809005323585e+00
3.254901960784313819e-01 7.270094335393932461e+00
3.294117647058823484e-01 6.096609388377542516e+00
3.333333333333333148e-01 6.310839245470266867e+00
3.372549019607843368e-01 5.833117677634786169e+00
3.411764705882353033e-01 5.997359540893018703e+00
3.450980392156862697e-01 7.837101835572806152e+00
3.490196078431372362e-01 5.750162629056785768e+00
3.529411764705882026e-01 7.770575947449774645e+00
3.568627450980392246e-01 7.762983407836211214e+00
3.607843137254901911e-01 7.231010574868912855e+00
3.647058823529411575e-01 6.794654339831188494e+00
3.686274509803921795e-01 5.879644875652821234e+00
3.725490196078431460e-01 5.604012820133978501e+00
3.764705882352941124e-01 7.782385941700269427e+00
3.803921568627450789e-01 6.269132346718764737e+00
3.843137254901960453e-01 7.412285229253146923e+00
3.882352941176470673e-01 5.359153358077434426e+00
3.921568627450980338e-01 7.217533260073626167e+00
3.960784313725490002e-01 6.105371010490495465e+00
4.000000000000000222e-01 6.736658028617650729e+00
4.039215686274509887e-01 4.982116616308008616e+00
4.078431372549019551e-01 6.685999314651936309e+00
4.117647058823529216e-01 5.807544481685538607e+00
4.156862745098038880e-01 7.274172002729413222e+00
4.196078431372549100e-01 5.983078828733980004e+00
4.235294117647058765e-01 6.727527947554500010e+00
4.274509803921568429e-01 7.410105378164381307e+00
4.313725490196078649e-01 5.317759783438706478e+00
4.352941176470588314e-01 4.121420916113176069e+00
4.392156862745097978e-01 4.576024959625674349e+00
4.431372549019607643e-01 5.578971429983500485e+00
4.470588235294117307e-01 5.883708103473294315e+00
4.509803921568627527e-01 7.813369964026286141e+00
4.549019607843137192e-01 5.743115585845369964e+00
4.588235294117646856e-01 5.203756650014334184e+00
4.627450980392157076e-01 6.981837311680702207e+00
4.666666666666666741e-01 5.748576149209376318e+00
4.705882352941176405e-01 4.631748295778327140e+00
4.745098039215686070e-01 6.684997099936129672e+00
4.784313725490195734e-01 7.775359266250075230e+00
4.823529411764705954e-01 6.382179919082439312e+00
4.862745098039215619e-01 6.925169950845400990e+00
4.901960784313725283e-01 6.832938186181468865e+00
4.941176470588235503e-01 7.489431227927521029e+00
4.980392156862745168e-01 6.666752802534455569e+00
5.019607843137254832e-01 3.008908302058274309e+00
5.058823529411764497e-01 5.561743273923021036e+00
5.098039215686274161e-01 4.281994215906545165e+00
5.137254901960783826e-01 3.418403086991747664e+00
5.176470588235293491e-01 7.077965583826859586e+00
5.215686274509804266e-01 7.528015833406965562e+00
5.254901960784313930e-01 7.927194387165727996e+00
5.294117647058823595e-01 5.496954344869996234e+00
5.333333333333333259e-01 6.819580746996359188e+00
5.372549019607842924e-01 4.995199884808458890e+00
5.411764705882352589e-01 4.455501265853056836e+00
5.450980392156862253e-01 5.398694728054645786e+00
5.490196078431373028e-01 7.515544314743378251e+00
5.529411764705882693e-01 4.459793802129596862e+00
5.568627450980392357e-01 7.178000165018612044e+00
5.607843137254902022e-01 4.534782168321582319e+00
5.647058823529411686e-01 3.835417822813724342e+00
5.686274509803921351e-01 4.374169453874395153e+00
5.725490196078431016e-01 4.326267322972206841e+00
5.764705882352940680e-01 6.865398661225511567e+00
5.803921568627450345e-01 7.335765293575645885e+00
5.843137254901961120e-01 6.739906331250558047e+00
5.882352941176470784e-01 6.573553878005064632e+00
5.921568627450980449e-01 5.296063091768595577e+00
5.960784313725490113e-01 3.925560348939809874e+00
5.999999999999999778e-01 4.398630180309394788e+00
6.039215686274509443e-01 3.997392353519969355e+00
6.078431372549019107e-01 5.543469486509492228e+00
6.117647058823529882e-01 6.088073986687667194e+00
6.156862745098039547e-01 6.391386466754909179e+00
6.196078431372549211e-01 5.999732195933185075e+00
6.235294117647058876e-01 7.227249564613944521e+00
6.274509803921568540e-01 5.103236728351728146e+00
6.313725490196078205e-01 6.417134604453286428e+00
6.352941176470587870e-01 5.783862561333260821e+00
6.392156862745097534e-01 4.989658824178683005e+00
6.431372549019607199e-01 6.832723782365149212e+00
6.470588235294117974e-01 6.642926528958704502e+00
6.509803921568627638e-01 5.091525820340667252e+00
6.549019607843137303e-01 5.723861091075822749e+00
6.588235294117646967e-01 6.472005215528304767e+00
6.627450980392156632e-01 6.369610347374871751e+00
6.666666666666666297e-01 6.144278114845525884e+00
6.705882352941175961e-01 6.067102910301365171e+00
6.745098039215686736e-01 5.290017192646365274e+00
6.784313725490196401e-01 4.322765908960310099e+00
6.823529411764706065e-01 3.785829124255626787e+00
6.862745098039215730e-01 5.749765257900872228e+00
6.901960784313725394e-01 2.474270199717012897e+00
6.941176470588235059e-01 6.047992742840587077e+00
6.980392156862744724e-01 5.218205570729582021e+00
7.019607843137254388e-01 5.359932846447373223e+00
7.058823529411764053e-01 6.511008419397041891e+00
7.098039215686274828e-01 3.115314053046878584e+00
7.137254901960784492e-01 4.864646834036549627e+00
7.176470588235294157e-01 5.835590677797655168e+00
7.215686274509803821e-01 3.942381489476054934e+00
7.254901960784313486e-01 6.287639675745800183e+00
7.294117647058823151e-01 7.156494820520532762e+00
7.333333333333332815e-01 5.772481369078945157e+00
7.372549019607843590e-01 5.823352404934631465e+00
7.411764705882353255e-01 5.962264742161393016e+00
7.450980392156862919e-01 4.403557755065111046e+00
7.490196078431372584e-01 2.817842016851099807e+00
7.529411764705882248e-01 4.245381090439323657e+00
7.568627450980391913e-01 6.143083917937863347e+00
7.607843137254901578e-01 4.916333713134066308e+00
7.647058823529411242e-01 5.136778115473199513e+00
7.686274509803920907e-01 4.871892435889265016e+00
7.725490196078431682e-01 5.657436968482469020e+00
7.764705882352941346e-01 4.728333032950777337e+00
7.803921568627451011e-01 5.272712879173448108e+00
7.843137254901960675e-01 5.589825707024638213e+00
7.882352941176470340e-01 4.003219016218467097e+00
7.921568627450980005e-01 5.206883829827914312e+00
7.960784313725489669e-01 3.816405970375774004e+00
8.000000000000000444e-01 5.910789296005545701e+00
8.039215686274510109e-01 5.993286512894295370e+00
8.078431372549019773e-01 6.081283352762715033e+00
8.117647058823529438e-01 5.077385310945494723e+00
8.156862745098039102e-01 6.470970278223275862e+00
8.196078431372548767e-01 4.702711193902175957e+00
8.235294117647058432e-01 7.314962596678554974e+00
8.274509803921568096e-01 3.849548521642431886e+00
8.313725490196077761e-01 5.954142922163044638e+00
8.352941176470588536e-01 6.177654391368593068e+00
8.392156862745098200e-01 7.037368993059368805e+00
8.431372549019607865e-01 5.540440922501217891e+00
8.470588235294117530e-01 5.802479082640407348e+00
8.509803921568627194e-01 3.182928313032769907e+00
8.549019607843136859e-01 3.550852298296792497e+00
8.588235294117646523e-01 5.931887621316637826e+00
8.627450980392157298e-01 3.288595219168341188e+00
8.666666666666666963e-01 4.470855300197406734e+00
8.705882352941176627e-01 3.618587729787664742e+00
8.745098039215686292e-01 2.333839402628294479e+00
8.784313725490195957e-01 2.033831164253369739e+00
8.823529411764705621e-01 3.829080362203161059e+00
8.862745098039215286e-01 2.027852113646221976e+00
8.901960784313724950e-01 4.166920643905945632e+00
8.941176470588234615e-01 4.422031880626967393e+00
8.980392156862745390e-01 5.433690438541155743e+00
9.019607843137255054e-01 4.224766784434557998e+00
9.058823529411764719e-01 4.612429670879662602e+00
9.098039215686274384e-01 5.271479869953012098e+00
9.137254901960784048e-01 4.413804974235583600e+00
9.176470588235293713e-01 5.852953720763137468e+00
9.215686274509803377e-01 4.195056832912645639e+00
9.254901960784314152e-01 5.006171036675617358e+00
9.294117647058823817e-01 4.495309230012862756e+00
9.333333333333333481e-01 3.412710542681549164e+00
9.372549019607843146e-01 3.630384227457833290e+00
9.411764705882352811e-01 5.304470471650006402e+00
9.450980392156862475e-01 4.593334215626772910e+00
9.490196078431372140e-01 4.304782702253097781e+00
9.529411764705881804e-01 3.689979361505447475e+00
9.568627450980391469e-01 4.079301297688201267e+00
9.607843137254902244e-01 5.102874916225671242e+00
9.647058823529411908e-01 5.562042303910672558e+00
9.686274509803921573e-01 2.539717188917824053e+00
9.725490196078431238e-01 4.625841834739659930e+00
9.764705882352940902e-01 3.204062129988690888e+00
9.803921568627450567e-01 3.145995968819884414e+00
9.843137254901960231e-01 3.021666805140014844e+00
9.882352941176471006e-01 1.719123338561966641e+00
9.921568627450980671e-01 3.174763158341927127e+00
9.960784313725490335e-01 2.200092532854748484e+00
1.000000000000000000e+00 3.230188491733147593e+00
