0.000000000000000000e+00 -1.285098172731526045e+00
3.921568627450980338e-03 -1.843841703112493846e+00
7.843137254901960675e-03 4.598590044713615210e-01
1.176470588235294101e-02 -1.484040657033520283e+00
1.568627450980392135e-02 2.194581166498332792e-01
1.960784313725490169e-02 1.613373468097002217e+00
2.352941176470588203e-02 -6.139500502401595838e-02
2.745098039215686236e-02 1.032318180429792509e+00
3.137254901960784270e-02 1.949233202106774421e+00
3.529411764705882304e-02 -3.094492305507787755e-01
3.921568627450980338e-02 -7.725234893557608729e-02
4.313725490196078372e-02 9.940153430164266890e-01
4.705882352941176405e-02 1.536771841854425169e-01
5.098039215686274439e-02 -1.904317000573067631e+00
5.490196078431372473e-02 1.950705302057724744e-01
5.882352941176470507e-02 8.242344503434055891e-01
6.274509803921568540e-02 -9.439302218633116581e-01
6.666666666666666574e-02 2.060738555595611032e+00
7.058823529411764608e-02 2.236713791338273527e+00
7.450980392156862642e-02 2.903100787945631645e+00
7.843137254901960675e-02 2.044719820415673350e+00
8.235294117647058709e-02 1.695002746519246761e+00
8.627450980392156743e-02 1.587010964837799465e+00
9.019607843137254777e-02 6.135512369681421774e-01
9.411764705882352811e-02 -8.757978835847874954e-01
9.803921568627450844e-02 -5.197449201794226425e-01
1.019607843137254888e-01 1.305532910974006366e+00
1.058823529411764691e-01 1.254101068130415220e+00
1.098039215686274495e-01 1.982176376732150525e+00
1.137254901960784298e-01 2.535372517469961728e+00
1.176470588235294101e-01 1.529438232101687722e+00
1.215686274509803905e-01 2.932692804883167081e+00
1.254901960784313708e-01 2.578108088137219589e+00
1.294117647058823373e-01 2.157181814163540601e+00
1.333333333333333315e-01 1.935884225464872266e-01
1.372549019607843257e-01 2.558395454902006261e+00
1.411764705882352922e-01 -1.068093661734996758e-01
1.450980392156862586e-01 -1.410306952872883990e-01
1.490196078431372528e-01 4.085539886102065310e-01
1.529411764705882470e-01 2.598566124098238284e+00
1.568627450980392135e-01 3.217718760977575698e+00
1.607843137254901800e-01 3.263559572513260232e+00
1.647058823529411742e-01 1.667374462059615370e+00
1.686274509803921684e-01 3.060298714481261673e+00
1.725490196078431349e-01 4.515518122176120031e+00
1.764705882352941013e-01 5.158574670628337522e+00
1.803921568627450955e-01 2.671441279120817747e+00
1.843137254901960898e-01 2.484397242591554367e+00
1.882352941176470562e-01 1.132261259560461752e+00
1.921568627450980227e-01 3.736594321237163285e-02
1.960784313725490169e-01 3.663667451778747086e-01
2.000000000000000111e-01 2.487255459854892603e+00
2.039215686274509776e-01 1.303962917374343444e+00
2.078431372549019440e-01 4.928112501947021329e+00
2.117647058823529382e-01 3.993031792603834784e+00
2.156862745098039325e-01 3.091231668485041162e+00
2.196078431372548989e-01 3.575534216903512696e+00
2.235294117647058654e-01 2.915623592091035832e+00
2.274509803921568596e-01 3.180326042701338451e+00
2.313725490196078538e-01 3.049143702017953039e+00
2.352941176470588203e-01 2.750218882010810884e+00
2.392156862745097867e-01 3.516409668385860332e+00
2.431372549019607809e-01 3.223200590826408529e+00
2.470588235294117752e-01 2.089671049141279990e+00
2.509803921568627416e-01 3.545142487425809286e+00
2.549019607843137081e-01 5.662208963836417475e+00
2.588235294117646745e-01 3.763234067514633185e+00
2.627450980392156965e-01 4.830354662766467300e+00
2.666666666666666630e-01 3.946439146655276620e+00
2.705882352941176294e-01 3.411122459063442136e+00
2.745098039215686514e-01 1.928122940398449892e+00
2.784313725490196179e-01 3.420329773449472643e+00
2.823529411764705843e-01 5.152664777772990590e+00
2.862745098039215508e-01 6.103951533204593716e+00
2.901960784313725172e-01 4.492599291358830627e+00
2.941176470588235392e-01 2.983573958830413098e+00
2.980392156862745057e-01 5.505231758340991099e+00
3.019607843137254721e-01 5.142483838265071050e+00
3.058823529411764941e-01 5.290120881151273657e+00
3.098039215686274606e-01 6.447246025994544105e+00
3.137254901960784270e-01 4.883038214086126594e+00
3.176470588235293935e-01 4.298655054323029745e+00
3.215686274509803599e-01 3.853363837129705871e+00
3.254901960784313819e-01 3.784279720788220835e+00
3.294117647058823484e-01 5.490003345267592039e+00
3.333333333333333148e-01 5.359477898115261318e+00
3.372549019607843368e-01 6.227205088655286325e+00
3.411764705882353033e-01 5.566920499773323705e+00
3.450980392156862697e-01 6.250190961096100395e+00
3.490196078431372362e-01 4.462209289498528797e+00
3.529411764705882026e-01 4.918696658399782429e+00
3.568627450980392246e-01 5.676034821255512064e+00
3.607843137254901911e-01 5.788303766946677698e+00
3.647058823529411575e-01 4.712446232608969332e+00
3.686274509803921795e-01 4.894335706556052656e+00
3.725490196078431460e-01 4.852708030224653690e+00
3.764705882352941124e-01 6.503865485429928484e+00
3.803921568627450789e-01 4.615464526857222971e+00
3.843137254901960453e-01 6.496381638597919839e+00
3.882352941176470673e-01 6.225692385131858408e+00
3.921568627450980338e-01 5.962265909876075298e+00
3.960784313725490002e-01 3.897513438513536599e+00
4.000000000000000222e-01 4.594722588640985705e+00
4.039215686274509887e-01 4.276263618166093572e+00
4.078431372549019551e-01 5.538926709058748621e+00
4.117647058823529216e-01 3.510861700384235284e+00
4.156862745098038880e-01 4.469314770185954799e+00
4.196078431372549100e-01 5.724724930629289332e+00
4.235294117647058765e-01 6.397131329749383255e+00
4.274509803921568429e-01 6.664040447049571547e+00
4.313725490196078649e-01 7.570727097296418684e+00
4.352941176470588314e-01 6.350775149535095920e+00
4.392156862745097978e-01 3.887805676726994619e+00
4.431372549019607643e-01 5.893933464607454376e+00
4.470588235294117307e-01 6.344470424033156419e+00
4.509803921568627527e-01 2.979311617968104287e+00
4.549019607843137192e-01 3.157182462928961542e+00
4.588235294117646856e-01 4.401530255971038308e+00
4.627450980392157076e-01 5.335472981420307903e+00
4.666666666666666741e-01 5.879077172924000116e+00
4.705882352941176405e-01 6.344587842780161857e+00
4.745098039215686070e-01 6.951322821421639375e+00
4.784313725490195734e-01 6.578806707898895212e+00
4.823529411764705954e-01 5.651277758053931954e+00
4.862745098039215619e-01 5.529992350741824048e+00
4.901960784313725283e-01 6.695313135641955959e+00
4.941176470588235503e-01 4.729094224388931345e+00
4.980392156862745168e-01 4.579831945842372853e+00
5.019607843137254832e-01 3.956781280081199448e+00
5.058823529411764497e-01 5.158018195004872020e+00
5.098039215686274161e-01 2.994747158497913286e+00
5.137254901960783826e-01 5.284349540258162392e+00
5.176470588235293491e-01 7.942935311348056970e+00
5.215686274509804266e-01 7.701982536924891320e+00
5.254901960784313930e-01 6.591362900397322200e+00
5.294117647058823595e-01 8.896091416806440222e+00
5.333333333333333259e-01 6.130003558569026900e+00
5.372549019607842924e-01 6.881490516016426362e+00
5.411764705882352589e-01 3.679829177156461295e+00
5.450980392156862253e-01 2.402469170748266603e+00
5.490196078431373028e-01 4.112012241542384317e+00
5.529411764705882693e-01 4.472403258479483945e+00
5.568627450980392357e-01 4.085918691982279860e+00
5.607843137254902022e-01 7.542380870957917871e+00
5.647058823529411686e-01 6.591133069105013398e+00
5.686274509803921351e-01 8.373576863862403741e+00
5.725490196078431016e-01 6.726830092664857652e+00
5.764705882352940680e-01 7.030464102045161034e+00
5.803921568627450345e-01 5.068703314881917166e+00
5.843137254901961120e-01 2.852091833902821172e+00
5.882352941176470784e-01 2.190844376871166510e+00
5.921568627450980449e-01 3.364316368723669015e+00
5.960784313725490113e-01 2.922302978877248769e+00
5.999999999999999778e-01 2.063097445129475016e+00
6.039215686274509443e-01 6.499645414429237711e+00
6.078431372549019107e-01 8.886873073464716555e+00
6.117647058823529882e-01 9.621537196367487610e+00
6.156862745098039547e-01 9.783085140730706897e+00
6.196078431372549211e-01 8.106494051004174750e+00
6.235294117647058876e-01 7.166735870663776709e+00
6.274509803921568540e-01 6.038474259854451631e+00
6.313725490196078205e-01 3.719250524493703303e+00
6.352941176470587870e-01 4.216991509308131825e+00
6.392156862745097534e-01 1.715312719532462893e+00
6.431372549019607199e-01 1.237760206237790150e+00
6.470588235294117974e-01 5.586965634001208159e+00
6.509803921568627638e-01 7.563698569138885830e+00
6.549019607843137303e-01 8.067860540584902651e+00
6.588235294117646967e-01 7.682828976824464640e+00
6.627450980392156632e-01 8.413260993869693394e+00
6.666666666666666297e-01 7.219371742569760997e+00
6.705882352941175961e-01 6.099752277548286195e+00
6.745098039215686736e-01 5.976191709849331346e+00
6.784313725490196401e-01 2.965066287907227149e+00
6.823529411764706065e-01 3.877170309020812056e+00
6.862745098039215730e-01 5.761874063172431448e+00
6.901960784313725394e-01 4.166717320280200809e+00
6.941176470588235059e-01 2.726387177802017447e+00
6.980392156862744724e-01 6.373825724958509298e+00
7.019607843137254388e-01 7.676293849873536246e+00
7.058823529411764053e-01 9.494171081840869775e+00
7.098039215686274828e-01 7.635972511060651335e+00
7.137254901960784492e-01 6.487038120773823913e+00
7.176470588235294157e-01 7.458864386021334170e+00
7.215686274509803821e-01 3.769422515207890179e+00
7.254901960784313486e-01 6.314573671494953189e+00
7.294117647058823151e-01 3.115760666711321125e+00
7.333333333333332815e-01 3.429326482391636954e+00
7.372549019607843590e-01 4.238880391636498324e+00
7.411764705882353255e-01 5.459224759120079540e+00
7.450980392156862919e-01 4.955356519327266618e+00
7.490196078431372584e-01 7.229670512539109417e+00
7.529411764705882248e-01 6.546331235901245549e+00
7.568627450980391913e-01 6.910735226590078994e+00
7.607843137254901578e-01 4.557785694894398887e+00
7.647058823529411242e-01 4.494570142263619950e+00
7.686274509803920907e-01 1.271029139503869754e+00
7.725490196078431682e-01 2.642428895377747722e+00
7.764705882352941346e-01 2.230629505643893395e+00
7.803921568627451011e-01 4.133796454054870395e+00
7.843137254901960675e-01 5.902257021684837568e+00
7.882352941176470340e-01 5.916365188405828590e+00
7.921568627450980005e-01 5.778909368051857953e+00
7.960784313725489669e-01 7.745759945708860172e+00
8.000000000000000444e-01 4.010927496792402458e+00
8.039215686274510109e-01 4.363326751966189576e+00
8.078431372549019773e-01 3.607563694602129001e+00
8.117647058823529438e-01 1.658506427981154996e+00
8.156862745098039102e-01 2.737037812213402255e+00
8.196078431372548767e-01 2.178033307479877223e+00
8.235294117647058432e-01 1.622050935801663041e+00
8.274509803921568096e-01 2.201001787410433064e+00
8.313725490196077761e-01 3.046970332360602107e+00
8.352941176470588536e-01 3.158834362718956346e+00
8.392156862745098200e-01 3.834132584562212731e+00
8.431372549019607865e-01 4.246139593571885307e+00
8.470588235294117530e-01 5.714222800702547289e+00
8.509803921568627194e-01 5.566521007239924046e+00
8.549019607843136859e-01 3.254813884501316146e+00
8.588235294117646523e-01 1.193787322355172265e+00
8.627450980392157298e-01 1.616730302046435863e+00
8.666666666666666963e-01 6.588518314663995845e-01
8.705882352941176627e-01 1.901214435649430268e+00
8.745098039215686292e-01 3.467237749822804194e+00
8.784313725490195957e-01 2.345645517750606590e+00
8.823529411764705621e-01 5.830174531467358534e+00
8.862745098039215286e-01 3.074426833178689478e+00
8.901960784313724950e-01 4.939916360087336145e+00
8.941176470588234615e-01 2.841580141708018203e+00
8.980392156862745390e-01 3.470482184901212630e+00
9.019607843137255054e-01 4.084804989676276143e+00
9.058823529411764719e-01 2.898274398719378642e+00
9.098039215686274384e-01 1.050315724011447127e+00
9.137254901960784048e-01 1.661313615749326456e+00
9.176470588235293713e-01 2.697146904849794691e+00
9.215686274509803377e-01 4.074704166270031180e+00
9.254901960784314152e-01 3.725196479609749201e+00
9.294117647058823817e-01 4.971677504893446731e+00
9.333333333333333481e-01 4.405488201129347914e+00
9.372549019607843146e-01 6.106245853476029772e+00
9.411764705882352811e-01 1.215596243448541891e+00
9.450980392156862475e-01 2.523746488002466926e+00
9.490196078431372140e-01 2.781178842786043770e+00
9.529411764705881804e-01 2.917458419003965631e+00
9.568627450980391469e-01 1.496686431871756096e+00
9.607843137254902244e-01 9.808616311804301269e-01
9.647058823529411908e-01 4.483602359949990124e+00
9.686274509803921573e-01 4.893252811677281322e+00
9.725490196078431238e-01 4.791323649255789796e+00
9.764705882352940902e-01 7.134947983400974358e+00
9.803921568627450567e-01 7.310624585526744212e+00
9.843137254901960231e-01 5.112337617140851442e+00
9.882352941176471006e-01 5.274071641587704917e+00
9.921568627450980671e-01 3.020511668705056163e+00
9.960784313725490335e-01 1.129508417449705426e+00
1.000000000000000000e+00 4.318123819270727637e+00
