0.000000000000000000e+00 4.613869543920000815e+00
3.921568627450980338e-03 4.379236036385766084e+00
7.843137254901960675e-03 3.939394281493250549e+00
1.176470588235294101e-02 5.438342226213831232e+00
1.568627450980392135e-02 5.827676669241696139e+00
1.960784313725490169e-02 5.572093788877647391e+00
2.352941176470588203e-02 6.337535280359331225e+00
2.745098039215686236e-02 4.483937080738124692e+00
3.137254901960784270e-02 4.437012236668839371e+00
3.529411764705882304e-02 5.764124791968542993e+00
3.921568627450980338e-02 6.409390410209503841e+00
4.313725490196078372e-02 4.998955006805113399e+00
4.705882352941176405e-02 5.455771246353011250e+00
5.098039215686274439e-02 5.307091244495725668e+00
5.490196078431372473e-02 6.579353607533315440e+00
5.882352941176470507e-02 6.073164130552177298e+00
6.274509803921568540e-02 7.886419032416501551e+00
6.666666666666666574e-02 6.477776165350257465e+00
7.058823529411764608e-02 4.724476355880698364e+00
7.450980392156862642e-02 2.777843307966081809e+00
7.843137254901960675e-02 3.276442177688167146e+00
8.235294117647058709e-02 4.838014314143519456e+00
8.627450980392156743e-02 2.233915336627294579e+00
9.019607843137254777e-02 5.817481597268343130e+00
9.411764705882352811e-02 6.388403103999325872e+00
9.803921568627450844e-02 5.401545364776725755e+00
1.019607843137254888e-01 7.237807518209928404e+00
1.058823529411764691e-01 7.559584662117907250e+00
1.098039215686274495e-01 5.219004116033922891e+00
1.137254901960784298e-01 6.725711694850851963e+00
1.176470588235294101e-01 7.189234161352803909e+00
1.215686274509803905e-01 7.653455490238759040e+00
1.254901960784313708e-01 4.498433925561200475e+00
1.294117647058823373e-01 5.161892084774851064e+00
1.333333333333333315e-01 8.376924516128609000e+00
1.372549019607843257e-01 5.592142915570437189e+00
1.411764705882352922e-01 6.130142323172007579e+00
1.450980392156862586e-01 5.917603768850110413e+00
1.490196078431372528e-01 7.787599734763377413e+00
1.529411764705882470e-01 4.198764252670320829e+00
1.568627450980392135e-01 4.707057458077485990e+00
1.607843137254901800e-01 4.328166473828215288e+00
1.647058823529411742e-01 4.447219959549672197e+00
1.686274509803921684e-01 6.313848774364318572e+00
1.725490196078431349e-01 6.983056572753752356e+00
1.764705882352941013e-01 7.769864771984887675e+00
1.803921568627450955e-01 5.560541461576481659e+00
1.843137254901960898e-01 6.889413322731331668e+00
1.882352941176470562e-01 5.831952967958205392e+00
1.921568627450980227e-01 5.068889746583500333e+00
1.960784313725490169e-01 6.998522791613564387e+00
2.000000000000000111e-01 4.378616430582791708e+00
2.039215686274509776e-01 4.114131645897237455e+00
2.078431372549019440e-01 5.810017031548550648e+00
2.117647058823529382e-01 6.705070961740312363e+00
2.156862745098039325e-01 6.408430543567713578e+00
2.196078431372548989e-01 6.325205987064069113e+00
2.235294117647058654e-01 4.469870857086606364e+00
2.274509803921568596e-01 5.764308716248702780e+00
2.313725490196078538e-01 6.214936687643199953e+00
2.352941176470588203e-01 3.768118224773945535e+00
2.392156862745097867e-01 5.826960036610441485e+00
2.431372549019607809e-01 5.222943508374839006e+00
2.470588235294117752e-01 4.994029314752859605e+00
2.509803921568627416e-01 4.818199991302606122e+00
2.549019607843137081e-01 7.085936743455810038e+00
2.588235294117646745e-01 8.891631868583530718e+00
2.627450980392156965e-01 6.032500428302384421e+00
2.666666666666666630e-01 4.025324138930194806e+00
2.705882352941176294e-01 3.298560738377241730e+00
2.745098039215686514e-01 2.259040353035718596e+00
2.784313725490196179e-01 3.551426759143138323e+00
2.823529411764705843e-01 3.625807180392324636e+00
2.862745098039215508e-01 2.826567135425079424e+00
2.901960784313725172e-01 4.538366731552403444e+00
2.941176470588235392e-01 6.116272370100247713e+00
2.980392156862745057e-01 7.543493199066547916e+00
3.019607843137254721e-01 6.692837210759545741e+00
3.058823529411764941e-01 7.612821563601084307e+00
3.098039215686274606e-01 4.415728942736259377e+00
3.137254901960784270e-01 4.777661277360229164e+00
3.176470588235293935e-01 4.194904279155559301e+00
3.215686274509803599e-01 2.232035716277715132e+00
3.254901960784313819e-01 3.292219442571181709e+00
3.294117647058823484e-01 3.670394941083118923e+00
3.333333333333333148e-01 4.027335563871806912e+00
3.372549019607843368e-01 5.625950369020125130e+00
3.411764705882353033e-01 6.155537022377712830e+00
3.450980392156862697e-01 7.762249771971308832e+00
3.490196078431372362e-01 6.656743478048589679e+00
3.529411764705882026e-01 7.165341761707285428e+00
3.568627450980392246e-01 8.615245711002856410e+00
3.607843137254901911e-01 8.137591102406357635e+00
3.647058823529411575e-01 4.927400872764422068e+00
3.686274509803921795e-01 6.546280302514142058e+00
3.725490196078431460e-01 6.011104201948763048e+00
3.764705882352941124e-01 7.666949437085640362e+00
3.803921568627450789e-01 6.312408172701894138e+00
3.843137254901960453e-01 7.507561791668287299e+00
3.882352941176470673e-01 5.808643480820498084e+00
3.921568627450980338e-01 5.519000260972615202e+00
3.960784313725490002e-01 6.164317884213868837e+00
4.000000000000000222e-01 6.488858199527006043e+00
4.039215686274509887e-01 6.890969824573533131e+00
4.078431372549019551e-01 7.838953041642370501e+00
4.117647058823529216e-01 5.707164803115543528e+00
4.156862745098038880e-01 8.485445302073291174e+00
4.196078431372549100e-01 6.883454161160861062e+00
4.235294117647058765e-01 3.033895407953693724e+00
4.274509803921568429e-01 6.993480319933881084e+00
4.313725490196078649e-01 6.389106727567073207e+00
4.352941176470588314e-01 4.891719308868726301e+00
4.392156862745097978e-01 5.156054316943105675e+00
4.431372549019607643e-01 5.128966050331706050e+00
4.470588235294117307e-01 5.603402795811260440e+00
4.509803921568627527e-01 5.690813946462736084e+00
4.549019607843137192e-01 5.031681926568047025e+00
4.588235294117646856e-01 5.647496883119760724e+00
4.627450980392157076e-01 6.692833922236915534e+00
4.666666666666666741e-01 6.124805806674443964e+00
4.705882352941176405e-01 7.669835182254733930e+00
4.745098039215686070e-01 8.984810857593924283e+00
4.784313725490195734e-01 6.308056883014666383e+00
4.823529411764705954e-01 4.974998148722528768e+00
4.862745098039215619e-01 6.221876395545275606e+00
4.901960784313725283e-01 6.322842498619028362e+00
4.941176470588235503e-01 4.379274110581556023e+00
4.980392156862745168e-01 5.575885789545199422e+00
5.019607843137254832e-01 5.547733063153696520e+00
5.058823529411764497e-01 5.912933012059909288e+00
5.098039215686274161e-01 7.582410458770963757e+00
5.137254901960783826e-01 6.997208048610015219e+00
5.176470588235293491e-01 9.179484752354044375e+00
5.215686274509804266e-01 8.642349482054431320e+00
5.254901960784313930e-01 7.622539657454188600e+00
5.294117647058823595e-01 4.507515629906415633e+00
5.333333333333333259e-01 5.618677591305646146e+00
5.372549019607842924e-01 4.293250301784174994e+00
5.411764705882352589e-01 4.609375595883983934e+00
5.450980392156862253e-01 3.622163080807364821e+00
5.490196078431373028e-01 5.505392294826210176e+00
5.529411764705882693e-01 6.165634095720982977e+00
5.568627450980392357e-01 6.102720830564404508e+00
5.607843137254902022e-01 7.075644047017071614e+00
5.647058823529411686e-01 5.824919158716524770e+00
5.686274509803921351e-01 5.641072292400597377e+00
5.725490196078431016e-01 5.000025621859329306e+00
5.764705882352940680e-01 2.768305983021270400e+00
5.803921568627450345e-01 3.550698792013860405e+00
5.843137254901961120e-01 3.691451879124088453e+00
5.882352941176470784e-01 3.428326440536876518e+00
5.921568627450980449e-01 3.886697025507041658e+00
5.960784313725490113e-01 5.448882010942339704e+00
5.999999999999999778e-01 3.597654901405468841e+00
6.039215686274509443e-01 4.850143470250736222e+00
6.078431372549019107e-01 5.565729232362468082e+00
6.117647058823529882e-01 4.077569070919066618e+00
6.156862745098039547e-01 6.438684291556973527e+00
6.196078431372549211e-01 3.089650630947879506e+00
6.235294117647058876e-01 2.750948800830438579e+00
6.274509803921568540e-01 1.626876175979468542e+00
6.313725490196078205e-01 3.307105887076645878e+00
6.352941176470587870e-01 5.174915525409309325e+00
6.392156862745097534e-01 5.890311957340171212e+00
6.431372549019607199e-01 5.490528263641895279e+00
6.470588235294117974e-01 7.330348840850291481e+00
6.509803921568627638e-01 5.845353613205377385e+00
6.549019607843137303e-01 7.177948592593962118e+00
6.588235294117646967e-01 6.331578305185304956e+00
6.627450980392156632e-01 1.913260531100146267e+00
6.666666666666666297e-01 2.927768779208492322e+00
6.705882352941175961e-01 1.952999075313813115e+00
6.745098039215686736e-01 4.048747216105214264e+00
6.784313725490196401e-01 5.958256306920311829e+00
6.823529411764706065e-01 6.242348978784136193e+00
6.862745098039215730e-01 5.088384906911326944e+00
6.901960784313725394e-01 7.114137849966120086e+00
6.941176470588235059e-01 3.058080879496897442e+00
6.980392156862744724e-01 4.899995049054577834e+00
7.019607843137254388e-01 4.849135949641227405e+00
7.058823529411764053e-01 2.760975718097517628e+00
7.098039215686274828e-01 2.790532754657980341e+00
7.137254901960784492e-01 2.500749185207934211e+00
7.176470588235294157e-01 2.094262692675167514e+00
7.215686274509803821e-01 4.853310888047790428e+00
7.254901960784313486e-01 3.297683169205420040e+00
7.294117647058823151e-01 6.856164592062567564e+00
7.333333333333332815e-01 5.035884390793412990e+00
7.372549019607843590e-01 5.886670953939480810e+00
7.411764705882353255e-01 4.780461496048467041e+00
7.450980392156862919e-01 2.293207230660250673e+00
7.490196078431372584e-01 2.891848621238546801e+00
7.529411764705882248e-01 7.087539995390486069e-01
7.568627450980391913e-01 2.863214766398302302e+00
7.607843137254901578e-01 4.354035791223555663e+00
7.647058823529411242e-01 7.209320292648094153e+00
7.686274509803920907e-01 8.120820938731277749e+00
7.725490196078431682e-01 4.795885158688593997e+00
7.764705882352941346e-01 6.396356214505676263e+00
7.803921568627451011e-01 6.944181365395506234e+00
7.843137254901960675e-01 5.502621852326199381e+00
7.882352941176470340e-01 5.470125947571371938e+00
7.921568627450980005e-01 2.979128899472332392e+00
7.960784313725489669e-01 3.880162207948923747e+00
8.000000000000000444e-01 4.045692262452126542e+00
8.039215686274510109e-01 6.441923564286646808e+00
8.078431372549019773e-01 4.796098097874243571e+00
8.117647058823529438e-01 7.553475128630086743e+00
8.156862745098039102e-01 8.067522727044982744e+00
8.196078431372548767e-01 5.796328340813120761e+00
8.235294117647058432e-01 5.348872663616178968e+00
8.274509803921568096e-01 3.471574572250418100e+00
8.313725490196077761e-01 5.115422987554135936e+00
8.352941176470588536e-01 4.709163817022967713e+00
8.392156862745098200e-01 6.318697719300980786e+00
8.431372549019607865e-01 4.274277400561119045e+00
8.470588235294117530e-01 5.436818554896150069e+00
8.509803921568627194e-01 5.546898207793979907e+00
8.549019607843136859e-01 7.527278964201700617e+00
8.588235294117646523e-01 7.322816618706612601e+00
8.627450980392157298e-01 4.969660153178565132e+00
8.666666666666666963e-01 6.026531081567552128e+00
8.705882352941176627e-01 5.467976678596855322e+00
8.745098039215686292e-01 5.081578055382899528e+00
8.784313725490195957e-01 5.879564702455050806e+00
8.823529411764705621e-01 7.172619616487337701e+00
8.862745098039215286e-01 4.476799413258729210e+00
8.901960784313724950e-01 7.957357175195111765e+00
8.941176470588234615e-01 4.924666081176212629e+00
8.980392156862745390e-01 5.071234779707610940e+00
9.019607843137255054e-01 5.867991773984183368e+00
9.058823529411764719e-01 5.225219607439608893e+00
9.098039215686274384e-01 4.174395509696804396e+00
9.137254901960784048e-01 5.895755001692222663e+00
9.176470588235293713e-01 7.421379231793723719e+00
9.215686274509803377e-01 3.673419803293876740e+00
9.254901960784314152e-01 7.410207620072339907e+00
9.294117647058823817e-01 5.936317775724472057e+00
9.333333333333333481e-01 6.881688417623818665e+00
9.372549019607843146e-01 5.066956104132364302e+00
9.411764705882352811e-01 5.181988716609234658e+00
9.450980392156862475e-01 6.898814844412774150e+00
9.490196078431372140e-01 6.303157217322050698e+00
9.529411764705881804e-01 6.222580227521181229e+00
9.568627450980391469e-01 4.890329786009837143e+00
9.607843137254902244e-01 5.358854632704813881e+00
9.647058823529411908e-01 5.209212461987059228e+00
9.686274509803921573e-01 2.761513398693073107e+00
9.725490196078431238e-01 4.422903434185068150e+00
9.764705882352940902e-01 3.761868175488654042e+00
9.803921568627450567e-01 5.181047267025000735e+00
9.843137254901960231e-01 3.808381802070117672e+00
9.882352941176471006e-01 3.975332272746910256e+00
9.921568627450980671e-01 3.613942867093582478e+00
9.960784313725490335e-01 3.156798009809180350e+00
1.000000000000000000e+00 3.456422568798948269e+00
