0.000000000000000000e+00 7.820420925038642501e-01
3.921568627450980338e-03 7.958310814710727321e-01
7.843137254901960675e-03 4.767435546421805448e-01
1.176470588235294101e-02 1.856915899223904098e+00
1.568627450980392135e-02 4.430027992681596416e+00
1.960784313725490169e-02 3.209259036138858434e+00
2.352941176470588203e-02 3.256515859730459539e+00
2.745098039215686236e-02 3.861461199609157902e+00
3.137254901960784270e-02 5.064412287760444720e+00
3.529411764705882304e-02 3.048275408498453132e+00
3.921568627450980338e-02 5.885246106807080935e+00
4.313725490196078372e-02 4.966247277917759106e+00
4.705882352941176405e-02 6.092510389701883078e+00
5.098039215686274439e-02 6.994828738187442774e+00
5.490196078431372473e-02 5.789881794970413331e+00
5.882352941176470507e-02 4.855466933082192682e+00
6.274509803921568540e-02 4.406103485912931106e+00
6.666666666666666574e-02 3.830754390287446576e+00
7.058823529411764608e-02 2.697346589322043187e+00
7.450980392156862642e-02 3.937418515092079296e+00
7.843137254901960675e-02 3.251244494279019293e+00
8.235294117647058709e-02 2.906047122938296035e+00
8.627450980392156743e-02 4.935807669758871974e+00
9.019607843137254777e-02 4.901367224685169610e+00
9.411764705882352811e-02 4.691289576513781867e+00
9.803921568627450844e-02 3.375492203682099124e+00
1.019607843137254888e-01 4.087217083388280159e+00
1.058823529411764691e-01 6.328151725337247235e+00
1.098039215686274495e-01 3.901636573066928015e+00
1.137254901960784298e-01 3.281776257023857113e+00
1.176470588235294101e-01 3.647829830905061410e+00
1.215686274509803905e-01 4.598390535677138402e+00
1.254901960784313708e-01 4.310231784304368929e+00
1.294117647058823373e-01 5.167202428768750799e+00
1.333333333333333315e-01 5.024844777797504491e+00
1.372549019607843257e-01 6.186277236669497803e+00
1.411764705882352922e-01 5.163902540136980690e+00
1.450980392156862586e-01 5.642389282667664041e+00
1.490196078431372528e-01 6.943724154223791523e+00
1.529411764705882470e-01 7.415920665411327661e+00
1.568627450980392135e-01 5.173197277665056326e+00
1.607843137254901800e-01 4.847763420643779853e+00
1.647058823529411742e-01 6.194344168069330969e+00
1.686274509803921684e-01 6.358700848415689499e+00
1.725490196078431349e-01 7.122734714111055077e+00
1.764705882352941013e-01 6.738664806657709505e+00
1.803921568627450955e-01 4.867432648313105403e+00
1.843137254901960898e-01 6.020036079466311918e+00
1.882352941176470562e-01 6.575072996931107028e+00
1.921568627450980227e-01 6.910887105684121678e+00
1.960784313725490169e-01 5.567091075591367400e+00
2.000000000000000111e-01 7.685742510339923506e+00
2.039215686274509776e-01 6.744470603721926416e+00
2.078431372549019440e-01 5.462989894923689249e+00
2.117647058823529382e-01 5.906521077419760957e+00
2.156862745098039325e-01 6.412619103491076444e+00
2.196078431372548989e-01 6.007677765767688527e+00
2.235294117647058654e-01 6.320913194082546482e+00
2.274509803921568596e-01 7.696312103217141320e+00
2.313725490196078538e-01 7.555402309307509334e+00
2.352941176470588203e-01 7.789699888635192693e+00
2.392156862745097867e-01 6.790002288452846813e+00
2.431372549019607809e-01 7.570013892159892066e+00
2.470588235294117752e-01 7.437746509208262857e+00
2.509803921568627416e-01 8.680049393632828014e+00
2.549019607843137081e-01 6.737055508202494103e+00
2.588235294117646745e-01 5.664706013132505547e+00
2.627450980392156965e-01 6.956418162188414911e+00
2.666666666666666630e-01 6.795515212503956626e+00
2.705882352941176294e-01 5.187652052223236332e+00
2.745098039215686514e-01 5.698672214140634296e+00
2.784313725490196179e-01 8.665502838455402923e+00
2.823529411764705843e-01 6.453910880520968618e+00
2.862745098039215508e-01 6.729592771714720811e+00
2.901960784313725172e-01 5.030523876731761490e+00
2.941176470588235392e-01 5.920172989070977998e+00
2.980392156862745057e-01 5.900671928969417834e+00
3.019607843137254721e-01 4.443156149753080264e+00
3.058823529411764941e-01 6.006161807973605882e+00
3.098039215686274606e-01 7.068695255053365045e+00
3.137254901960784270e-01 8.670111944867302967e+00
3.176470588235293935e-01 5.961058451830385074e+00
3.215686274509803599e-01 4.912796638892938716e+00
3.254901960784313819e-01 6.911197662031767663e+00
3.294117647058823484e-01 6.741401772428983641e+00
3.333333333333333148e-01 6.754128348122247161e+00
3.372549019607843368e-01 4.970981971118643372e+00
3.411764705882353033e-01 7.209061770768123267e+00
3.450980392156862697e-01 8.172145868893210263e+00
3.490196078431372362e-01 7.277107133891175472e+00
3.529411764705882026e-01 5.682496826491587605e+00
3.568627450980392246e-01 5.310992897206189944e+00
3.607843137254901911e-01 5.606075719046233807e+00
3.647058823529411575e-01 5.125108209626431766e+00
3.686274509803921795e-01 5.740345182483721942e+00
3.725490196078431460e-01 5.414669997068694229e+00
3.764705882352941124e-01 5.551560528853469734e+00
3.803921568627450789e-01 4.997854855640476046e+00
3.843137254901960453e-01 4.923903460826089429e+00
3.882352941176470673e-01 5.816794614530501839e+00
3.921568627450980338e-01 7.324257685635718218e+00
3.960784313725490002e-01 6.070322422798744455e+00
4.000000000000000222e-01 3.763952614651994377e+00
4.039215686274509887e-01 5.746070516829585806e+00
4.078431372549019551e-01 5.502891221921800025e+00
4.117647058823529216e-01 6.098328029221640634e+00
4.156862745098038880e-01 4.564084712915479791e+00
4.196078431372549100e-01 5.668452058345020639e+00
4.235294117647058765e-01 6.052127576123537800e+00
4.274509803921568429e-01 5.407112688363159059e+00
4.313725490196078649e-01 3.947197568292904801e+00
4.352941176470588314e-01 4.953799639054221160e+00
4.392156862745097978e-01 4.509330607207866493e+00
4.431372549019607643e-01 6.369491614794670298e+00
4.470588235294117307e-01 5.061254610549012156e+00
4.509803921568627527e-01 4.660923602440800728e+00
4.549019607843137192e-01 6.775182579406381578e+00
4.588235294117646856e-01 6.076871089057986453e+00
4.627450980392157076e-01 5.781592556752133127e+00
4.666666666666666741e-01 7.743178985433941008e+00
4.705882352941176405e-01 6.371845841091266394e+00
4.745098039215686070e-01 6.105523201761903884e+00
4.784313725490195734e-01 6.019930092333743765e+00
4.823529411764705954e-01 2.544823869796648985e+00
4.862745098039215619e-01 3.429719533644611573e+00
4.901960784313725283e-01 3.263648978660405042e+00
4.941176470588235503e-01 4.344748870843576860e+00
4.980392156862745168e-01 4.454752182226798141e+00
5.019607843137254832e-01 4.480842503025781909e+00
5.058823529411764497e-01 5.942990449122025787e+00
5.098039215686274161e-01 4.516371011444630490e+00
5.137254901960783826e-01 5.087070582887072590e+00
5.176470588235293491e-01 2.579475533109521823e+00
5.215686274509804266e-01 3.954487513846411062e+00
5.254901960784313930e-01 4.704345675640791313e+00
5.294117647058823595e-01 3.690013366791923488e+00
5.333333333333333259e-01 3.084491588204884671e+00
5.372549019607842924e-01 4.246764424286332940e+00
5.411764705882352589e-01 5.450334495422576531e+00
5.450980392156862253e-01 4.857626505809614414e+00
5.490196078431373028e-01 5.382014367018843615e+00
5.529411764705882693e-01 3.974773384893332207e+00
5.568627450980392357e-01 2.210918670122759444e+00
5.607843137254902022e-01 1.569629160146785996e+00
5.647058823529411686e-01 2.384802090163803623e+00
5.686274509803921351e-01 4.337982206047013456e+00
5.725490196078431016e-01 3.213568011619614584e+00
5.764705882352940680e-01 4.791785737921581578e+00
5.803921568627450345e-01 4.508317378275699561e+00
5.843137254901961120e-01 5.549761488660421627e+00
5.882352941176470784e-01 5.669611637242937263e+00
5.921568627450980449e-01 2.608630925089613140e+00
5.960784313725490113e-01 4.960835903164709570e+00
5.999999999999999778e-01 4.310847079727919251e+00
6.039215686274509443e-01 5.468005465730926495e+00
6.078431372549019107e-01 5.371222598358266431e+00
6.117647058823529882e-01 6.669805996402041970e+00
6.156862745098039547e-01 6.567978031159304564e+00
6.196078431372549211e-01 6.838388467554377570e+00
6.235294117647058876e-01 6.933951597293379621e+00
6.274509803921568540e-01 6.428827862348023281e+00
6.313725490196078205e-01 5.278748933574806124e+00
6.352941176470587870e-01 4.082339432863421713e+00
6.392156862745097534e-01 3.093725594212891394e+00
6.431372549019607199e-01 4.398258755991376390e+00
6.470588235294117974e-01 5.948401827253662510e+00
6.509803921568627638e-01 5.458760643093381937e+00
6.549019607843137303e-01 5.600224146051008489e+00
6.588235294117646967e-01 4.652695638602418526e+00
6.627450980392156632e-01 4.368395375088402588e+00
6.666666666666666297e-01 5.327897420863744848e+00
6.705882352941175961e-01 5.243765250931962996e+00
6.745098039215686736e-01 5.620951625734504908e+00
6.784313725490196401e-01 7.559331861636763961e+00
6.823529411764706065e-01 5.695790384549172636e+00
6.862745098039215730e-01 5.236972204550371046e+00
6.901960784313725394e-01 5.592229743632540995e+00
6.941176470588235059e-01 4.434872043361549387e+00
6.980392156862744724e-01 3.326056436208247646e+00
7.019607843137254388e-01 2.863712938379458617e+00
7.058823529411764053e-01 4.992294327771754858e+00
7.098039215686274828e-01 5.556173081551056825e+00
7.137254901960784492e-01 4.967297754986706337e+00
7.176470588235294157e-01 6.145304162879983600e+00
7.215686274509803821e-01 6.487464544825678914e+00
7.254901960784313486e-01 5.855967352798363557e+00
7.294117647058823151e-01 2.653621195003083688e+00
7.333333333333332815e-01 4.307705874939688151e+00
7.372549019607843590e-01 3.372976549345743535e+00
7.411764705882353255e-01 4.807422878317967552e+00
7.450980392156862919e-01 2.996121016874643939e+00
7.490196078431372584e-01 5.312653388815539834e+00
7.529411764705882248e-01 4.934175002217252803e+00
7.568627450980391913e-01 5.817462818182359996e+00
7.607843137254901578e-01 6.425567043503910725e+00
7.647058823529411242e-01 4.343911801231262970e+00
7.686274509803920907e-01 3.529886287518362309e+00
7.725490196078431682e-01 3.944749839090478272e+00
7.764705882352941346e-01 2.942950075408611976e+00
7.803921568627451011e-01 1.787307190372688037e+00
7.843137254901960675e-01 2.203546008334721140e+00
7.882352941176470340e-01 3.215176972683999157e+00
7.921568627450980005e-01 4.551991474364517565e+00
7.960784313725489669e-01 4.803994885545509241e+00
8.000000000000000444e-01 5.211803193645273780e+00
8.039215686274510109e-01 4.233176245885982958e+00
8.078431372549019773e-01 3.824821027510397098e+00
8.117647058823529438e-01 5.099109734862091514e+00
8.156862745098039102e-01 2.768869464684728499e+00
8.196078431372548767e-01 4.763519724805075128e+00
8.235294117647058432e-01 2.450524030980406831e+00
8.274509803921568096e-01 2.925148191749848081e+00
8.313725490196077761e-01 1.726527885565574572e+00
8.352941176470588536e-01 6.197765113165778494e-01
8.392156862745098200e-01 2.141934572085339550e+00
8.431372549019607865e-01 3.199428168631739844e+00
8.470588235294117530e-01 7.449792023237216121e-01
8.509803921568627194e-01 4.044719991292875072e+00
8.549019607843136859e-01 4.795201296739013408e+00
8.588235294117646523e-01 8.374426065774214223e+00
8.627450980392157298e-01 6.553446273053554094e+00
8.666666666666666963e-01 1.869181447467357149e+00
8.705882352941176627e-01 3.186302252400117219e+00
8.745098039215686292e-01 2.024393338216943672e+00
8.784313725490195957e-01 4.569959005603818625e+00
8.823529411764705621e-01 4.815701693319789811e+00
8.862745098039215286e-01 6.056004688802063995e+00
8.901960784313724950e-01 5.927059742725571567e+00
8.941176470588234615e-01 5.802490384514696231e+00
8.980392156862745390e-01 4.823658293586913004e+00
9.019607843137255054e-01 5.130667721315591123e+00
9.058823529411764719e-01 3.153890643547893280e+00
9.098039215686274384e-01 1.130320529023243648e+00
9.137254901960784048e-01 3.660861078848816064e-01
9.176470588235293713e-01 2.555783515931316252e+00
9.215686274509803377e-01 8.749054168507679474e-01
9.254901960784314152e-01 1.437086966815142253e+00
9.294117647058823817e-01 4.632989112841672252e+00
9.333333333333333481e-01 2.956233730903081280e+00
9.372549019607843146e-01 8.224652332497215390e-01
9.411764705882352811e-01 1.521047600509376485e+00
9.450980392156862475e-01 1.728091906103203179e+00
9.490196078431372140e-01 2.080435161343676675e+00
9.529411764705881804e-01 2.533644938220865228e+00
9.568627450980391469e-01 -3.520715695159943870e-01
9.607843137254902244e-01 7.054950156978836429e-01
9.647058823529411908e-01 2.872598472414797932e-01
9.686274509803921573e-01 1.583221806930743769e+00
9.725490196078431238e-01 1.792512624403403310e+00
9.764705882352940902e-01 1.258783448931246385e+00
9.803921568627450567e-01 1.211403230702094547e+00
9.843137254901960231e-01 -1.171278058961870983e-01
9.882352941176471006e-01 -1.209402449940386592e+00
9.921568627450980671e-01 -2.059670022475649009e+00
9.960784313725490335e-01 -6.568364425357671177e-01
1.000000000000000000e+00 -1.458565636023947398e-01
