0.000000000000000000e+00 2.975388965392840035e+00
3.921568627450980338e-03 3.891156276486137600e+00
7.843137254901960675e-03 3.817834213245462571e+00
1.176470588235294101e-02 5.772895689900183314e+00
1.568627450980392135e-02 3.056361788866861495e+00
1.960784313725490169e-02 4.265261500906238012e+00
2.352941176470588203e-02 2.092807248181402180e+00
2.745098039215686236e-02 2.470782004797873022e+00
3.137254901960784270e-02 2.586521419441700775e+00
3.529411764705882304e-02 2.444770606494131471e+00
3.921568627450980338e-02 3.356027675581179981e+00
4.313725490196078372e-02 2.686918305837637799e+00
4.705882352941176405e-02 3.838221212395774185e+00
5.098039215686274439e-02 4.249469785465335825e+00
5.490196078431372473e-02 5.206570447533747981e+00
5.882352941176470507e-02 4.497430962296991019e+00
6.274509803921568540e-02 5.485293851233117302e-01
6.666666666666666574e-02 3.225188070962303755e-01
7.058823529411764608e-02 3.141430516280459884e+00
7.450980392156862642e-02 2.120809362226664607e+00
7.843137254901960675e-02 -6.093709892095788838e-01
8.235294117647058709e-02 4.289092290709992650e-01
8.627450980392156743e-02 8.241231326682445513e-01
9.019607843137254777e-02 2.222635682478036667e+00
9.411764705882352811e-02 1.184252998757989950e+00
9.803921568627450844e-02 3.176573004482887708e+00
1.019607843137254888e-01 5.958313443240930152e-01
1.058823529411764691e-01 2.331620407562367880e+00
1.098039215686274495e-01 4.734392313577632017e+00
1.137254901960784298e-01 1.594308588274265581e+00
1.176470588235294101e-01 1.919717957104454698e+00
1.215686274509803905e-01 2.744295957244207607e+00
1.254901960784313708e-01 2.284929906113865261e+00
1.294117647058823373e-01 1.546250917762248989e+00
1.333333333333333315e-01 1.353004313863863439e+00
1.372549019607843257e-01 1.518790716500402649e+00
1.411764705882352922e-01 2.355425828407000655e+00
1.450980392156862586e-01 1.586729447504842128e+00
1.490196078431372528e-01 9.708348819752672387e-01
1.529411764705882470e-01 1.868326000585945446e+00
1.568627450980392135e-01 2.703245912763228453e+00
1.607843137254901800e-01 2.061003753078374245e+00
1.647058823529411742e-01 3.720435110876334495e+00
1.686274509803921684e-01 4.234451342170855170e+00
1.725490196078431349e-01 3.435586508542067818e+00
1.764705882352941013e-01 1.863585385016639062e+00
1.803921568627450955e-01 5.279345109914073131e-01
1.843137254901960898e-01 1.506101932906788843e+00
1.882352941176470562e-01 2.222194090726853144e+00
1.921568627450980227e-01 1.831609586378365240e+00
1.960784313725490169e-01 2.253154186474412679e+00
2.000000000000000111e-01 2.630128790407825878e+00
2.039215686274509776e-01 2.631190784601478594e+00
2.078431372549019440e-01 2.191293660813477207e+00
2.117647058823529382e-01 1.881829524355258521e+00
2.156862745098039325e-01 2.809925859895831213e+00
2.196078431372548989e-01 1.237584628991335922e+00
2.235294117647058654e-01 2.925883458922851066e+00
2.274509803921568596e-01 3.014596563894590631e+00
2.313725490196078538e-01 3.633581590872147160e+00
2.352941176470588203e-01 4.632811332961119355e+00
2.392156862745097867e-01 4.269931485304061525e+00
2.431372549019607809e-01 3.468731010021342875e+00
2.470588235294117752e-01 4.281586141205156792e+00
2.509803921568627416e-01 2.642294412156228844e+00
2.549019607843137081e-01 3.314413958487664402e+00
2.588235294117646745e-01 3.031206454346384582e+00
2.627450980392156965e-01 3.404005449818253037e+00
2.666666666666666630e-01 2.077097296846039498e+00
2.705882352941176294e-01 2.840735277884633092e+00
2.745098039215686514e-01 3.982740750837600263e+00
2.784313725490196179e-01 2.957712143815465655e+00
2.823529411764705843e-01 4.280666728486134609e+00
2.862745098039215508e-01 2.224250662806214862e+00
2.901960784313725172e-01 3.473431666795537609e+00
2.941176470588235392e-01 4.491158615697202094e+00
2.980392156862745057e-01 5.323414980163232890e+00
3.019607843137254721e-01 5.133342174278931580e+00
3.058823529411764941e-01 4.667266259959771624e+00
3.098039215686274606e-01 3.966304279363014551e+00
3.137254901960784270e-01 5.475277263407105188e+00
3.176470588235293935e-01 6.067700582544318877e+00
3.215686274509803599e-01 5.139190259599816457e+00
3.254901960784313819e-01 5.163827364837896283e+00
3.294117647058823484e-01 4.456089883503329574e+00
3.333333333333333148e-01 3.800845101885620192e+00
3.372549019607843368e-01 6.682038140164534568e+00
3.411764705882353033e-01 4.846464183561421279e+00
3.450980392156862697e-01 4.925218749865618584e+00
3.490196078431372362e-01 4.658292540935543791e+00
3.529411764705882026e-01 5.394281170503326450e+00
3.568627450980392246e-01 5.728614229732671426e+00
3.607843137254901911e-01 5.063852528249723761e+00
3.647058823529411575e-01 4.383969885362963836e+00
3.686274509803921795e-01 6.751680037316025285e+00
3.725490196078431460e-01 5.853027582154275876e+00
3.764705882352941124e-01 6.721751771299323330e+00
3.803921568627450789e-01 5.110881930295536613e+00
3.843137254901960453e-01 5.408912611873892828e+00
3.882352941176470673e-01 4.804672350109350454e+00
3.921568627450980338e-01 4.790328781452934948e+00
3.960784313725490002e-01 7.129580199313211963e+00
4.000000000000000222e-01 5.840895590243122548e+00
4.039215686274509887e-01 5.647859335886669108e+00
4.078431372549019551e-01 5.538394865434800529e+00
4.117647058823529216e-01 7.095470463425667340e+00
4.156862745098038880e-01 6.891626057309922615e+00
4.196078431372549100e-01 7.969449187518061528e+00
4.235294117647058765e-01 7.420660356220951215e+00
4.274509803921568429e-01 7.778391724710148836e+00
4.313725490196078649e-01 9.328704724814091520e+00
4.352941176470588314e-01 7.583008549745640536e+00
4.392156862745097978e-01 8.581764251821882183e+00
4.431372549019607643e-01 8.274829137647010668e+00
4.470588235294117307e-01 6.277565309473708055e+00
4.509803921568627527e-01 8.383949468973380448e+00
4.549019607843137192e-01 6.257566063806160095e+00
4.588235294117646856e-01 7.526282957099508231e+00
4.627450980392157076e-01 7.347943567210451832e+00
4.666666666666666741e-01 7.124400875863039495e+00
4.705882352941176405e-01 6.286319039130026987e+00
4.745098039215686070e-01 7.495664506849591291e+00
4.784313725490195734e-01 7.307199925010390729e+00
4.823529411764705954e-01 8.315694383291218017e+00
4.862745098039215619e-01 9.898348066221618780e+00
4.901960784313725283e-01 1.044508735333864635e+01
4.941176470588235503e-01 8.054283704296546276e+00
4.980392156862745168e-01 8.530473025022377698e+00
5.019607843137254832e-01 7.934419633425365603e+00
5.058823529411764497e-01 8.326264851107678666e+00
5.098039215686274161e-01 8.820272170585123916e+00
5.137254901960783826e-01 8.287390655011195761e+00
5.176470588235293491e-01 8.561415965474262535e+00
5.215686274509804266e-01 7.817034506529314086e+00
5.254901960784313930e-01 7.108191598653952781e+00
5.294117647058823595e-01 8.461095888095302442e+00
5.333333333333333259e-01 7.056962647826933832e+00
5.372549019607842924e-01 8.434277842594147145e+00
5.411764705882352589e-01 7.063955192093167135e+00
5.450980392156862253e-01 1.092921365650624210e+01
5.490196078431373028e-01 7.958422585599551624e+00
5.529411764705882693e-01 1.115928540417083425e+01
5.568627450980392357e-01 1.098988854827560857e+01
5.607843137254902022e-01 1.193305539045644537e+01
5.647058823529411686e-01 1.107476786527924162e+01
5.686274509803921351e-01 8.633849619392174546e+00
5.725490196078431016e-01 1.169426367666928712e+01
5.764705882352940680e-01 1.048485273079583102e+01
5.803921568627450345e-01 1.201345075633939885e+01
5.843137254901961120e-01 1.003806123859164856e+01
5.882352941176470784e-01 1.042663652344222491e+01
5.921568627450980449e-01 9.476432227282812093e+00
5.960784313725490113e-01 1.181913968091065215e+01
5.999999999999999778e-01 8.772781404185325371e+00
6.039215686274509443e-01 1.085401287805706616e+01
6.078431372549019107e-01 1.226154449799220281e+01
6.117647058823529882e-01 1.008991511579382383e+01
6.156862745098039547e-01 9.617716467779215961e+00
6.196078431372549211e-01 8.327862819652452231e+00
6.235294117647058876e-01 8.470583655694001735e+00
6.274509803921568540e-01 9.717777022661167052e+00
6.313725490196078205e-01 1.128031436772965890e+01
6.352941176470587870e-01 9.012195647358131723e+00
6.392156862745097534e-01 1.014295725217059996e+01
6.431372549019607199e-01 1.132313748872374504e+01
6.470588235294117974e-01 9.663775508669216308e+00
6.509803921568627638e-01 1.140606400882109384e+01
6.549019607843137303e-01 1.008373852496994516e+01
6.588235294117646967e-01 9.837288635761304079e+00
6.627450980392156632e-01 8.970801324304932933e+00
6.666666666666666297e-01 9.585868332352999843e+00
6.705882352941175961e-01 9.481436186726282855e+00
6.745098039215686736e-01 9.668277285377481434e+00
6.784313725490196401e-01 9.409890927794672066e+00
6.823529411764706065e-01 1.047071131780137598e+01
6.862745098039215730e-01 8.965293313020309185e+00
6.901960784313725394e-01 1.020389188673913416e+01
6.941176470588235059e-01 1.185014281203251585e+01
6.980392156862744724e-01 1.015081881252751650e+01
7.019607843137254388e-01 1.081769258915071319e+01
7.058823529411764053e-01 1.034143411699432846e+01
7.098039215686274828e-01 9.306668541401956318e+00
7.137254901960784492e-01 9.188902953295725595e+00
7.176470588235294157e-01 9.238807105519923013e+00
7.215686274509803821e-01 9.201278160387882821e+00
7.254901960784313486e-01 7.860028553942290053e+00
7.294117647058823151e-01 8.829818234422164736e+00
7.333333333333332815e-01 7.049552311166401353e+00
7.372549019607843590e-01 1.122039381600054142e+01
7.411764705882353255e-01 9.089041986360294700e+00
7.450980392156862919e-01 1.128417384186631089e+01
7.490196078431372584e-01 1.184699428913148722e+01
7.529411764705882248e-01 8.464573981213511900e+00
7.568627450980391913e-01 1.071308819196701734e+01
7.607843137254901578e-01 1.083023752112870852e+01
7.647058823529411242e-01 9.756213210125826762e+00
7.686274509803920907e-01 1.027479528511804929e+01
7.725490196078431682e-01 1.038208978811390004e+01
7.764705882352941346e-01 7.395378959386334827e+00
7.803921568627451011e-01 9.040919779474332785e+00
7.843137254901960675e-01 7.403698394967242358e+00
7.882352941176470340e-01 7.881968599135516840e+00
7.921568627450980005e-01 8.517762230548859392e+00
7.960784313725489669e-01 7.787015913510204612e+00
8.000000000000000444e-01 8.669137748705937341e+00
8.039215686274510109e-01 9.992320636970791981e+00
8.078431372549019773e-01 8.620417786306566299e+00
8.117647058823529438e-01 1.058404454033816755e+01
8.156862745098039102e-01 8.901661445162204700e+00
8.196078431372548767e-01 1.133304356282768843e+01
8.235294117647058432e-01 1.019621304390271632e+01
8.274509803921568096e-01 9.962997168106239698e+00
8.313725490196077761e-01 8.003521735575487739e+00
8.352941176470588536e-01 9.175203515563897128e+00
8.392156862745098200e-01 1.027652622165342677e+01
8.431372549019607865e-01 8.258257179106422541e+00
8.470588235294117530e-01 7.376786078859258744e+00
8.509803921568627194e-01 8.225627093608995466e+00
8.549019607843136859e-01 8.979197618825297766e+00
8.588235294117646523e-01 1.034118055905304701e+01
8.627450980392157298e-01 1.082840291054413484e+01
8.666666666666666963e-01 1.077150593238766163e+01
8.705882352941176627e-01 1.025127210935717770e+01
8.745098039215686292e-01 9.374752099846654474e+00
8.784313725490195957e-01 8.157318032647699724e+00
8.823529411764705621e-01 8.414572091680295074e+00
8.862745098039215286e-01 8.735299765564317198e+00
8.901960784313724950e-01 9.496446583387708529e+00
8.941176470588234615e-01 1.008227228562755684e+01
8.980392156862745390e-01 1.099347861512116786e+01
9.019607843137255054e-01 9.411458114172138067e+00
9.058823529411764719e-01 9.141966739485310356e+00
9.098039215686274384e-01 9.995418563559457681e+00
9.137254901960784048e-01 7.262812905589198564e+00
9.176470588235293713e-01 9.136423683896001791e+00
9.215686274509803377e-01 8.432966022100529813e+00
9.254901960784314152e-01 7.513004458649438888e+00
9.294117647058823817e-01 9.520299664345651891e+00
9.333333333333333481e-01 8.540955040703970269e+00
9.372549019607843146e-01 8.617372447125674739e+00
9.411764705882352811e-01 9.283146916278758098e+00
9.450980392156862475e-01 9.241818077817917754e+00
9.490196078431372140e-01 8.327828037870188993e+00
9.529411764705881804e-01 9.889261429158802130e+00
9.568627450980391469e-01 9.542154362333764794e+00
9.607843137254902244e-01 9.238448104080070777e+00
9.647058823529411908e-01 8.761038414918489892e+00
9.686274509803921573e-01 9.428349316744709441e+00
9.725490196078431238e-01 8.883459295223550711e+00
9.764705882352940902e-01 6.723486248672515764e+00
9.803921568627450567e-01 9.189685869722662659e+00
9.843137254901960231e-01 1.012885524085456268e+01
9.882352941176471006e-01 7.620931950737515947e+00
9.921568627450980671e-01 9.375078305426139735e+00
9.960784313725490335e-01 8.885171289708337028e+00
1.000000000000000000e+00 7.522413511966541400e+00
