0.000000000000000000e+00 1.175868416729406007e+00
3.921568627450980338e-03 3.444281132080689645e+00
7.843137254901960675e-03 2.151257759803746339e+00
1.176470588235294101e-02 3.343811301355701815e+00
1.568627450980392135e-02 3.254250506522356812e+00
1.960784313725490169e-02 3.242483939253971492e+00
2.352941176470588203e-02 1.632941559062892845e+00
2.745098039215686236e-02 1.721749596949277317e+00
3.137254901960784270e-02 1.274048176412742261e+00
3.529411764705882304e-02 2.290763680983473716e+00
3.921568627450980338e-02 4.831938532955972754e+00
4.313725490196078372e-02 1.266986586143648008e+00
4.705882352941176405e-02 3.675045543970093753e+00
5.098039215686274439e-02 2.183680856054941444e+00
5.490196078431372473e-02 1.389624972077915688e+00
5.882352941176470507e-02 2.838336169034265666e+00
6.274509803921568540e-02 8.155038643437810819e-01
6.666666666666666574e-02 1.146526513956961146e+00
7.058823529411764608e-02 2.974594427606032099e+00
7.450980392156862642e-02 1.595512006975379649e+00
7.843137254901960675e-02 2.307236825371268285e+00
8.235294117647058709e-02 3.233817850164107277e+00
8.627450980392156743e-02 4.427414472838320236e+00
9.019607843137254777e-02 3.013458443991713143e+00
9.411764705882352811e-02 4.455418489643053981e+00
9.803921568627450844e-02 3.031075402664786811e+00
1.019607843137254888e-01 3.663406708933247824e+00
1.058823529411764691e-01 1.553108343999614505e+00
1.098039215686274495e-01 2.532101270536228022e+00
1.137254901960784298e-01 1.272737834229413778e-01
1.176470588235294101e-01 2.241594896740656484e+00
1.215686274509803905e-01 2.454398222491519732e+00
1.254901960784313708e-01 1.438213168026078126e+00
1.294117647058823373e-01 2.322582078492742674e+00
1.333333333333333315e-01 1.117551223029161322e+00
1.372549019607843257e-01 2.743031838523739108e+00
1.411764705882352922e-01 1.932556128107521420e+00
1.450980392156862586e-01 2.267177961272820674e+00
1.490196078431372528e-01 3.546165545172121902e+00
1.529411764705882470e-01 1.554496477155116185e+00
1.568627450980392135e-01 2.970729801930150238e+00
1.607843137254901800e-01 5.596016133324504871e+00
1.647058823529411742e-01 2.327776179722868655e+00
1.686274509803921684e-01 3.510222157109462948e+00
1.725490196078431349e-01 1.547690977012210700e+00
1.764705882352941013e-01 6.356175057951061191e-01
1.803921568627450955e-01 1.542479117495364926e+00
1.843137254901960898e-01 1.781544497223866541e+00
1.882352941176470562e-01 8.850185634073306495e-01
1.921568627450980227e-01 2.343075233033888871e+00
1.960784313725490169e-01 3.351741445799642616e+00
2.000000000000000111e-01 4.874009804321978834e+00
2.039215686274509776e-01 2.374933711364757727e+00
2.078431372549019440e-01 5.984601893649847071e+00
2.117647058823529382e-01 3.729077765120473842e+00
2.156862745098039325e-01 4.721485061134703898e+00
2.196078431372548989e-01 4.517294134056652588e+00
2.235294117647058654e-01 3.150154703834389114e+00
2.274509803921568596e-01 2.811784459339206954e+00
2.313725490196078538e-01 6.003176121894295392e+00
2.352941176470588203e-01 3.441559664320211098e+00
2.392156862745097867e-01 6.163036933454144162e+00
2.431372549019607809e-01 4.777857626414046877e+00
2.470588235294117752e-01 4.873995053037157632e+00
2.509803921568627416e-01 5.676575618292860170e+00
2.549019607843137081e-01 3.620626866456873039e+00
2.588235294117646745e-01 6.192065599752075045e+00
2.627450980392156965e-01 3.658521029017686388e+00
2.666666666666666630e-01 6.041709213512219456e+00
2.705882352941176294e-01 5.737937586256686373e+00
2.745098039215686514e-01 4.716466299410428498e+00
2.784313725490196179e-01 5.151682983416606021e+00
2.823529411764705843e-01 5.548338009009774474e+00
2.862745098039215508e-01 4.941466885974229228e+00
2.901960784313725172e-01 3.740161200492718052e+00
2.941176470588235392e-01 6.424276257663229295e+00
2.980392156862745057e-01 6.964753102126941542e+00
3.019607843137254721e-01 7.461987509742153080e+00
3.058823529411764941e-01 7.354020473592589369e+00
3.098039215686274606e-01 5.770591708821138255e+00
3.137254901960784270e-01 5.309344782847776223e+00
3.176470588235293935e-01 6.997085483587000887e+00
3.215686274509803599e-01 6.044424906454922919e+00
3.254901960784313819e-01 7.463307301948646000e+00
3.294117647058823484e-01 5.120382683731787843e+00
3.333333333333333148e-01 8.181255180936958027e+00
3.372549019607843368e-01 7.707302585276334383e+00
3.411764705882353033e-01 5.619996333683405787e+00
3.450980392156862697e-01 5.723185852032768750e+00
3.490196078431372362e-01 5.793767377440539157e+00
3.529411764705882026e-01 6.067808075789474564e+00
3.568627450980392246e-01 7.576414952525523994e+00
3.607843137254901911e-01 6.714990309383460421e+00
3.647058823529411575e-01 6.639521258506185575e+00
3.686274509803921795e-01 6.895878303839825918e+00
3.725490196078431460e-01 7.156470650588985016e+00
3.764705882352941124e-01 4.894016713655823025e+00
3.803921568627450789e-01 9.079100615561189969e+00
3.843137254901960453e-01 8.084352783060039016e+00
3.882352941176470673e-01 5.677407807645630911e+00
3.921568627450980338e-01 7.814422061802971164e+00
3.960784313725490002e-01 7.713311632478764501e+00
4.000000000000000222e-01 7.019607353820691564e+00
4.039215686274509887e-01 4.265355977539608823e+00
4.078431372549019551e-01 7.802300017835570145e+00
4.117647058823529216e-01 7.493004473358284123e+00
4.156862745098038880e-01 5.883331121771501415e+00
4.196078431372549100e-01 7.194317003964065371e+00
4.235294117647058765e-01 6.284570228819038817e+00
4.274509803921568429e-01 7.962225172224344227e+00
4.313725490196078649e-01 8.844449370670446342e+00
4.352941176470588314e-01 9.340042275982062492e+00
4.392156862745097978e-01 7.959804061825019872e+00
4.431372549019607643e-01 7.483675784080268123e+00
4.470588235294117307e-01 7.551179146314693114e+00
4.509803921568627527e-01 7.028001892053575617e+00
4.549019607843137192e-01 7.534463567186237221e+00
4.588235294117646856e-01 5.734718028946008239e+00
4.627450980392157076e-01 6.173681435665297812e+00
4.666666666666666741e-01 7.945796659359565695e+00
4.705882352941176405e-01 7.620677219566394101e+00
4.745098039215686070e-01 5.737779873236800832e+00
4.784313725490195734e-01 6.072381623736216483e+00
4.823529411764705954e-01 6.944449456829895340e+00
4.862745098039215619e-01 1.030933280211299952e+01
4.901960784313725283e-01 6.934751832210388933e+00
4.941176470588235503e-01 6.822236625895893525e+00
4.980392156862745168e-01 8.446207531321951123e+00
5.019607843137254832e-01 7.370139281921351149e+00
5.058823529411764497e-01 6.853606629553251395e+00
5.098039215686274161e-01 6.050644688782729652e+00
5.137254901960783826e-01 6.445301218066034288e+00
5.176470588235293491e-01 7.297345771979698803e+00
5.215686274509804266e-01 8.248565579716593987e+00
5.254901960784313930e-01 7.632988360175598785e+00
5.294117647058823595e-01 6.968870928164561995e+00
5.333333333333333259e-01 5.712687410302551783e+00
5.372549019607842924e-01 7.326625624231652978e+00
5.411764705882352589e-01 8.088987822081881163e+00
5.450980392156862253e-01 8.862191764710303232e+00
5.490196078431373028e-01 8.757183027342144044e+00
5.529411764705882693e-01 7.144467500671523474e+00
5.568627450980392357e-01 7.392994972463797332e+00
5.607843137254902022e-01 6.947283251374415158e+00
5.647058823529411686e-01 6.820833689531617949e+00
5.686274509803921351e-01 7.473389060895719638e+00
5.725490196078431016e-01 7.564883947102713613e+00
5.764705882352940680e-01 5.057776804185224684e+00
5.803921568627450345e-01 6.508598827033407197e+00
5.843137254901961120e-01 6.456264130931320011e+00
5.882352941176470784e-01 6.633083138453939931e+00
5.921568627450980449e-01 8.884976177233523842e+00
5.960784313725490113e-01 9.199879383064139660e+00
5.999999999999999778e-01 9.961840780643925086e+00
6.039215686274509443e-01 8.750089310941364218e+00
6.078431372549019107e-01 1.107840567901555140e+01
6.117647058823529882e-01 8.469893706057154859e+00
6.156862745098039547e-01 9.653286169837606678e+00
6.196078431372549211e-01 8.156359398247643000e+00
6.235294117647058876e-01 8.221375054336581556e+00
6.274509803921568540e-01 7.387593884946872080e+00
6.313725490196078205e-01 6.768673534630211819e+00
6.352941176470587870e-01 5.744240829252112768e+00
6.392156862745097534e-01 8.104087201801293716e+00
6.431372549019607199e-01 9.242177107689666826e+00
6.470588235294117974e-01 7.999423657315360536e+00
6.509803921568627638e-01 7.333200920497625397e+00
6.549019607843137303e-01 7.305650191265994131e+00
6.588235294117646967e-01 5.498865529555251541e+00
6.627450980392156632e-01 7.001761667179454918e+00
6.666666666666666297e-01 7.480158758016218101e+00
6.705882352941175961e-01 7.824736790714931445e+00
6.745098039215686736e-01 6.851101627795824989e+00
6.784313725490196401e-01 6.936142166523493024e+00
6.823529411764706065e-01 8.232180374045723781e+00
6.862745098039215730e-01 8.750929641722976271e+00
6.901960784313725394e-01 8.947638671783945341e+00
6.941176470588235059e-01 9.016208146288237302e+00
6.980392156862744724e-01 9.838873620332009295e+00
7.019607843137254388e-01 6.214528973265187162e+00
7.058823529411764053e-01 6.223257494375943111e+00
7.098039215686274828e-01 6.772277283804301717e+00
7.137254901960784492e-01 7.606942061958083201e+00
7.176470588235294157e-01 6.386998050518295500e+00
7.215686274509803821e-01 4.830194351536408526e+00
7.254901960784313486e-01 5.711156814708089335e+00
7.294117647058823151e-01 7.106112468011189343e+00
7.333333333333332815e-01 8.015956551387837692e+00
7.372549019607843590e-01 6.003579639612317997e+00
7.411764705882353255e-01 9.007794834970304976e+00
7.450980392156862919e-01 7.056109597535234812e+00
7.490196078431372584e-01 6.331373663941973540e+00
7.529411764705882248e-01 7.926084199938255637e+00
7.568627450980391913e-01 9.510244683252583542e+00
7.607843137254901578e-01 6.650126217262175565e+00
7.647058823529411242e-01 6.377492801328565442e+00
7.686274509803920907e-01 7.385850108411278647e+00
7.725490196078431682e-01 8.633411116992887102e+00
7.764705882352941346e-01 6.592065431658539865e+00
7.803921568627451011e-01 5.597604219633220524e+00
7.843137254901960675e-01 8.044768176765076717e+00
7.882352941176470340e-01 8.383632508227455205e+00
7.921568627450980005e-01 7.179555899913428796e+00
7.960784313725489669e-01 7.163323241585723089e+00
8.000000000000000444e-01 6.286458967304126233e+00
8.039215686274510109e-01 5.805387844923170171e+00
8.078431372549019773e-01 5.147219140743582777e+00
8.117647058823529438e-01 6.090305096100077975e+00
8.156862745098039102e-01 4.386256276762973805e+00
8.196078431372548767e-01 5.500666747318385674e+00
8.235294117647058432e-01 6.771022557445762757e+00
8.274509803921568096e-01 5.840824004812560588e+00
8.313725490196077761e-01 5.962944603715886416e+00
8.352941176470588536e-01 5.573515791515495366e+00
8.392156862745098200e-01 6.773511100256964568e+00
8.431372549019607865e-01 5.365107957343670186e+00
8.470588235294117530e-01 7.006902287361792325e+00
8.509803921568627194e-01 6.216734855482547673e+00
8.549019607843136859e-01 5.846092497468916349e+00
8.588235294117646523e-01 6.933561997672861743e+00
8.627450980392157298e-01 4.233133867565500807e+00
8.666666666666666963e-01 5.883656999322945502e+00
8.705882352941176627e-01 6.242254524351377398e+00
8.745098039215686292e-01 5.336569377435522732e+00
8.784313725490195957e-01 6.428879054114808866e+00
8.823529411764705621e-01 1.749884252160536224e+00
8.862745098039215286e-01 5.885170507698676445e+00
8.901960784313724950e-01 4.003218020998409621e+00
8.941176470588234615e-01 3.447374435008950577e+00
8.980392156862745390e-01 5.888772280840570694e+00
9.019607843137255054e-01 6.374707358777625288e+00
9.058823529411764719e-01 5.702258577163080489e+00
9.098039215686274384e-01 7.455011831595506067e+00
9.137254901960784048e-01 5.149311831939784589e+00
9.176470588235293713e-01 6.272527522324526927e+00
9.215686274509803377e-01 8.179980056195692129e+00
9.254901960784314152e-01 5.036453141597322158e+00
9.294117647058823817e-01 4.701607443932946495e+00
9.333333333333333481e-01 4.909079933049888211e+00
9.372549019607843146e-01 4.469839512952317406e+00
9.411764705882352811e-01 4.067259451349769073e+00
9.450980392156862475e-01 5.222266396369250607e+00
9.490196078431372140e-01 5.170338500865485187e+00
9.529411764705881804e-01 3.573209904194428077e+00
9.568627450980391469e-01 4.105205241556749485e+00
9.607843137254902244e-01 5.240607887739852977e+00
9.647058823529411908e-01 5.831574607613714711e+00
9.686274509803921573e-01 6.266464868052901593e+00
9.725490196078431238e-01 5.750809067526306606e+00
9.764705882352940902e-01 8.478101633082427924e+00
9.803921568627450567e-01 8.043078626032890810e+00
9.843137254901960231e-01 7.293364803866166923e+00
9.882352941176471006e-01 6.087243121598153728e+00
9.921568627450980671e-01 6.833702962238749734e+00
9.960784313725490335e-01 6.496466206870364246e+00
1.000000000000000000e+00 7.646918241838829289e+00
