0.000000000000000000e+00 1.516416822566971412e+00
3.921568627450980338e-03 2.815425712651136614e+00
7.843137254901960675e-03 1.957841096982527951e+00
1.176470588235294101e-02 6.364578787330361642e+00
1.568627450980392135e-02 2.702896094441305408e+00
1.960784313725490169e-02 3.690999833404504660e+00
2.352941176470588203e-02 2.868591080527831849e+00
2.745098039215686236e-02 3.829596730472943467e+00
3.137254901960784270e-02 8.187938024285164040e-01
3.529411764705882304e-02 3.422628380199416842e+00
3.921568627450980338e-02 -2.207616366122109319e-01
4.313725490196078372e-02 3.695182123689916054e+00
4.705882352941176405e-02 2.877909685263197570e+00
5.098039215686274439e-02 3.561940961700567509e+00
5.490196078431372473e-02 3.531825405354779956e+00
5.882352941176470507e-02 2.777431126680567353e+00
6.274509803921568540e-02 4.744795317589920458e+00
6.666666666666666574e-02 4.163874003415670266e+00
7.058823529411764608e-02 3.930931187717615405e+00
7.450980392156862642e-02 1.274988207200360879e+00
7.843137254901960675e-02 1.662145250694182730e+00
8.235294117647058709e-02 2.167801744842231315e+00
8.627450980392156743e-02 1.930253196028095086e+00
9.019607843137254777e-02 1.094702931550580516e+00
9.411764705882352811e-02 3.929720689232643505e+00
9.803921568627450844e-02 4.010270086669819989e+00
1.019607843137254888e-01 3.249843976504369625e+00
1.058823529411764691e-01 3.815091227264351570e+00
1.098039215686274495e-01 3.868336690048148618e+00
1.137254901960784298e-01 2.770539615958276691e+00
1.176470588235294101e-01 3.530505921024512439e+00
1.215686274509803905e-01 2.089145309283404472e+00
1.254901960784313708e-01 2.737167912438585926e+00
1.294117647058823373e-01 3.175218317534306056e+00
1.333333333333333315e-01 8.477145132872485611e-01
1.372549019607843257e-01 2.554015162289828833e+00
1.411764705882352922e-01 1.841465274381413053e+00
1.450980392156862586e-01 2.997562838401286900e+00
1.490196078431372528e-01 3.632262828850082670e+00
1.529411764705882470e-01 3.789780662672418199e+00
1.568627450980392135e-01 2.869714758400266241e+00
1.607843137254901800e-01 2.825852610657342723e+00
1.647058823529411742e-01 3.292871630868981825e+00
1.686274509803921684e-01 1.755495051724658584e+00
1.725490196078431349e-01 2.915315027920199142e+00
1.764705882352941013e-01 4.346967125582802183e+00
1.803921568627450955e-01 1.066429828904471577e+00
1.843137254901960898e-01 4.296054473261043505e+00
1.882352941176470562e-01 2.160292278236027208e+00
1.921568627450980227e-01 1.315961044851802431e+00
1.960784313725490169e-01 2.113870867859565905e+00
2.000000000000000111e-01 4.170022846188564003e+00
2.039215686274509776e-01 1.771350895527416869e+00
2.078431372549019440e-01 3.098213519553168815e+00
2.117647058823529382e-01 4.283601678587913852e+00
2.156862745098039325e-01 3.405419148608272994e+00
2.196078431372548989e-01 3.227293644201659095e+00
2.235294117647058654e-01 4.007122836209807026e+00
2.274509803921568596e-01 6.175638181861181408e+00
2.313725490196078538e-01 4.367042848485073847e+00
2.352941176470588203e-01 4.626273413567604464e+00
2.392156862745097867e-01 3.029887290537450095e+00
2.431372549019607809e-01 2.349636930397438039e+00
2.470588235294117752e-01 4.109190660625550606e+00
2.509803921568627416e-01 5.148420940616754926e+00
2.549019607843137081e-01 9.202617447494119141e-01
2.588235294117646745e-01 3.627035815994468670e+00
2.627450980392156965e-01 4.710295568106558584e+00
2.666666666666666630e-01 2.785314240735277558e+00
2.705882352941176294e-01 3.814272341747002137e+00
2.745098039215686514e-01 3.105384935729698093e-01
2.784313725490196179e-01 2.644549350623328632e+00
2.823529411764705843e-01 4.041274180502896662e+00
2.862745098039215508e-01 1.780794675849055597e+00
2.901960784313725172e-01 -1.785743120843719112e-02
2.941176470588235392e-01 3.361215063042590767e+00
2.980392156862745057e-01 3.892712161802176052e+00
3.019607843137254721e-01 4.044737812129236332e+00
3.058823529411764941e-01 5.045032213418050304e+00
3.098039215686274606e-01 4.487979956877762966e+00
3.137254901960784270e-01 3.497751782384659336e+00
3.176470588235293935e-01 3.724565320844971161e+00
3.215686274509803599e-01 5.385842909539773515e+00
3.254901960784313819e-01 5.649487444795850521e+00
3.294117647058823484e-01 4.509151408233609715e+00
3.333333333333333148e-01 5.671807274647324704e+00
3.372549019607843368e-01 3.539837111278250958e+00
3.411764705882353033e-01 1.176811461758178190e+00
3.450980392156862697e-01 1.790123371671052510e+00
3.490196078431372362e-01 1.077263287946924386e+00
3.529411764705882026e-01 2.694786430599492633e+00
3.568627450980392246e-01 3.381853203500697624e+00
3.607843137254901911e-01 5.719611858718944397e+00
3.647058823529411575e-01 3.128892745748792947e+00
3.686274509803921795e-01 7.056040321303542306e+00
3.725490196078431460e-01 4.334387393553807755e+00
3.764705882352941124e-01 6.042949223683169002e+00
3.803921568627450789e-01 7.511387082737851273e+00
3.843137254901960453e-01 6.426167265754028968e+00
3.882352941176470673e-01 6.152027641776147249e+00
3.921568627450980338e-01 3.989332946297402316e+00
3.960784313725490002e-01 5.027070068538112224e+00
4.000000000000000222e-01 5.938846742544441781e+00
4.039215686274509887e-01 6.124612550692630109e+00
4.078431372549019551e-01 4.096523274889819710e+00
4.117647058823529216e-01 6.525540651733251707e+00
4.156862745098038880e-01 6.041452812178867759e+00
4.196078431372549100e-01 7.838085384501193076e+00
4.235294117647058765e-01 6.864597945783544652e+00
4.274509803921568429e-01 8.216857965934357466e+00
4.313725490196078649e-01 8.585787347953310444e+00
4.352941176470588314e-01 5.891477016789574250e+00
4.392156862745097978e-01 5.505595501588518736e+00
4.431372549019607643e-01 5.609218572757582955e+00
4.470588235294117307e-01 6.019362654740781693e+00
4.509803921568627527e-01 5.587835247504363778e+00
4.549019607843137192e-01 4.918091842141253167e+00
4.588235294117646856e-01 6.926178569249521466e+00
4.627450980392157076e-01 6.311906050115609901e+00
4.666666666666666741e-01 5.125447061670469040e+00
4.705882352941176405e-01 4.360598609510271118e+00
4.745098039215686070e-01 5.147222523605734068e+00
4.784313725490195734e-01 7.872979380650726000e+00
4.823529411764705954e-01 6.014155359131494016e+00
4.862745098039215619e-01 6.937474434107392618e+00
4.901960784313725283e-01 6.907746518543845582e+00
4.941176470588235503e-01 7.851976017228814442e+00
4.980392156862745168e-01 7.154997430916948176e+00
5.019607843137254832e-01 9.079444408006562384e+00
5.058823529411764497e-01 9.253485467926960695e+00
5.098039215686274161e-01 6.109969282644317268e+00
5.137254901960783826e-01 7.760594625681672021e+00
5.176470588235293491e-01 8.205809209400062088e+00
5.215686274509804266e-01 5.040825331102653628e+00
5.254901960784313930e-01 4.473288739297531791e+00
5.294117647058823595e-01 5.384949352225024910e+00
5.333333333333333259e-01 5.819146942940491840e+00
5.372549019607842924e-01 7.359491255991894576e+00
5.411764705882352589e-01 6.336362856014885026e+00
5.450980392156862253e-01 6.887324285000475221e+00
5.490196078431373028e-01 7.751346215837069842e+00
5.529411764705882693e-01 7.413539440886760090e+00
5.568627450980392357e-01 8.918938732951179560e+00
5.607843137254902022e-01 7.519496600927803698e+00
5.647058823529411686e-01 7.931347561848321348e+00
5.686274509803921351e-01 7.733703972933776427e+00
5.725490196078431016e-01 6.655558180799641121e+00
5.764705882352940680e-01 6.399550391984117681e+00
5.803921568627450345e-01 8.566090080414944907e+00
5.843137254901961120e-01 6.511152800508609673e+00
5.882352941176470784e-01 7.793536416143959755e+00
5.921568627450980449e-01 8.812219982568477050e+00
5.960784313725490113e-01 9.079843873522337461e+00
5.999999999999999778e-01 1.031073764273404869e+01
6.039215686274509443e-01 1.067455545962845598e+01
6.078431372549019107e-01 9.660144594116717442e+00
6.117647058823529882e-01 9.825810913845439032e+00
6.156862745098039547e-01 9.478520613364358027e+00
6.196078431372549211e-01 8.366945196868563528e+00
6.235294117647058876e-01 7.643745892556329302e+00
6.274509803921568540e-01 6.659787510673478295e+00
6.313725490196078205e-01 7.352422061612696957e+00
6.352941176470587870e-01 7.957868697006899694e+00
6.392156862745097534e-01 7.424387401648303353e+00
6.431372549019607199e-01 8.589882921581311948e+00
6.470588235294117974e-01 1.184221426173096248e+01
6.509803921568627638e-01 8.097678230970171143e+00
6.549019607843137303e-01 8.603497547312612070e+00
6.588235294117646967e-01 9.452671726896650028e+00
6.627450980392156632e-01 1.089512774229242176e+01
6.666666666666666297e-01 9.728322530981877492e+00
6.705882352941175961e-01 1.004459588969400308e+01
6.745098039215686736e-01 9.207095340061034250e+00
6.784313725490196401e-01 1.023671543039365872e+01
6.823529411764706065e-01 9.262642257009266800e+00
6.862745098039215730e-01 7.096274719082277471e+00
6.901960784313725394e-01 8.787861597367335520e+00
6.941176470588235059e-01 8.474356607939181885e+00
6.980392156862744724e-01 1.003052769415935330e+01
7.019607843137254388e-01 9.173609311186647020e+00
7.058823529411764053e-01 9.130177605475186198e+00
7.098039215686274828e-01 1.027498668976554264e+01
7.137254901960784492e-01 8.464819552377154110e+00
7.176470588235294157e-01 8.618959120618393754e+00
7.215686274509803821e-01 9.490511933344606632e+00
7.254901960784313486e-01 1.013372164832713196e+01
7.294117647058823151e-01 9.655363272451779721e+00
7.333333333333332815e-01 8.757103904504583980e+00
7.372549019607843590e-01 1.071627946809132581e+01
7.411764705882353255e-01 8.242947844093556853e+00
7.450980392156862919e-01 1.061393947121670145e+01
7.490196078431372584e-01 6.405297884738503811e+00
7.529411764705882248e-01 9.599727994985899571e+00
7.568627450980391913e-01 7.676878452247860807e+00
7.607843137254901578e-01 1.014711909200337558e+01
7.647058823529411242e-01 7.782020313729553607e+00
7.686274509803920907e-01 1.028776304379696427e+01
7.725490196078431682e-01 1.057365777324376133e+01
7.764705882352941346e-01 8.838730044881847547e+00
7.803921568627451011e-01 1.145087800553116963e+01
7.843137254901960675e-01 8.790928937743862193e+00
7.882352941176470340e-01 1.143065908996204172e+01
7.921568627450980005e-01 8.672713176757834930e+00
7.960784313725489669e-01 9.532390506992932444e+00
8.000000000000000444e-01 9.669055274449693371e+00
8.039215686274510109e-01 9.514576894811284546e+00
8.078431372549019773e-01 9.175486494973425167e+00
8.117647058823529438e-01 8.946864995054816916e+00
8.156862745098039102e-01 9.485837500329623140e+00
8.196078431372548767e-01 8.356372149395799198e+00
8.235294117647058432e-01 9.817840339019372919e+00
8.274509803921568096e-01 9.648553704953362953e+00
8.313725490196077761e-01 8.743501183540974608e+00
8.352941176470588536e-01 7.879846697901560226e+00
8.392156862745098200e-01 9.815750297314176365e+00
8.431372549019607865e-01 8.091439332680788965e+00
8.470588235294117530e-01 6.847369616246891333e+00
8.509803921568627194e-01 8.782463740803237329e+00
8.549019607843136859e-01 6.720911113028826378e+00
8.588235294117646523e-01 9.196864247283228266e+00
8.627450980392157298e-01 8.985582576271664124e+00
8.666666666666666963e-01 8.612387161509793998e+00
8.705882352941176627e-01 9.126782843090726516e+00
8.745098039215686292e-01 7.796322585580558240e+00
8.784313725490195957e-01 9.297823744261215495e+00
8.823529411764705621e-01 8.893831703835665792e+00
8.862745098039215286e-01 1.030247767748419108e+01
8.901960784313724950e-01 1.118347407058496934e+01
8.941176470588234615e-01 1.045590886034279166e+01
8.980392156862745390e-01 1.136938627878696728e+01
9.019607843137255054e-01 1.067849186849358745e+01
9.058823529411764719e-01 9.798339103944028849e+00
9.098039215686274384e-01 1.125938347207833168e+01
9.137254901960784048e-01 9.380301308565270446e+00
9.176470588235293713e-01 7.911796870419641969e+00
9.215686274509803377e-01 5.953968589977829851e+00
9.254901960784314152e-01 8.363437577041553439e+00
9.294117647058823817e-01 7.353992605097502633e+00
9.333333333333333481e-01 7.487538638239735533e+00
9.372549019607843146e-01 9.117691323869781428e+00
9.411764705882352811e-01 1.248318643643567327e+01
9.450980392156862475e-01 1.046570104428076320e+01
9.490196078431372140e-01 1.091608110983176516e+01
9.529411764705881804e-01 1.094870543162592291e+01
9.568627450980391469e-01 1.170919296164803036e+01
9.607843137254902244e-01 9.807083412198913663e+00
9.647058823529411908e-01 9.310857121024234573e+00
9.686274509803921573e-01 9.187611744773157341e+00
9.725490196078431238e-01 7.663770873774384818e+00
9.764705882352940902e-01 8.059276881493095956e+00
9.803921568627450567e-01 6.588519185659989397e+00
9.843137254901960231e-01 7.453606114262171900e+00
9.882352941176471006e-01 7.045834518982758254e+00
9.921568627450980671e-01 7.566476097202424533e+00
9.960784313725490335e-01 8.033229598408423655e+00
1.000000000000000000e+00 8.718110563841459992e+00
