0.000000000000000000e+00 4.941625542024012496e+00
3.921568627450980338e-03 2.695329970319994661e+00
7.843137254901960675e-03 2.079074718526452870e+00
1.176470588235294101e-02 2.088277070592373885e+00
1.568627450980392135e-02 4.329604445759942521e+00
1.960784313725490169e-02 3.786223854272075862e+00
2.352941176470588203e-02 5.125103942044191285e+00
2.745098039215686236e-02 5.351593018308250294e+00
3.137254901960784270e-02 5.082329492255450276e+00
3.529411764705882304e-02 5.009706989734016958e+00
3.921568627450980338e-02 5.164886651957945496e+00
4.313725490196078372e-02 3.879535185103991868e+00
4.705882352941176405e-02 1.902799789849947798e+00
5.098039215686274439e-02 1.756627504341618407e+00
5.490196078431372473e-02 5.018350025871560760e-01
5.882352941176470507e-02 1.678522466276402003e+00
6.274509803921568540e-02 1.455348090800759886e+00
6.666666666666666574e-02 1.686760100425193087e+00
7.058823529411764608e-02 2.121516399438868383e+00
7.450980392156862642e-02 2.209360076680792595e+00
7.843137254901960675e-02 1.758585298712624256e+00
8.235294117647058709e-02 1.302849967579973622e+00
8.627450980392156743e-02 3.209533516669917930e+00
9.019607843137254777e-02 3.215993507475396918e+00
9.411764705882352811e-02 2.298539239209252738e+00
9.803921568627450844e-02 3.143056191915361897e+00
1.019607843137254888e-01 1.809870583127537902e+00
1.058823529411764691e-01 2.236228751362296485e+00
1.098039215686274495e-01 2.874475871512471414e+00
1.137254901960784298e-01 2.071629697958930372e+00
1.176470588235294101e-01 2.084356281949439005e+00
1.215686274509803905e-01 4.457057438363969837e+00
1.254901960784313708e-01 2.054738405298812687e+00
1.294117647058823373e-01 1.079327222202949299e+00
1.333333333333333315e-01 3.398427960840654460e+00
1.372549019607843257e-01 3.146706573682294561e+00
1.411764705882352922e-01 1.170762734397894134e+00
1.450980392156862586e-01 1.250506964580800018e+00
1.490196078431372528e-01 -1.994377213205655863e-02
1.529411764705882470e-01 1.789372784128112626e+00
1.568627450980392135e-01 7.264688060196633490e-01
1.607843137254901800e-01 1.189578135656903735e+00
1.647058823529411742e-01 1.287485360034548831e+00
1.686274509803921684e-01 9.203062309852849676e-01
1.725490196078431349e-01 2.032856842235720496e+00
1.764705882352941013e-01 3.327307498217543014e+00
1.803921568627450955e-01 4.264372377333893738e+00
1.843137254901960898e-01 2.023831120699503661e+00
1.882352941176470562e-01 1.751213449310120129e+00
1.921568627450980227e-01 2.109834707571395462e+00
1.960784313725490169e-01 1.859104370892952218e-01
2.000000000000000111e-01 1.703841028974899086e+00
2.039215686274509776e-01 -3.344209622819063199e-01
2.078431372549019440e-01 2.987459901764501602e+00
2.117647058823529382e-01 2.065551680519311706e+00
2.156862745098039325e-01 2.508522048243870373e+00
2.196078431372548989e-01 3.096040839574200731e+00
2.235294117647058654e-01 2.983525485741847838e+00
2.274509803921568596e-01 3.374421398364969793e+00
2.313725490196078538e-01 7.883729985018517183e-01
2.352941176470588203e-01 2.707965574662472452e+00
2.392156862745097867e-01 2.317528605304528977e+00
2.431372549019607809e-01 4.781968200480628539e+00
2.470588235294117752e-01 3.698350506756191702e+00
2.509803921568627416e-01 3.306306742586494707e+00
2.549019607843137081e-01 2.965660811188455703e+00
2.588235294117646745e-01 3.533297995675910741e+00
2.627450980392156965e-01 2.265289017990124165e+00
2.666666666666666630e-01 5.279314427997413794e+00
2.705882352941176294e-01 3.486336475318767114e+00
2.745098039215686514e-01 3.406368303454563762e+00
2.784313725490196179e-01 2.732618769804547210e+00
2.823529411764705843e-01 1.843807236476199041e+00
2.862745098039215508e-01 2.231929060715935442e+00
2.901960784313725172e-01 1.937334605144989119e+00
2.941176470588235392e-01 2.619203792106341577e+00
2.980392156862745057e-01 1.050366598314104838e+00
3.019607843137254721e-01 4.263524505942537957e+00
3.058823529411764941e-01 1.782518291368514474e+00
3.098039215686274606e-01 3.628386985757704242e+00
3.137254901960784270e-01 5.061544717688286177e+00
3.176470588235293935e-01 5.547457224872713866e+00
3.215686274509803599e-01 3.632710576026748850e+00
3.254901960784313819e-01 4.353293635157172048e+00
3.294117647058823484e-01 6.607659933629735249e+00
3.333333333333333148e-01 5.130020458260169391e+00
3.372549019607843368e-01 5.479376953007413675e+00
3.411764705882353033e-01 3.360147288843067681e+00
3.450980392156862697e-01 5.132247659964090047e+00
3.490196078431372362e-01 3.139145200168983685e+00
3.529411764705882026e-01 3.576407539160187277e+00
3.568627450980392246e-01 2.834067182911909732e+00
3.607843137254901911e-01 3.067092432719014106e+00
3.647058823529411575e-01 3.033164410056302884e+00
3.686274509803921795e-01 2.370032641404011375e+00
3.725490196078431460e-01 3.689937983893327278e+00
3.764705882352941124e-01 5.172140414918002804e+00
3.803921568627450789e-01 5.731736765007663159e+00
3.843137254901960453e-01 5.946553156624664105e+00
3.882352941176470673e-01 6.515512596757204733e+00
3.921568627450980338e-01 4.534240878918637030e+00
3.960784313725490002e-01 3.367837692993643550e+00
4.000000000000000222e-01 4.199378890943833653e+00
4.039215686274509887e-01 5.189563249089443886e+00
4.078431372549019551e-01 2.437173813620807650e+00
4.117647058823529216e-01 4.194046674389234397e+00
4.156862745098038880e-01 5.060818056814347266e+00
4.196078431372549100e-01 2.398373787316152139e+00
4.235294117647058765e-01 3.636250600292859403e+00
4.274509803921568429e-01 3.217503262035504630e+00
4.313725490196078649e-01 3.741604160686104130e+00
4.352941176470588314e-01 7.536199880637083126e+00
4.392156862745097978e-01 5.448991117401658535e+00
4.431372549019607643e-01 5.902319488986536022e+00
4.470588235294117307e-01 6.106474013534582745e+00
4.509803921568627527e-01 4.727547793604028215e+00
4.549019607843137192e-01 6.341561045091777871e+00
4.588235294117646856e-01 6.514922168066311414e+00
4.627450980392157076e-01 3.738164166935508348e+00
4.666666666666666741e-01 3.864688065471154399e+00
4.705882352941176405e-01 6.107952832774606655e+00
4.745098039215686070e-01 3.269221269751910075e+00
4.784313725490195734e-01 5.164275066646075274e+00
4.823529411764705954e-01 7.333275055711469648e+00
4.862745098039215619e-01 6.708694564218103729e+00
4.901960784313725283e-01 8.038991547999048137e+00
4.941176470588235503e-01 7.617412131950028531e+00
4.980392156862745168e-01 5.791978098038561562e+00
5.019607843137254832e-01 6.433651264808250225e+00
5.058823529411764497e-01 6.300958112159641189e+00
5.098039215686274161e-01 4.440664507625974977e+00
5.137254901960783826e-01 5.536534290545022330e+00
5.176470588235293491e-01 7.037923168232306459e+00
5.215686274509804266e-01 4.233178583820841112e+00
5.254901960784313930e-01 6.563167693307815576e+00
5.294117647058823595e-01 6.500243066679404436e+00
5.333333333333333259e-01 7.288296249035464136e+00
5.372549019607842924e-01 8.266467997829259673e+00
5.411764705882352589e-01 7.883519236996173518e+00
5.450980392156862253e-01 6.578018735582412013e+00
5.490196078431373028e-01 7.385183629967474239e+00
5.529411764705882693e-01 8.500848012709123935e+00
5.568627450980392357e-01 8.774067466600817156e+00
5.607843137254902022e-01 6.850896669468095723e+00
5.647058823529411686e-01 6.573834817517491658e+00
5.686274509803921351e-01 7.950184174508983403e+00
5.725490196078431016e-01 4.569816556585466927e+00
5.764705882352940680e-01 6.537156774988974739e+00
5.803921568627450345e-01 6.667058944440265478e+00
5.843137254901961120e-01 7.689644491180503749e+00
5.882352941176470784e-01 7.858848620428071641e+00
5.921568627450980449e-01 9.251615011338728323e+00
5.960784313725490113e-01 1.158601330790921402e+01
5.999999999999999778e-01 8.992119940528887412e+00
6.039215686274509443e-01 7.410004444461059769e+00
6.078431372549019107e-01 8.424103884807344400e+00
6.117647058823529882e-01 7.455462458915061319e+00
6.156862745098039547e-01 7.190033538853991324e+00
6.196078431372549211e-01 7.420715938454209848e+00
6.235294117647058876e-01 5.964444050468481251e+00
6.274509803921568540e-01 5.932321722866115365e+00
6.313725490196078205e-01 7.563660403540146682e+00
6.352941176470587870e-01 8.166639392045842882e+00
6.392156862745097534e-01 1.086972870867306540e+01
6.431372549019607199e-01 9.503993892138243638e+00
6.470588235294117974e-01 7.477485936366697672e+00
6.509803921568627638e-01 8.886909583114004363e+00
6.549019607843137303e-01 7.936187476590693457e+00
6.588235294117646967e-01 1.002923902775903819e+01
6.627450980392156632e-01 9.058901667573840299e+00
6.666666666666666297e-01 8.597645587615676988e+00
6.705882352941175961e-01 8.055744450901812570e+00
6.745098039215686736e-01 9.551199112955341519e+00
6.784313725490196401e-01 8.618847176085592920e+00
6.823529411764706065e-01 1.000446922910331793e+01
6.862745098039215730e-01 9.652654420641496813e+00
6.901960784313725394e-01 9.663178777589823909e+00
6.941176470588235059e-01 1.048463124661189205e+01
6.980392156862744724e-01 9.889441825511582351e+00
7.019607843137254388e-01 9.026121516029558478e+00
7.058823529411764053e-01 1.043708502499558577e+01
7.098039215686274828e-01 9.809301854367321383e+00
7.137254901960784492e-01 9.912479505739691277e+00
7.176470588235294157e-01 9.205940770323497446e+00
7.215686274509803821e-01 9.228782195451481485e+00
7.254901960784313486e-01 9.325121208514906002e+00
7.294117647058823151e-01 9.797095927477315058e+00
7.333333333333332815e-01 9.422880034704455454e+00
7.372549019607843590e-01 8.584508218473212438e+00
7.411764705882353255e-01 8.996678137515576879e+00
7.450980392156862919e-01 9.595081334934182138e+00
7.490196078431372584e-01 8.446360465635134318e+00
7.529411764705882248e-01 7.584570852607446234e+00
7.568627450980391913e-01 9.603452035668869513e+00
7.607843137254901578e-01 7.790605816009881224e+00
7.647058823529411242e-01 6.832866441598820728e+00
7.686274509803920907e-01 8.637003791175635214e+00
7.725490196078431682e-01 7.599552596541639282e+00
7.764705882352941346e-01 8.279413005296580863e+00
7.803921568627451011e-01 8.802039810892985372e+00
7.843137254901960675e-01 8.905570886494002636e+00
7.882352941176470340e-01 9.434527569251550005e+00
7.921568627450980005e-01 9.760570644205381896e+00
7.960784313725489669e-01 9.023168341775299695e+00
8.000000000000000444e-01 1.108656233594292218e+01
8.039215686274510109e-01 1.042432917384356728e+01
8.078431372549019773e-01 9.200386106734619318e+00
8.117647058823529438e-01 8.644877236972632772e+00
8.156862745098039102e-01 8.806290496982706273e+00
8.196078431372548767e-01 8.254329258133445535e+00
8.235294117647058432e-01 8.614010318435756375e+00
8.274509803921568096e-01 9.320098419302002668e+00
8.313725490196077761e-01 7.454656826446835360e+00
8.352941176470588536e-01 1.010390472103871318e+01
8.392156862745098200e-01 9.212477328590560788e+00
8.431372549019607865e-01 8.397826543320576320e+00
8.470588235294117530e-01 8.614330713295819564e+00
8.509803921568627194e-01 9.375698942975438044e+00
8.549019607843136859e-01 9.390716904740834536e+00
8.588235294117646523e-01 1.083471057855774866e+01
8.627450980392157298e-01 8.419847469015213193e+00
8.666666666666666963e-01 8.637737940375709300e+00
8.705882352941176627e-01 8.706953309620704573e+00
8.745098039215686292e-01 6.282604083571358800e+00
8.784313725490195957e-01 5.245920343001600372e+00
8.823529411764705621e-01 8.815600581108830269e+00
8.862745098039215286e-01 5.979573228016103137e+00
8.901960784313724950e-01 9.181186010682688803e+00
8.941176470588234615e-01 8.674743280525238021e+00
8.980392156862745390e-01 8.644877838259560576e+00
9.019607843137255054e-01 1.047422616147506602e+01
9.058823529411764719e-01 1.010011248105213788e+01
9.098039215686274384e-01 7.441424832658436905e+00
9.137254901960784048e-01 8.673871728156138161e+00
9.176470588235293713e-01 5.896521245645608644e+00
9.215686274509803377e-01 7.563061613551340656e+00
9.254901960784314152e-01 8.683250647866584515e+00
9.294117647058823817e-01 6.606896684518151375e+00
9.333333333333333481e-01 7.594353583856814360e+00
9.372549019607843146e-01 6.946336961529295806e+00
9.411764705882352811e-01 6.620997244946829063e+00
9.450980392156862475e-01 8.748364902713522184e+00
9.490196078431372140e-01 7.931572720144987265e+00
9.529411764705881804e-01 7.025621512174360817e+00
9.568627450980391469e-01 7.676266677939183936e+00
9.607843137254902244e-01 6.856121058385506117e+00
9.647058823529411908e-01 8.266390229918846089e+00
9.686274509803921573e-01 7.379507499807225201e+00
9.725490196078431238e-01 7.915448277468769334e+00
9.764705882352940902e-01 7.151107007397932591e+00
9.803921568627450567e-01 9.461881472994971176e+00
9.843137254901960231e-01 7.708264804948958826e+00
9.882352941176471006e-01 8.044634717130090706e+00
9.921568627450980671e-01 5.517962241277879265e+00
9.960784313725490335e-01 8.538541190288549743e+00
1.000000000000000000e+00 7.483443621001885759e+00
