0.000000000000000000e+00 3.778278031230370093e+00
3.921568627450980338e-03 3.083017078943365075e+00
7.843137254901960675e-03 2.794518400290729510e+00
1.176470588235294101e-02 5.140597810715290095e+00
1.568627450980392135e-02 4.447056069470900930e+00
1.960784313725490169e-02 3.311573656697630597e+00
2.352941176470588203e-02 6.465227672361473665e+00
2.745098039215686236e-02 4.482050924155897675e+00
3.137254901960784270e-02 7.042184349948193756e+00
3.529411764705882304e-02 7.553337594845961789e+00
3.921568627450980338e-02 3.650434170649845989e+00
4.313725490196078372e-02 6.464281212758935524e+00
4.705882352941176405e-02 4.730124079327086228e+00
5.098039215686274439e-02 4.985822141260706886e+00
5.490196078431372473e-02 3.309455054133077390e+00
5.882352941176470507e-02 3.157092279558793457e+00
6.274509803921568540e-02 2.709094335694893996e+00
6.666666666666666574e-02 3.774545710357013917e+00
7.058823529411764608e-02 3.635162943003961367e+00
7.450980392156862642e-02 7.212180419620154659e+00
7.843137254901960675e-02 5.787955149326149851e+00
8.235294117647058709e-02 5.806761115075297575e+00
8.627450980392156743e-02 4.697027910099535575e+00
9.019607843137254777e-02 5.535214417904981588e+00
9.411764705882352811e-02 2.800969536414894545e+00
9.803921568627450844e-02 4.721203714053378242e+00
1.019607843137254888e-01 7.333148917571092440e+00
1.058823529411764691e-01 4.344947445887878956e+00
1.098039215686274495e-01 6.243899651193856926e+00
1.137254901960784298e-01 7.207319326554080696e+00
1.176470588235294101e-01 5.784292909495640345e+00
1.215686274509803905e-01 6.998206815565399808e+00
1.254901960784313708e-01 5.700002499215616858e+00
1.294117647058823373e-01 5.315974872990917532e+00
1.333333333333333315e-01 4.958212016484818463e+00
1.372549019607843257e-01 5.516719743835497347e+00
1.411764705882352922e-01 3.549809912571110448e+00
1.450980392156862586e-01 6.841773103986173332e+00
1.490196078431372528e-01 7.548907984598144161e+00
1.529411764705882470e-01 6.963428966569238376e+00
1.568627450980392135e-01 8.310163192316077030e+00
1.607843137254901800e-01 7.401103100727539186e+00
1.647058823529411742e-01 6.738533717533616851e+00
1.686274509803921684e-01 8.296467187393878007e+00
1.725490196078431349e-01 5.714410842059796991e+00
1.764705882352941013e-01 6.954016281740806882e+00
1.803921568627450955e-01 6.665963309566018680e+00
1.843137254901960898e-01 6.977459181508101516e+00
1.882352941176470562e-01 6.199491441261058000e+00
1.921568627450980227e-01 8.115561441428560840e+00
1.960784313725490169e-01 6.104652835800683519e+00
2.000000000000000111e-01 7.778514617326409031e+00
2.039215686274509776e-01 6.409515081587380259e+00
2.078431372549019440e-01 6.935343960627076143e+00
2.117647058823529382e-01 7.045184217876035326e+00
2.156862745098039325e-01 6.790300462654436764e+00
2.196078431372548989e-01 7.037036326555396570e+00
2.235294117647058654e-01 8.490318869724676532e+00
2.274509803921568596e-01 7.723899012680371712e+00
2.313725490196078538e-01 8.265141649612793628e+00
2.352941176470588203e-01 8.552707210565726470e+00
2.392156862745097867e-01 5.280654610334411636e+00
2.431372549019607809e-01 6.779619036198900162e+00
2.470588235294117752e-01 6.167093333228985230e+00
2.509803921568627416e-01 7.717086818878054366e+00
2.549019607843137081e-01 5.566636238349633281e+00
2.588235294117646745e-01 6.270506101065508986e+00
2.627450980392156965e-01 6.798225872017678917e+00
2.666666666666666630e-01 3.451397409996411980e+00
2.705882352941176294e-01 5.623641463850816535e+00
2.745098039215686514e-01 5.684764630167840060e+00
2.784313725490196179e-01 7.895112225941165462e+00
2.823529411764705843e-01 4.957145957140747683e+00
2.862745098039215508e-01 5.613023476987547333e+00
2.901960784313725172e-01 6.951718048051336751e+00
2.941176470588235392e-01 7.300140853663307006e+00
2.980392156862745057e-01 7.245166190518586902e+00
3.019607843137254721e-01 4.885575668946666283e+00
3.058823529411764941e-01 4.910115221152842935e+00
3.098039215686274606e-01 6.394208307585398821e+00
3.137254901960784270e-01 5.992551773697097239e+00
3.176470588235293935e-01 6.408677510146287837e+00
3.215686274509803599e-01 4.836559285435665601e+00
3.254901960784313819e-01 4.823861696152585310e+00
3.294117647058823484e-01 4.720608039172948800e+00
3.333333333333333148e-01 5.116678342129003632e+00
3.372549019607843368e-01 5.650706029936618080e+00
3.411764705882353033e-01 6.956489412060782307e+00
3.450980392156862697e-01 6.109055943117898124e+00
3.490196078431372362e-01 7.041357544891728715e+00
3.529411764705882026e-01 5.890412470270695700e+00
3.568627450980392246e-01 6.992961558928347365e+00
3.607843137254901911e-01 6.423620359637265409e+00
3.647058823529411575e-01 6.951690939788471191e+00
3.686274509803921795e-01 4.619149550904110058e+00
3.725490196078431460e-01 5.288751537704589722e+00
3.764705882352941124e-01 4.698700980136324645e+00
3.803921568627450789e-01 7.597867132018381930e+00
3.843137254901960453e-01 6.999344826271284070e+00
3.882352941176470673e-01 5.472589870562217129e+00
3.921568627450980338e-01 7.731838891408002290e+00
3.960784313725490002e-01 6.660610065755404818e+00
4.000000000000000222e-01 6.848340705477520274e+00
4.039215686274509887e-01 8.496456487771176569e+00
4.078431372549019551e-01 5.646570925356238391e+00
4.117647058823529216e-01 6.871229467634336174e+00
4.156862745098038880e-01 7.354804489969185788e+00
4.196078431372549100e-01 8.693438045171316020e+00
4.235294117647058765e-01 7.916473041231092189e+00
4.274509803921568429e-01 8.277864741921369784e+00
4.313725490196078649e-01 6.333804573793439197e+00
4.352941176470588314e-01 7.211054995152670344e+00
4.392156862745097978e-01 6.921343084872857432e+00
4.431372549019607643e-01 6.249825711072561241e+00
4.470588235294117307e-01 8.420344568011602249e+00
4.509803921568627527e-01 7.244688116649843579e+00
4.549019607843137192e-01 6.755586507208195535e+00
4.588235294117646856e-01 7.959546916703792441e+00
4.627450980392157076e-01 4.800366507081648138e+00
4.666666666666666741e-01 7.375189372007479705e+00
4.705882352941176405e-01 5.981487266678390036e+00
4.745098039215686070e-01 5.347326092056364111e+00
4.784313725490195734e-01 6.572395159565814993e+00
4.823529411764705954e-01 5.676076420659672550e+00
4.862745098039215619e-01 5.407457453261416802e+00
4.901960784313725283e-01 5.718072461100523363e+00
4.941176470588235503e-01 6.690844412829408228e+00
4.980392156862745168e-01 8.565513163015380016e+00
5.019607843137254832e-01 7.737068781574452991e+00
5.058823529411764497e-01 8.296650578653608221e+00
5.098039215686274161e-01 8.664545531523533128e+00
5.137254901960783826e-01 6.719504852276528162e+00
5.176470588235293491e-01 8.382511662384379392e+00
5.215686274509804266e-01 6.788133510905641543e+00
5.254901960784313930e-01 5.843005166493122182e+00
5.294117647058823595e-01 3.858706363190959721e+00
5.333333333333333259e-01 4.598295188408860312e+00
5.372549019607842924e-01 5.695604798558593806e+00
5.411764705882352589e-01 6.477339428989162151e+00
5.450980392156862253e-01 4.829039920962005183e+00
5.490196078431373028e-01 6.780760392079337784e+00
5.529411764705882693e-01 9.181654317002831078e+00
5.568627450980392357e-01 5.377865378631770277e+00
5.607843137254902022e-01 7.225987767496357961e+00
5.647058823529411686e-01 6.562284277559467860e+00
5.686274509803921351e-01 5.718242018490421685e+00
5.725490196078431016e-01 6.004580259439643797e+00
5.764705882352940680e-01 6.737044879480713178e+00
5.803921568627450345e-01 4.598583630704188963e+00
5.843137254901961120e-01 4.661508637351105655e+00
5.882352941176470784e-01 4.004108639179199791e+00
5.921568627450980449e-01 4.578110639426284934e+00
5.960784313725490113e-01 5.615555015423046470e+00
5.999999999999999778e-01 6.221714137017883672e+00
6.039215686274509443e-01 4.278194624872302398e+00
6.078431372549019107e-01 5.840587484027073728e+00
6.117647058823529882e-01 4.504128335502728397e+00
6.156862745098039547e-01 4.659153510482306082e+00
6.196078431372549211e-01 4.788837575149993420e+00
6.235294117647058876e-01 5.622057848240866740e+00
6.274509803921568540e-01 3.873873322809127551e+00
6.313725490196078205e-01 5.775757554231852886e+00
6.352941176470587870e-01 6.187053831841489604e+00
6.392156862745097534e-01 6.505607151255735410e+00
6.431372549019607199e-01 5.701330543698140296e+00
6.470588235294117974e-01 5.020528098826790853e+00
6.509803921568627638e-01 4.550992311342384689e+00
6.549019607843137303e-01 4.799753882291615703e+00
6.588235294117646967e-01 3.708363958718969400e+00
6.627450980392156632e-01 4.415679580370828639e+00
6.666666666666666297e-01 3.637868977870325260e+00
6.705882352941175961e-01 5.007794150651061038e+00
6.745098039215686736e-01 4.347935924865668156e+00
6.784313725490196401e-01 4.149085643674832014e+00
6.823529411764706065e-01 4.267869247100304797e+00
6.862745098039215730e-01 2.968873570379097160e+00
6.901960784313725394e-01 4.432961478266527422e+00
6.941176470588235059e-01 2.791252743941458281e+00
6.980392156862744724e-01 3.473259361109179544e+00
7.019607843137254388e-01 2.255095013529610615e+00
7.058823529411764053e-01 4.023328669077933739e+00
7.098039215686274828e-01 4.322782380480975739e+00
7.137254901960784492e-01 2.795099429355181186e+00
7.176470588235294157e-01 3.146047596164138760e+00
7.215686274509803821e-01 3.874074753634850765e+00
7.254901960784313486e-01 2.985593381452438688e+00
7.294117647058823151e-01 2.644855383981372654e+00
7.333333333333332815e-01 5.186736183153180413e+00
7.372549019607843590e-01 4.081927337899800889e+00
7.411764705882353255e-01 3.762458237522054993e+00
7.450980392156862919e-01 3.783960623341921625e+00
7.490196078431372584e-01 3.918633626957946259e+00
7.529411764705882248e-01 4.826758595490511006e+00
7.568627450980391913e-01 4.126520437726038715e+00
7.607843137254901578e-01 3.021877861409651089e+00
7.647058823529411242e-01 4.219985295004160086e+00
7.686274509803920907e-01 4.919389624741178579e+00
7.725490196078431682e-01 1.572569596275633419e+00
7.764705882352941346e-01 4.016138424098712356e+00
7.803921568627451011e-01 2.735486727492156156e+00
7.843137254901960675e-01 6.222511192419768022e+00
7.882352941176470340e-01 5.125795140797471561e+00
7.921568627450980005e-01 5.577072585533422000e+00
7.960784313725489669e-01 6.475493020435183489e+00
8.000000000000000444e-01 5.270158760508044438e+00
8.039215686274510109e-01 4.671944015205592216e+00
8.078431372549019773e-01 4.291244010419450028e+00
8.117647058823529438e-01 5.376154849820842685e+00
8.156862745098039102e-01 4.901594173638695651e+00
8.196078431372548767e-01 4.030276879061781337e+00
8.235294117647058432e-01 4.856536344948365169e+00
8.274509803921568096e-01 3.017209550709186505e+00
8.313725490196077761e-01 4.720470481250979233e+00
8.352941176470588536e-01 4.438718758428527700e+00
8.392156862745098200e-01 3.425290636792648780e+00
8.431372549019607865e-01 4.953865108632514946e+00
8.470588235294117530e-01 2.064742078194402808e+00
8.509803921568627194e-01 5.416867131824687931e+00
8.549019607843136859e-01 5.548604382061446572e+00
8.588235294117646523e-01 5.122810312492871887e+00
8.627450980392157298e-01 2.483050909015038776e+00
8.666666666666666963e-01 2.707143288554265226e+00
8.705882352941176627e-01 3.994851671179275865e+00
8.745098039215686292e-01 3.373139129537843672e+00
8.784313725490195957e-01 4.063964756235360021e+00
8.823529411764705621e-01 6.208610210667705687e+00
8.862745098039215286e-01 4.715023293547266015e+00
8.901960784313724950e-01 3.614842790780644410e+00
8.941176470588234615e-01 4.683167367201887643e+00
8.980392156862745390e-01 4.156164602140719921e+00
9.019607843137255054e-01 2.427322640467509451e+00
9.058823529411764719e-01 4.102749057431349655e+00
9.098039215686274384e-01 4.504742730226638514e+00
9.137254901960784048e-01 3.602482568316707656e+00
9.176470588235293713e-01 2.843447415698026948e+00
9.215686274509803377e-01 1.761433051275239858e+00
9.254901960784314152e-01 4.879792988364247464e+00
9.294117647058823817e-01 2.004871027889466362e+00
9.333333333333333481e-01 2.446470729934620003e+00
9.372549019607843146e-01 3.038785641877923993e+00
9.411764705882352811e-01 2.527582002305581277e+00
9.450980392156862475e-01 2.808892758421458247e+00
9.490196078431372140e-01 3.634190750164845163e+00
9.529411764705881804e-01 2.985551051661798905e+00
9.568627450980391469e-01 3.439956110763482400e+00
9.607843137254902244e-01 5.494006970219260211e+00
9.647058823529411908e-01 4.125874461415561356e+00
9.686274509803921573e-01 3.781205761990011016e+00
9.725490196078431238e-01 -9.298587819187620340e-01
9.764705882352940902e-01 2.283877705844318928e+00
9.803921568627450567e-01 2.206513943635816322e+00
9.843137254901960231e-01 1.011432054155054328e+00
9.882352941176471006e-01 2.430787621788997210e+00
9.921568627450980671e-01 3.595138134070564373e+00
9.960784313725490335e-01 3.632850049248056656e+00
1.000000000000000000e+00 3.636524194912639896e+00
