0.000000000000000000e+00 4.424741907515784334e+00
3.921568627450980338e-03 1.906901757472825309e-01
7.843137254901960675e-03 2.087105103403917639e+00
1.176470588235294101e-02 2.570584963396441935e+00
1.568627450980392135e-02 1.492072087342552589e+00
1.960784313725490169e-02 1.706200122578770184e+00
2.352941176470588203e-02 3.241263968168877962e+00
2.745098039215686236e-02 5.052418616897853099e+00
3.137254901960784270e-02 3.757496634585737016e+00
3.529411764705882304e-02 3.757652429280137873e+00
3.921568627450980338e-02 3.145799351008495837e+00
4.313725490196078372e-02 2.547866532963120711e+00
4.705882352941176405e-02 1.705846211669352908e+00
5.098039215686274439e-02 5.004080911018069511e-01
5.490196078431372473e-02 3.429722928519436387e+00
5.882352941176470507e-02 5.144509248299177884e+00
6.274509803921568540e-02 4.893334031309345633e+00
6.666666666666666574e-02 5.379511608684698132e+00
7.058823529411764608e-02 3.662575561648753641e+00
7.450980392156862642e-02 1.597178073926443620e+00
7.843137254901960675e-02 3.187665253053200587e+00
8.235294117647058709e-02 2.725976482650645849e+00
8.627450980392156743e-02 3.202225693352566793e+00
9.019607843137254777e-02 2.865184445643234046e+00
9.411764705882352811e-02 1.948421578434654133e+00
9.803921568627450844e-02 2.194775572280811105e+00
1.019607843137254888e-01 3.819341967573428143e+00
1.058823529411764691e-01 4.700055389012382179e+00
1.098039215686274495e-01 3.803803638634708939e+00
1.137254901960784298e-01 1.275720248248211730e+00
1.176470588235294101e-01 2.852231080936045160e+00
1.215686274509803905e-01 4.429832079592705085e+00
1.254901960784313708e-01 2.442991153308276431e+00
1.294117647058823373e-01 4.929036277496307683e+00
1.333333333333333315e-01 6.975030722731917265e+00
1.372549019607843257e-01 6.076285833859286001e+00
1.411764705882352922e-01 4.263775738441605512e+00
1.450980392156862586e-01 1.976096011234564465e+00
1.490196078431372528e-01 1.848613990630317172e+00
1.529411764705882470e-01 3.640841624670688059e+00
1.568627450980392135e-01 2.130350927007532924e+00
1.607843137254901800e-01 4.817897517281600983e+00
1.647058823529411742e-01 3.006493209380859177e+00
1.686274509803921684e-01 4.101693382826487877e+00
1.725490196078431349e-01 4.043435281144134308e+00
1.764705882352941013e-01 4.838859528626862527e+00
1.803921568627450955e-01 5.095574840575352482e+00
1.843137254901960898e-01 1.441016264444560324e+00
1.882352941176470562e-01 5.631365099200631441e+00
1.921568627450980227e-01 3.566543962440078985e+00
1.960784313725490169e-01 4.547324438296624471e+00
2.000000000000000111e-01 4.611469012037490600e+00
2.039215686274509776e-01 4.539839066978339943e+00
2.078431372549019440e-01 3.907772636838894087e+00
2.117647058823529382e-01 5.745155877634733343e+00
2.156862745098039325e-01 2.901547685084012063e+00
2.196078431372548989e-01 4.648218689522571445e+00
2.235294117647058654e-01 3.754503318510059362e+00
2.274509803921568596e-01 5.196716243604757146e+00
2.313725490196078538e-01 5.097305834236750322e+00
2.352941176470588203e-01 6.285149716391200236e+00
2.392156862745097867e-01 6.697672815880263641e+00
2.431372549019607809e-01 3.626543518750275474e+00
2.470588235294117752e-01 5.030265405248954380e+00
2.509803921568627416e-01 5.226103613347492072e+00
2.549019607843137081e-01 5.309141889637893463e+00
2.588235294117646745e-01 5.716355615410249058e+00
2.627450980392156965e-01 4.205004674249867236e+00
2.666666666666666630e-01 3.996877767601989095e+00
2.705882352941176294e-01 4.307990739514131917e+00
2.745098039215686514e-01 5.276561001572405374e+00
2.784313725490196179e-01 4.438709326128861044e+00
2.823529411764705843e-01 3.628334660362261932e+00
2.862745098039215508e-01 3.005232124724674492e+00
2.901960784313725172e-01 5.220715709034111640e+00
2.941176470588235392e-01 4.527477087962709312e+00
2.980392156862745057e-01 7.670373319764894227e+00
3.019607843137254721e-01 5.592006481984555855e+00
3.058823529411764941e-01 4.886719036898766966e+00
3.098039215686274606e-01 6.506456195550094357e+00
3.137254901960784270e-01 4.504589909238828405e+00
3.176470588235293935e-01 3.306458790408119075e+00
3.215686274509803599e-01 5.307511466092572405e+00
3.254901960784313819e-01 5.635346300810951448e+00
3.294117647058823484e-01 5.176018323774374430e+00
3.333333333333333148e-01 4.814012397451174152e+00
3.372549019607843368e-01 4.518874212660930034e+00
3.411764705882353033e-01 6.823855278707834593e+00
3.450980392156862697e-01 4.128591550955300171e+00
3.490196078431372362e-01 4.760634166931819067e+00
3.529411764705882026e-01 6.714190875582195517e+00
3.568627450980392246e-01 4.956290020240659899e+00
3.607843137254901911e-01 6.748614976310331137e+00
3.647058823529411575e-01 7.559913801362318608e+00
3.686274509803921795e-01 6.915588918613535085e+00
3.725490196078431460e-01 7.852820020604940332e+00
3.764705882352941124e-01 7.782238380956264301e+00
3.803921568627450789e-01 6.197761775621040137e+00
3.843137254901960453e-01 7.688471344320968903e+00
3.882352941176470673e-01 3.259792693406369679e+00
3.921568627450980338e-01 6.647320258648726110e+00
3.960784313725490002e-01 6.528568595500403582e+00
4.000000000000000222e-01 8.186526479994487460e+00
4.039215686274509887e-01 7.033005327027562537e+00
4.078431372549019551e-01 5.425107955837023432e+00
4.117647058823529216e-01 4.733543982070263390e+00
4.156862745098038880e-01 8.071328016939959937e+00
4.196078431372549100e-01 7.169745020150579684e+00
4.235294117647058765e-01 7.264452761763341648e+00
4.274509803921568429e-01 6.093386821311330692e+00
4.313725490196078649e-01 6.744118073942610536e+00
4.352941176470588314e-01 7.184447057217829169e+00
4.392156862745097978e-01 5.231132173291145548e+00
4.431372549019607643e-01 5.573426682586529068e+00
4.470588235294117307e-01 4.046722379840602457e+00
4.509803921568627527e-01 5.776687712173659506e+00
4.549019607843137192e-01 6.219705366300082972e+00
4.588235294117646856e-01 7.044975515610986783e+00
4.627450980392157076e-01 7.615869887316676135e+00
4.666666666666666741e-01 6.971065453418289870e+00
4.705882352941176405e-01 6.476888164721816388e+00
4.745098039215686070e-01 5.741832609267400578e+00
4.784313725490195734e-01 6.401146194257272271e+00
4.823529411764705954e-01 4.391393319067873335e+00
4.862745098039215619e-01 6.668529371074789935e+00
4.901960784313725283e-01 4.623438052131403353e+00
4.941176470588235503e-01 7.108567302778404873e+00
4.980392156862745168e-01 5.857532579717363852e+00
5.019607843137254832e-01 6.730946887550385505e+00
5.058823529411764497e-01 5.698836513182252261e+00
5.098039215686274161e-01 4.921152841579207404e+00
5.137254901960783826e-01 6.643702756916539442e+00
5.176470588235293491e-01 6.669254662609762185e+00
5.215686274509804266e-01 6.797974416695010902e+00
5.254901960784313930e-01 7.153819259095490324e+00
5.294117647058823595e-01 6.625446225024406388e+00
5.333333333333333259e-01 6.851014429525309701e+00
5.372549019607842924e-01 8.198410768163252982e+00
5.411764705882352589e-01 5.962737759076675914e+00
5.450980392156862253e-01 5.731245890821278444e+00
5.490196078431373028e-01 6.163943889952736122e+00
5.529411764705882693e-01 6.167981174928595323e+00
5.568627450980392357e-01 5.593359927816387689e+00
5.607843137254902022e-01 8.388012307122657774e+00
5.647058823529411686e-01 7.377765977866759251e+00
5.686274509803921351e-01 8.324342272860517866e+00
5.725490196078431016e-01 6.592285125707618931e+00
5.764705882352940680e-01 6.937305154903614657e+00
5.803921568627450345e-01 5.511159623122145135e+00
5.843137254901961120e-01 5.684578302712091080e+00
5.882352941176470784e-01 6.208943894153915011e+00
5.921568627450980449e-01 6.871095334957139755e+00
5.960784313725490113e-01 5.548595795180095713e+00
5.999999999999999778e-01 6.731371022575336482e+00
6.039215686274509443e-01 6.960035041875974215e+00
6.078431372549019107e-01 6.351290559220476695e+00
6.117647058823529882e-01 7.161191790974478444e+00
6.156862745098039547e-01 6.207597576622571722e+00
6.196078431372549211e-01 6.907938261424681592e+00
6.235294117647058876e-01 6.074033164070926638e+00
6.274509803921568540e-01 3.995866896176225147e+00
6.313725490196078205e-01 4.857200136827183989e+00
6.352941176470587870e-01 4.278904649977481434e+00
6.392156862745097534e-01 5.029690265156361306e+00
6.431372549019607199e-01 6.251647000576568303e+00
6.470588235294117974e-01 6.777281183675524900e+00
6.509803921568627638e-01 4.453997570127520511e+00
6.549019607843137303e-01 3.342482774789723887e+00
6.588235294117646967e-01 5.840962255845145279e+00
6.627450980392156632e-01 5.185356756073629114e+00
6.666666666666666297e-01 4.512910781421791917e+00
6.705882352941175961e-01 7.134607283848365178e+00
6.745098039215686736e-01 7.160803612809325536e+00
6.784313725490196401e-01 8.152440758099045226e+00
6.823529411764706065e-01 5.964176800883075558e+00
6.862745098039215730e-01 8.014225339516704238e+00
6.901960784313725394e-01 7.006912480758519024e+00
6.941176470588235059e-01 4.407667592381750765e+00
6.980392156862744724e-01 5.113003670112232335e+00
7.019607843137254388e-01 6.520711055961717406e+00
7.058823529411764053e-01 8.234978444201882297e+00
7.098039215686274828e-01 6.782058397521632642e+00
7.137254901960784492e-01 6.688121355917392208e+00
7.176470588235294157e-01 4.908118243723964547e+00
7.215686274509803821e-01 6.093736690533740230e+00
7.254901960784313486e-01 5.266491167343258617e+00
7.294117647058823151e-01 5.502548187580321049e+00
7.333333333333332815e-01 4.382386714056369037e+00
7.372549019607843590e-01 5.588449118504637880e+00
7.411764705882353255e-01 8.498580323357316502e+00
7.450980392156862919e-01 5.543968488900013369e+00
7.490196078431372584e-01 5.575862621302192679e+00
7.529411764705882248e-01 6.635136250106683065e+00
7.568627450980391913e-01 5.728100826191213635e+00
7.607843137254901578e-01 3.936201779868870432e+00
7.647058823529411242e-01 3.796540227866137762e+00
7.686274509803920907e-01 5.203991502795837221e+00
7.725490196078431682e-01 3.883591696914984848e+00
7.764705882352941346e-01 7.183490811968833434e+00
7.803921568627451011e-01 4.982398311729939522e+00
7.843137254901960675e-01 3.778969479537109599e+00
7.882352941176470340e-01 6.306365276939948750e+00
7.921568627450980005e-01 5.106079467275479011e+00
7.960784313725489669e-01 5.765435914569482456e+00
8.000000000000000444e-01 5.842368735306657790e+00
8.039215686274510109e-01 5.872612739012225802e+00
8.078431372549019773e-01 5.601561850662092112e+00
8.117647058823529438e-01 3.035461849790284994e+00
8.156862745098039102e-01 2.862207168843546867e+00
8.196078431372548767e-01 3.564376087987159991e+00
8.235294117647058432e-01 4.118211894736755418e+00
8.274509803921568096e-01 3.429396865298336650e+00
8.313725490196077761e-01 5.716035239830556058e+00
8.352941176470588536e-01 4.731524068903500080e+00
8.392156862745098200e-01 4.629621960638913514e+00
8.431372549019607865e-01 3.707424936148241201e+00
8.470588235294117530e-01 5.133998547919577327e+00
8.509803921568627194e-01 5.124254644199175424e+00
8.549019607843136859e-01 3.392529753729816022e+00
8.588235294117646523e-01 5.807194323693153137e+00
8.627450980392157298e-01 5.276377782120253102e+00
8.666666666666666963e-01 4.147675361325977583e+00
8.705882352941176627e-01 3.648472566430702280e+00
8.745098039215686292e-01 4.075471971730404874e+00
8.784313725490195957e-01 4.498649026239820437e+00
8.823529411764705621e-01 5.202223150873981794e+00
8.862745098039215286e-01 5.358766678396473360e+00
8.901960784313724950e-01 2.899449538073395338e+00
8.941176470588234615e-01 4.975864007788933563e+00
8.980392156862745390e-01 4.708166691126590919e+00
9.019607843137255054e-01 4.295305970540525209e+00
9.058823529411764719e-01 4.250244671958162357e+00
9.098039215686274384e-01 5.943045228067179053e+00
9.137254901960784048e-01 4.747940001676883348e+00
9.176470588235293713e-01 2.238131953130047869e+00
9.215686274509803377e-01 5.644122089588150537e+00
9.254901960784314152e-01 1.433665679287907668e+00
9.294117647058823817e-01 3.812245021540022982e+00
9.333333333333333481e-01 3.448475111501112966e+00
9.372549019607843146e-01 1.288137213163720762e+00
9.411764705882352811e-01 2.304318932373772277e+00
9.450980392156862475e-01 3.486619870670083721e+00
9.490196078431372140e-01 5.699126904743699207e+00
9.529411764705881804e-01 3.406373114807938141e+00
9.568627450980391469e-01 3.420687312645611655e+00
9.607843137254902244e-01 2.276444511916743352e+00
9.647058823529411908e-01 5.285072438225583369e+00
9.686274509803921573e-01 4.070543446502385976e+00
9.725490196078431238e-01 6.171353907187461019e+00
9.764705882352940902e-01 5.677077735763647937e+00
9.803921568627450567e-01 5.308236904413933033e+00
9.843137254901960231e-01 5.593482658983633726e+00
9.882352941176471006e-01 3.011200487349156241e+00
9.921568627450980671e-01 3.793744097098982415e+00
9.960784313725490335e-01 4.925389240682150671e+00
1.000000000000000000e+00 5.699641603531624412e+00
