0.000000000000000000e+00 3.180803535911610691e+00
3.921568627450980338e-03 3.997451542575792161e+00
7.843137254901960675e-03 1.964112386963435597e+00
1.176470588235294101e-02 2.533605116399701096e+00
1.568627450980392135e-02 3.109586507555223367e+00
1.960784313725490169e-02 3.552577211873610530e+00
2.352941176470588203e-02 3.973507117515861164e+00
2.745098039215686236e-02 8.395153535552668522e-01
3.137254901960784270e-02 1.689805397137837728e+00
3.529411764705882304e-02 2.285894964091933268e+00
3.921568627450980338e-02 3.482199386851386969e+00
4.313725490196078372e-02 2.393191696846016292e+00
4.705882352941176405e-02 3.217624323790505780e+00
5.098039215686274439e-02 2.014871533330426789e+00
5.490196078431372473e-02 4.640240371524317453e+00
5.882352941176470507e-02 3.230995941755711254e+00
6.274509803921568540e-02 1.751811834810088397e+00
6.666666666666666574e-02 1.173098582495848863e+00
7.058823529411764608e-02 1.212897913208641931e+00
7.450980392156862642e-02 1.608892501978758327e+00
7.843137254901960675e-02 7.808924784542163877e-01
8.235294117647058709e-02 1.087391539767552651e+00
8.627450980392156743e-02 -2.469661560615810103e-02
9.019607843137254777e-02 3.064292350586796054e+00
9.411764705882352811e-02 3.036780792414036867e+00
9.803921568627450844e-02 1.657199776790649670e+00
1.019607843137254888e-01 1.800049227553435438e+00
1.058823529411764691e-01 2.399883146023825020e+00
1.098039215686274495e-01 4.250143802493056455e+00
1.137254901960784298e-01 1.984083382761380854e+00
1.176470588235294101e-01 3.260523540360124262e+00
1.215686274509803905e-01 2.957090514080648269e+00
1.254901960784313708e-01 3.620497588867424454e+00
1.294117647058823373e-01 2.309792022450771753e+00
1.333333333333333315e-01 1.068232304788722775e+00
1.372549019607843257e-01 1.514465004037491624e+00
1.411764705882352922e-01 4.036122549367452628e+00
1.450980392156862586e-01 4.491258213165790103e+00
1.490196078431372528e-01 2.827890476308989154e+00
1.529411764705882470e-01 3.743500263204292633e+00
1.568627450980392135e-01 2.283618448794000777e+00
1.607843137254901800e-01 3.458294876807425311e+00
1.647058823529411742e-01 4.033450300317332093e+00
1.686274509803921684e-01 2.444885342001811956e+00
1.725490196078431349e-01 4.076941851890124369e+00
1.764705882352941013e-01 5.363224097611663410e+00
1.803921568627450955e-01 3.539941152943133051e+00
1.843137254901960898e-01 2.880582524524685883e+00
1.882352941176470562e-01 3.390691739579951847e+00
1.921568627450980227e-01 3.566640449263270618e+00
1.960784313725490169e-01 2.933075549898473078e+00
2.000000000000000111e-01 4.542536492877577992e+00
2.039215686274509776e-01 3.833058917115248487e+00
2.078431372549019440e-01 2.865638706407670266e+00
2.117647058823529382e-01 2.791767084836211055e+00
2.156862745098039325e-01 3.496809706096751569e+00
2.196078431372548989e-01 3.227820371343335104e+00
2.235294117647058654e-01 5.659493543668371984e+00
2.274509803921568596e-01 2.424368246567326857e+00
2.313725490196078538e-01 3.222911116978008472e+00
2.352941176470588203e-01 3.038876782384540398e+00
2.392156862745097867e-01 1.627823161091633608e+00
2.431372549019607809e-01 3.366502722310631412e+00
2.470588235294117752e-01 2.573107132342629555e+00
2.509803921568627416e-01 3.448897898949796925e+00
2.549019607843137081e-01 5.119709650874111340e+00
2.588235294117646745e-01 5.251159481613560054e+00
2.627450980392156965e-01 3.494788116334990313e+00
2.666666666666666630e-01 3.543149916067588556e+00
2.705882352941176294e-01 2.572645145378805953e+00
2.745098039215686514e-01 2.666738496528124003e+00
2.784313725490196179e-01 9.810397546445273065e-01
2.823529411764705843e-01 3.896882610301744876e+00
2.862745098039215508e-01 6.050780543096519359e+00
2.901960784313725172e-01 4.371098250195245782e+00
2.941176470588235392e-01 4.404255376282656620e+00
2.980392156862745057e-01 3.802056544045414377e+00
3.019607843137254721e-01 4.597543797953567157e+00
3.058823529411764941e-01 4.840666865041888478e+00
3.098039215686274606e-01 3.155296698169207659e+00
3.137254901960784270e-01 2.918790443360865350e+00
3.176470588235293935e-01 2.326966658753639283e+00
3.215686274509803599e-01 1.940421024632977165e+00
3.254901960784313819e-01 3.483754640301574224e+00
3.294117647058823484e-01 3.906338372751778643e+00
3.333333333333333148e-01 3.180572425020470551e+00
3.372549019607843368e-01 3.535106207855434945e+00
3.411764705882353033e-01 4.453455353081007040e+00
3.450980392156862697e-01 6.886135671370343658e+00
3.490196078431372362e-01 6.398872733976264549e+00
3.529411764705882026e-01 7.866266237079493351e+00
3.568627450980392246e-01 7.610849969304457119e+00
3.607843137254901911e-01 6.503325926880759944e+00
3.647058823529411575e-01 7.297106333397716860e+00
3.686274509803921795e-01 5.916997801247099176e+00
3.725490196078431460e-01 5.395056551092157093e+00
3.764705882352941124e-01 4.901919211061926518e+00
3.803921568627450789e-01 6.574453476503547833e+00
3.843137254901960453e-01 4.787598220032559304e+00
3.882352941176470673e-01 6.579741685360339432e+00
3.921568627450980338e-01 5.109035698715061358e+00
3.960784313725490002e-01 5.152638748914339040e+00
4.000000000000000222e-01 5.548630779916616795e+00
4.039215686274509887e-01 5.925724861993283632e+00
4.078431372549019551e-01 7.352429702030183201e+00
4.117647058823529216e-01 5.609285595713784822e+00
4.156862745098038880e-01 5.281931483434196828e+00
4.196078431372549100e-01 5.655987189546412885e+00
4.235294117647058765e-01 6.833292844503691121e+00
4.274509803921568429e-01 5.365202795491107679e+00
4.313725490196078649e-01 3.372513155637653970e+00
4.352941176470588314e-01 3.953455661224032802e+00
4.392156862745097978e-01 6.330424229355015697e+00
4.431372549019607643e-01 6.705039681489028958e+00
4.470588235294117307e-01 6.609912679370313349e+00
4.509803921568627527e-01 6.892887453813898446e+00
4.549019607843137192e-01 6.056791910583763539e+00
4.588235294117646856e-01 6.120097169702639839e+00
4.627450980392157076e-01 6.598278270307863735e+00
4.666666666666666741e-01 6.434784635711035428e+00
4.705882352941176405e-01 7.576680017433209180e+00
4.745098039215686070e-01 6.506151063473506468e+00
4.784313725490195734e-01 6.055769879729700378e+00
4.823529411764705954e-01 6.190688049195077980e+00
4.862745098039215619e-01 6.017691799612380876e+00
4.901960784313725283e-01 6.851592081024475256e+00
4.941176470588235503e-01 7.514894236642819081e+00
4.980392156862745168e-01 8.529177264091195809e+00
5.019607843137254832e-01 9.166032387875461040e+00
5.058823529411764497e-01 9.869985127036944306e+00
5.098039215686274161e-01 9.052795411353596222e+00
5.137254901960783826e-01 8.258545498525824868e+00
5.176470588235293491e-01 7.140285008394649857e+00
5.215686274509804266e-01 6.529296261970014115e+00
5.254901960784313930e-01 7.977185952225539722e+00
5.294117647058823595e-01 6.146576305630373049e+00
5.333333333333333259e-01 7.315988372582532762e+00
5.372549019607842924e-01 9.686826917611856658e+00
5.411764705882352589e-01 8.357101267571982461e+00
5.450980392156862253e-01 7.279615290588397514e+00
5.490196078431373028e-01 7.396275200681564854e+00
5.529411764705882693e-01 9.467455629448245702e+00
5.568627450980392357e-01 8.784154480523850950e+00
5.607843137254902022e-01 8.361321865181215784e+00
5.647058823529411686e-01 9.909129999416084189e+00
5.686274509803921351e-01 1.073370174225535578e+01
5.725490196078431016e-01 9.228875773571962426e+00
5.764705882352940680e-01 9.315460136220826470e+00
5.803921568627450345e-01 8.092924667577715780e+00
5.843137254901961120e-01 5.629345766834470410e+00
5.882352941176470784e-01 7.279269362480704331e+00
5.921568627450980449e-01 8.491382265754790382e+00
5.960784313725490113e-01 8.297275860660315416e+00
5.999999999999999778e-01 9.414695031703677941e+00
6.039215686274509443e-01 9.753286686538773509e+00
6.078431372549019107e-01 1.017255441119795378e+01
6.117647058823529882e-01 8.219926475715498171e+00
6.156862745098039547e-01 8.698269181015346518e+00
6.196078431372549211e-01 9.548807334452057205e+00
6.235294117647058876e-01 8.358341048408259866e+00
6.274509803921568540e-01 8.240093138602089695e+00
6.313725490196078205e-01 8.193838628993018958e+00
6.352941176470587870e-01 8.480685454539345969e+00
6.392156862745097534e-01 8.566020874716899769e+00
6.431372549019607199e-01 8.359677541938207668e+00
6.470588235294117974e-01 8.217699971861254227e+00
6.509803921568627638e-01 8.194601247042623271e+00
6.549019607843137303e-01 8.382751535342737981e+00
6.588235294117646967e-01 1.000320292927451860e+01
6.627450980392156632e-01 9.474621101653763589e+00
6.666666666666666297e-01 7.865922819840760027e+00
6.705882352941175961e-01 9.160208506324785560e+00
6.745098039215686736e-01 9.845576618097140909e+00
6.784313725490196401e-01 1.056170191180284768e+01
6.823529411764706065e-01 1.071234921631617887e+01
6.862745098039215730e-01 9.355254246501619519e+00
6.901960784313725394e-01 8.744561790242840971e+00
6.941176470588235059e-01 1.064141231487133332e+01
6.980392156862744724e-01 9.814099067745067018e+00
7.019607843137254388e-01 1.172311168085064104e+01
7.058823529411764053e-01 8.611841722697214152e+00
7.098039215686274828e-01 1.082015748773791941e+01
7.137254901960784492e-01 1.020756039310576035e+01
7.176470588235294157e-01 9.827603406568666600e+00
7.215686274509803821e-01 1.117855149510609181e+01
7.254901960784313486e-01 9.233192501591181767e+00
7.294117647058823151e-01 1.162133143923162137e+01
7.333333333333332815e-01 1.154921627999794609e+01
7.372549019607843590e-01 1.151570160106229856e+01
7.411764705882353255e-01 1.026623533580460901e+01
7.450980392156862919e-01 1.269550118770070490e+01
7.490196078431372584e-01 8.993277403191992647e+00
7.529411764705882248e-01 9.718660084879987338e+00
7.568627450980391913e-01 9.600964785398195644e+00
7.607843137254901578e-01 1.041900126946677929e+01
7.647058823529411242e-01 1.125895005007311056e+01
7.686274509803920907e-01 1.125228449319313029e+01
7.725490196078431682e-01 1.043658420295748002e+01
7.764705882352941346e-01 1.074695839320332702e+01
7.803921568627451011e-01 9.384078763761769082e+00
7.843137254901960675e-01 9.035415959962779908e+00
7.882352941176470340e-01 1.146852511722158319e+01
7.921568627450980005e-01 9.957718194797372746e+00
7.960784313725489669e-01 9.065608354471606845e+00
8.000000000000000444e-01 1.061253629121231512e+01
8.039215686274510109e-01 7.167567660915023176e+00
8.078431372549019773e-01 1.062897618624693408e+01
8.117647058823529438e-01 1.088787526943360007e+01
8.156862745098039102e-01 8.454481559007160030e+00
8.196078431372548767e-01 1.110109139791833144e+01
8.235294117647058432e-01 1.031827922305759948e+01
8.274509803921568096e-01 1.071899812122754803e+01
8.313725490196077761e-01 1.185361813056530167e+01
8.352941176470588536e-01 1.007831135007229406e+01
8.392156862745098200e-01 1.024999690246757744e+01
8.431372549019607865e-01 6.983898463174120330e+00
8.470588235294117530e-01 9.937605997215056775e+00
8.509803921568627194e-01 8.314480116068985183e+00
8.549019607843136859e-01 1.030516546568020431e+01
8.588235294117646523e-01 8.288133723503223749e+00
8.627450980392157298e-01 1.023603045988033422e+01
8.666666666666666963e-01 1.016280095610422585e+01
8.705882352941176627e-01 9.970041619620268136e+00
8.745098039215686292e-01 1.040310166373817857e+01
8.784313725490195957e-01 9.859088612926147022e+00
8.823529411764705621e-01 1.092925469762471202e+01
8.862745098039215286e-01 1.033203788460308203e+01
8.901960784313724950e-01 1.089671069872576936e+01
8.941176470588234615e-01 1.174079729652021875e+01
8.980392156862745390e-01 9.526129189256687724e+00
9.019607843137255054e-01 1.062389415958181615e+01
9.058823529411764719e-01 7.540858739863964821e+00
9.098039215686274384e-01 1.052737497350119256e+01
9.137254901960784048e-01 7.626072561893084689e+00
9.176470588235293713e-01 9.225053647138985013e+00
9.215686274509803377e-01 8.778879076616004085e+00
9.254901960784314152e-01 9.551744373405171018e+00
9.294117647058823817e-01 1.054742834123702977e+01
9.333333333333333481e-01 8.603537119766901498e+00
9.372549019607843146e-01 1.027377010101304577e+01
9.411764705882352811e-01 1.029007994002628301e+01
9.450980392156862475e-01 9.340388456980180720e+00
9.490196078431372140e-01 9.301518205963802188e+00
9.529411764705881804e-01 7.912227075231836437e+00
9.568627450980391469e-01 1.035442241770872940e+01
9.607843137254902244e-01 5.888310103066392465e+00
9.647058823529411908e-01 7.412685410750089687e+00
9.686274509803921573e-01 6.176292978215244034e+00
9.725490196078431238e-01 7.413946835385462286e+00
9.764705882352940902e-01 7.504409337772535160e+00
9.803921568627450567e-01 7.584042882793335494e+00
9.843137254901960231e-01 7.081769520561098652e+00
9.882352941176471006e-01 9.657554647844408535e+00
9.921568627450980671e-01 7.343731894027782481e+00
9.960784313725490335e-01 6.690366090349975536e+00
1.000000000000000000e+00 6.629362350397522086e+00
