0.000000000000000000e+00 5.396779501485246655e+00
3.921568627450980338e-03 4.508787281481002829e+00
7.843137254901960675e-03 2.372478553873412110e+00
1.176470588235294101e-02 4.811773316699428982e+00
1.568627450980392135e-02 4.836250710152773635e+00
1.960784313725490169e-02 3.158998415929648029e+00
2.352941176470588203e-02 3.202135187938777605e+00
2.745098039215686236e-02 3.702315752473844590e+00
3.137254901960784270e-02 3.270934496662277979e+00
3.529411764705882304e-02 5.024890430360388294e+00
3.921568627450980338e-02 5.620768152564828313e+00
4.313725490196078372e-02 1.538280360529512558e+00
4.705882352941176405e-02 5.658337560155878521e+00
5.098039215686274439e-02 4.415194137934734364e+00
5.490196078431372473e-02 3.238612181443244697e+00
5.882352941176470507e-02 1.757790151239894794e+00
6.274509803921568540e-02 1.855335998819841237e+00
6.666666666666666574e-02 2.938445743388712117e+00
7.058823529411764608e-02 1.281601664059103696e+00
7.450980392156862642e-02 2.799400513275553504e+00
7.843137254901960675e-02 4.307888970618502178e+00
8.235294117647058709e-02 1.535625429533163278e+00
8.627450980392156743e-02 3.675772674953902808e+00
9.019607843137254777e-02 3.107045937409171898e+00
9.411764705882352811e-02 4.910131481881427895e-01
9.803921568627450844e-02 3.532423651823458854e+00
1.019607843137254888e-01 2.862111421708498860e+00
1.058823529411764691e-01 4.263398156093692215e+00
1.098039215686274495e-01 2.674192541778714904e+00
1.137254901960784298e-01 4.354456509039689394e+00
1.176470588235294101e-01 2.758760403015051654e+00
1.215686274509803905e-01 7.654642990425064575e-01
1.254901960784313708e-01 3.252169639890244657e+00
1.294117647058823373e-01 2.186631294868251807e+00
1.333333333333333315e-01 2.362923398693361765e+00
1.372549019607843257e-01 3.925790204730942978e+00
1.411764705882352922e-01 -2.369080092606719035e-01
1.450980392156862586e-01 1.830762971832909480e+00
1.490196078431372528e-01 4.321920584851001834e+00
1.529411764705882470e-01 3.503166024336612061e+00
1.568627450980392135e-01 1.463176509472758902e+00
1.607843137254901800e-01 1.702245311293536068e+00
1.647058823529411742e-01 2.748342641402820252e+00
1.686274509803921684e-01 3.095535246220545655e+00
1.725490196078431349e-01 1.710471007772807805e+00
1.764705882352941013e-01 1.736917071936013635e+00
1.803921568627450955e-01 1.053217214128773893e+00
1.843137254901960898e-01 2.177566683937808723e+00
1.882352941176470562e-01 1.828506037217198621e+00
1.921568627450980227e-01 2.723096582283177636e+00
1.960784313725490169e-01 2.543600944691026378e+00
2.000000000000000111e-01 1.233978812997190699e+00
2.039215686274509776e-01 4.010291766975586647e-01
2.078431372549019440e-01 2.208207049820222867e+00
2.117647058823529382e-01 1.839543248320863356e+00
2.156862745098039325e-01 4.007151549492331988e+00
2.196078431372548989e-01 2.700739791309493487e+00
2.235294117647058654e-01 3.475242857195272705e+00
2.274509803921568596e-01 1.360950841820707247e-01
2.313725490196078538e-01 2.692552052012972652e+00
2.352941176470588203e-01 2.579081664023802567e+00
2.392156862745097867e-01 4.166332422084232157e+00
2.431372549019607809e-01 7.098439072571443020e+00
2.470588235294117752e-01 2.279748320899153136e+00
2.509803921568627416e-01 3.052904765495696893e+00
2.549019607843137081e-01 4.136798044341202463e+00
2.588235294117646745e-01 4.640739964297276643e+00
2.627450980392156965e-01 2.814579003171556071e+00
2.666666666666666630e-01 4.712512190816477542e+00
2.705882352941176294e-01 4.168623266211804790e+00
2.745098039215686514e-01 4.070825265355939138e+00
2.784313725490196179e-01 4.661521897030899808e+00
2.823529411764705843e-01 2.998927912273789076e+00
2.862745098039215508e-01 2.948585334195436225e+00
2.901960784313725172e-01 3.834752584663065900e+00
2.941176470588235392e-01 3.574247141251692295e+00
2.980392156862745057e-01 5.053225287777420860e+00
3.019607843137254721e-01 5.375321843168734404e+00
3.058823529411764941e-01 3.220069455634432920e+00
3.098039215686274606e-01 4.270841616271346730e+00
3.137254901960784270e-01 5.610530594308818841e+00
3.176470588235293935e-01 6.003476043356268832e+00
3.215686274509803599e-01 3.064563206823169406e+00
3.254901960784313819e-01 3.657992316367053576e+00
3.294117647058823484e-01 4.193842295555620936e+00
3.333333333333333148e-01 4.412642869450366767e+00
3.372549019607843368e-01 6.070942936835481696e+00
3.411764705882353033e-01 4.338944477430064950e+00
3.450980392156862697e-01 4.785733803361316596e+00
3.490196078431372362e-01 4.683833167499890315e+00
3.529411764705882026e-01 4.220701326580366342e+00
3.568627450980392246e-01 4.181544611963821545e+00
3.607843137254901911e-01 5.933829058748126606e+00
3.647058823529411575e-01 5.344415020667020677e+00
3.686274509803921795e-01 3.432392363398482082e+00
3.725490196078431460e-01 5.509254780889836667e+00
3.764705882352941124e-01 5.363593192535843102e+00
3.803921568627450789e-01 5.535232385836417635e+00
3.843137254901960453e-01 5.793202295550067049e+00
3.882352941176470673e-01 3.247189783297691701e+00
3.921568627450980338e-01 4.248250687320690666e+00
3.960784313725490002e-01 5.569398713966569936e+00
4.000000000000000222e-01 5.816594571592763607e+00
4.039215686274509887e-01 5.174706947973279014e+00
4.078431372549019551e-01 7.027455495163676957e+00
4.117647058823529216e-01 5.895570281463492712e+00
4.156862745098038880e-01 6.108415012342080175e+00
4.196078431372549100e-01 5.158848727815152913e+00
4.235294117647058765e-01 4.651107914217960548e+00
4.274509803921568429e-01 5.689760049170429212e+00
4.313725490196078649e-01 3.937067363283238475e+00
4.352941176470588314e-01 5.008384156966503298e+00
4.392156862745097978e-01 5.104664087945601558e+00
4.431372549019607643e-01 5.300097579259779756e+00
4.470588235294117307e-01 6.161175681397192960e+00
4.509803921568627527e-01 5.488120549304112750e+00
4.549019607843137192e-01 5.515914294046859290e+00
4.588235294117646856e-01 3.639617506704411642e+00
4.627450980392157076e-01 4.666289187668165361e+00
4.666666666666666741e-01 6.307552518760243032e+00
4.705882352941176405e-01 6.513024925245860075e+00
4.745098039215686070e-01 6.884703361136455868e+00
4.784313725490195734e-01 5.546266768370708533e+00
4.823529411764705954e-01 5.823948458947901585e+00
4.862745098039215619e-01 6.135009019545343278e+00
4.901960784313725283e-01 4.641448987635319767e+00
4.941176470588235503e-01 4.510928056653631835e+00
4.980392156862745168e-01 6.984298071208232983e+00
5.019607843137254832e-01 4.363035158334766628e+00
5.058823529411764497e-01 6.635767976738351948e+00
5.098039215686274161e-01 5.816397598515437473e+00
5.137254901960783826e-01 2.981121881138598440e+00
5.176470588235293491e-01 4.256753983974848055e+00
5.215686274509804266e-01 4.575796361377556742e+00
5.254901960784313930e-01 4.509160834061384016e+00
5.294117647058823595e-01 4.420100083307732852e+00
5.333333333333333259e-01 3.746449314639948014e+00
5.372549019607842924e-01 4.893008669010210809e+00
5.411764705882352589e-01 5.596393188940982810e+00
5.450980392156862253e-01 5.417967334483476449e+00
5.490196078431373028e-01 4.545093096171166636e+00
5.529411764705882693e-01 5.335505313846240938e+00
5.568627450980392357e-01 5.797642418274262965e+00
5.607843137254902022e-01 5.509445306548673038e+00
5.647058823529411686e-01 5.422185435580336943e+00
5.686274509803921351e-01 5.317596271575380840e+00
5.725490196078431016e-01 4.951497599092630431e+00
5.764705882352940680e-01 4.314605281209438203e+00
5.803921568627450345e-01 4.802586491795714174e+00
5.843137254901961120e-01 3.359749233641308397e+00
5.882352941176470784e-01 2.387664965295409392e+00
5.921568627450980449e-01 1.321017679730005057e+00
5.960784313725490113e-01 4.871283030830799277e+00
5.999999999999999778e-01 6.121017633424790105e+00
6.039215686274509443e-01 4.683813852936628663e+00
6.078431372549019107e-01 5.946404731666660837e+00
6.117647058823529882e-01 5.543398390087334704e+00
6.156862745098039547e-01 7.067586206883058608e+00
6.196078431372549211e-01 4.550109820375995540e+00
6.235294117647058876e-01 5.444205233753303119e+00
6.274509803921568540e-01 4.633175367757650598e+00
6.313725490196078205e-01 3.661903759075149090e+00
6.352941176470587870e-01 5.161093756099098151e+00
6.392156862745097534e-01 3.580947734174404928e+00
6.431372549019607199e-01 5.609681659520952657e+00
6.470588235294117974e-01 6.050490765845246699e+00
6.509803921568627638e-01 5.690541431867664812e+00
6.549019607843137303e-01 3.639167928749816205e+00
6.588235294117646967e-01 3.478188257276235262e+00
6.627450980392156632e-01 2.738296236298004338e+00
6.666666666666666297e-01 2.618632199294945728e+00
6.705882352941175961e-01 1.408682760548682023e+00
6.745098039215686736e-01 5.205299969751680855e+00
6.784313725490196401e-01 4.067387099688641428e+00
6.823529411764706065e-01 5.412279129218264373e+00
6.862745098039215730e-01 4.262589142330266867e+00
6.901960784313725394e-01 2.532843995383721847e+00
6.941176470588235059e-01 2.174495719660315629e+00
6.980392156862744724e-01 1.627718975613181129e+00
7.019607843137254388e-01 4.024823047400217568e+00
7.058823529411764053e-01 4.689194177464908186e+00
7.098039215686274828e-01 5.164194413664696448e+00
7.137254901960784492e-01 4.964669074534728388e+00
7.176470588235294157e-01 6.430783442798142957e+00
7.215686274509803821e-01 4.481048601712069868e+00
7.254901960784313486e-01 3.912023665023227181e+00
7.294117647058823151e-01 5.827361724034237689e+00
7.333333333333332815e-01 5.131875658958805708e+00
7.372549019607843590e-01 5.826249264152163931e+00
7.411764705882353255e-01 3.892241737296580961e+00
7.450980392156862919e-01 5.402210005668600878e+00
7.490196078431372584e-01 4.893894663924146293e+00
7.529411764705882248e-01 3.928932448229426999e+00
7.568627450980391913e-01 5.923496852243153477e+00
7.607843137254901578e-01 5.429333670044156790e+00
7.647058823529411242e-01 3.315385502880979107e+00
7.686274509803920907e-01 2.949887995363842386e+00
7.725490196078431682e-01 4.157624461154408202e+00
7.764705882352941346e-01 3.144371293418716462e+00
7.803921568627451011e-01 3.363298942982519968e+00
7.843137254901960675e-01 4.790104857465863120e+00
7.882352941176470340e-01 2.417317708140344745e+00
7.921568627450980005e-01 4.329693999464626408e+00
7.960784313725489669e-01 1.778677574467713463e+00
8.000000000000000444e-01 4.861762025792126352e+00
8.039215686274510109e-01 3.517914548570171718e+00
8.078431372549019773e-01 1.480054440229094048e+00
8.117647058823529438e-01 3.627225190542732403e+00
8.156862745098039102e-01 5.249248863323506598e+00
8.196078431372548767e-01 3.268695436052304615e+00
8.235294117647058432e-01 3.812155091598695478e+00
8.274509803921568096e-01 4.776182667725651143e+00
8.313725490196077761e-01 2.555344274280229477e+00
8.352941176470588536e-01 4.784210505045500383e+00
8.392156862745098200e-01 4.160444406866865563e+00
8.431372549019607865e-01 4.705184629988821143e+00
8.470588235294117530e-01 2.679098841410388676e+00
8.509803921568627194e-01 2.065093230445464556e+00
8.549019607843136859e-01 5.353176259565943340e+00
8.588235294117646523e-01 2.853185702182733152e+00
8.627450980392157298e-01 1.584948087947174900e+00
8.666666666666666963e-01 3.559579196174528892e+00
8.705882352941176627e-01 4.331477164270543412e+00
8.745098039215686292e-01 3.473794116757854766e+00
8.784313725490195957e-01 4.815745598916729264e+00
8.823529411764705621e-01 1.693324982270911772e+00
8.862745098039215286e-01 3.524718043499865949e+00
8.901960784313724950e-01 2.859275493318004902e+00
8.941176470588234615e-01 3.426008164940281375e+00
8.980392156862745390e-01 2.740681744022041233e+00
9.019607843137255054e-01 1.840653511924164709e+00
9.058823529411764719e-01 2.377720936239736460e+00
9.098039215686274384e-01 3.682568675889219989e+00
9.137254901960784048e-01 4.147074595071914338e+00
9.176470588235293713e-01 4.336302578701243249e+00
9.215686274509803377e-01 4.179422885098901475e+00
9.254901960784314152e-01 3.059547852559153291e+00
9.294117647058823817e-01 2.438802341686285402e+00
9.333333333333333481e-01 2.946404652108045141e+00
9.372549019607843146e-01 3.761508670537717425e+00
9.411764705882352811e-01 4.001945966270278987e+00
9.450980392156862475e-01 3.918195019359577813e+00
9.490196078431372140e-01 5.280999916319732534e+00
9.529411764705881804e-01 3.547224549402257843e+00
9.568627450980391469e-01 3.405437916094289363e+00
9.607843137254902244e-01 4.033375004796692309e+00
9.647058823529411908e-01 4.178246980141336664e+00
9.686274509803921573e-01 2.976074623458913049e+00
9.725490196078431238e-01 2.914910175945656157e+00
9.764705882352940902e-01 2.674875444445969919e+00
9.803921568627450567e-01 3.341023214508842099e+00
9.843137254901960231e-01 5.235202532221961746e+00
9.882352941176471006e-01 3.651785728789223473e+00
9.921568627450980671e-01 9.320207265955571252e-01
9.960784313725490335e-01 3.352858815941392123e+00
1.000000000000000000e+00 4.850071350646738999e+00
