0.000000000000000000e+00 1.001678193050814514e+01
3.921568627450980338e-03 9.717363304026543247e+00
7.843137254901960675e-03 1.040079157167514268e+01
1.176470588235294101e-02 9.263378718775703291e+00
1.568627450980392135e-02 8.734992585221164063e+00
1.960784313725490169e-02 9.985597079516089991e+00
2.352941176470588203e-02 1.249200251240898396e+01
2.745098039215686236e-02 1.112834461856372670e+01
3.137254901960784270e-02 1.032979817531035849e+01
3.529411764705882304e-02 1.123852304387886214e+01
3.921568627450980338e-02 1.109798533492291739e+01
4.313725490196078372e-02 1.075407598350114569e+01
4.705882352941176405e-02 1.019173074552533365e+01
5.098039215686274439e-02 1.131878776385448226e+01
5.490196078431372473e-02 1.042017872778176546e+01
5.882352941176470507e-02 1.167403257585087140e+01
6.274509803921568540e-02 9.257588423696022417e+00
6.666666666666666574e-02 1.191099954997542198e+01
7.058823529411764608e-02 1.069280787891505469e+01
7.450980392156862642e-02 1.175010675134973859e+01
7.843137254901960675e-02 1.217524318173394349e+01
8.235294117647058709e-02 1.164978711804397449e+01
8.627450980392156743e-02 9.969605904626700266e+00
9.019607843137254777e-02 1.126924043578174839e+01
9.411764705882352811e-02 1.076501286108779532e+01
9.803921568627450844e-02 1.063198802490656902e+01
1.019607843137254888e-01 1.133775401624662749e+01
1.058823529411764691e-01 1.128008292716170224e+01
1.098039215686274495e-01 9.246009056787572788e+00
1.137254901960784298e-01 1.012338718273618277e+01
1.176470588235294101e-01 9.402600114590963898e+00
1.215686274509803905e-01 9.685908765761062966e+00
1.254901960784313708e-01 1.137297831050669927e+01
1.294117647058823373e-01 1.290266333752650496e+01
1.333333333333333315e-01 9.234171902221783412e+00
1.372549019607843257e-01 1.077742736933507928e+01
1.411764705882352922e-01 1.161803971474328456e+01
1.450980392156862586e-01 1.099896061375837064e+01
1.490196078431372528e-01 1.076506845001575563e+01
1.529411764705882470e-01 1.173911451233385250e+01
1.568627450980392135e-01 1.169146910255117255e+01
1.607843137254901800e-01 9.958824830329104927e+00
1.647058823529411742e-01 9.493704059265075657e+00
1.686274509803921684e-01 9.681316072016578289e+00
1.725490196078431349e-01 1.124571024642282424e+01
1.764705882352941013e-01 9.420480903513395177e+00
1.803921568627450955e-01 1.098272545737927253e+01
1.843137254901960898e-01 1.030661223531939541e+01
1.882352941176470562e-01 9.665494854946997449e+00
1.921568627450980227e-01 1.031551948179443734e+01
1.960784313725490169e-01 9.719524975199503203e+00
2.000000000000000111e-01 7.683763608403880063e+00
2.039215686274509776e-01 9.018266798285880625e+00
2.078431372549019440e-01 1.046711126602422759e+01
2.117647058823529382e-01 9.461772780075820677e+00
2.156862745098039325e-01 1.262317500245559643e+01
2.196078431372548989e-01 1.147844514698322982e+01
2.235294117647058654e-01 9.095231721796796620e+00
2.274509803921568596e-01 1.013990120347594370e+01
2.313725490196078538e-01 9.361056291856804989e+00
2.352941176470588203e-01 9.256524837179988197e+00
2.392156862745097867e-01 8.745833683905104294e+00
2.431372549019607809e-01 8.954197749847704557e+00
2.470588235294117752e-01 1.069288805530428021e+01
2.509803921568627416e-01 9.991948905038739781e+00
2.549019607843137081e-01 9.694396232573421202e+00
2.588235294117646745e-01 9.939403817323952950e+00
2.627450980392156965e-01 1.229313067465433562e+01
2.666666666666666630e-01 1.055642591986904755e+01
2.705882352941176294e-01 1.077654813468181771e+01
2.745098039215686514e-01 1.110037034020791680e+01
2.784313725490196179e-01 8.755480537509056305e+00
2.823529411764705843e-01 8.190679870161973852e+00
2.862745098039215508e-01 9.381781219251248416e+00
2.901960784313725172e-01 8.602407369210391508e+00
2.941176470588235392e-01 8.278338029645912144e+00
2.980392156862745057e-01 8.453858545351220499e+00
3.019607843137254721e-01 8.723054851813998312e+00
3.058823529411764941e-01 8.924372473514472048e+00
3.098039215686274606e-01 1.003037762406810884e+01
3.137254901960784270e-01 1.084175274049029980e+01
3.176470588235293935e-01 9.982031142184712991e+00
3.215686274509803599e-01 9.536248184825939944e+00
3.254901960784313819e-01 8.123973331827228250e+00
3.294117647058823484e-01 7.322073958393157334e+00
3.333333333333333148e-01 8.004497553449301250e+00
3.372549019607843368e-01 6.314518532831508324e+00
3.411764705882353033e-01 8.230179050080481673e+00
3.450980392156862697e-01 8.529568251570005089e+00
3.490196078431372362e-01 8.946613468531470659e+00
3.529411764705882026e-01 8.522547799984158345e+00
3.568627450980392246e-01 8.978281413962458046e+00
3.607843137254901911e-01 9.453153403500790475e+00
3.647058823529411575e-01 9.162417932517170627e+00
3.686274509803921795e-01 1.145127074499289499e+01
3.725490196078431460e-01 8.723652826160513740e+00
3.764705882352941124e-01 7.245658526771078911e+00
3.803921568627450789e-01 7.902385121386729772e+00
3.843137254901960453e-01 7.017360058863691741e+00
3.882352941176470673e-01 6.692443826397488138e+00
3.921568627450980338e-01 5.548444289631246917e+00
3.960784313725490002e-01 8.700996062951864118e+00
4.000000000000000222e-01 6.390624317754024730e+00
4.039215686274509887e-01 8.755164909929304073e+00
4.078431372549019551e-01 5.579256442640965652e+00
4.117647058823529216e-01 7.104406741881504672e+00
4.156862745098038880e-01 6.773165448077467232e+00
4.196078431372549100e-01 8.074445026063742148e+00
4.235294117647058765e-01 8.291348676671619344e+00
4.274509803921568429e-01 6.546412371470813341e+00
4.313725490196078649e-01 8.194500368877669416e+00
4.352941176470588314e-01 9.514092644931105625e+00
4.392156862745097978e-01 1.003297390498013186e+01
4.431372549019607643e-01 9.854881871914161096e+00
4.470588235294117307e-01 9.079559231567056798e+00
4.509803921568627527e-01 8.187710552972358613e+00
4.549019607843137192e-01 6.344359359239034823e+00
4.588235294117646856e-01 6.166559053521218914e+00
4.627450980392157076e-01 7.739501960045429563e+00
4.666666666666666741e-01 6.300737391046444813e+00
4.705882352941176405e-01 9.051277833841183451e+00
4.745098039215686070e-01 7.185567214651914725e+00
4.784313725490195734e-01 8.601148750272912480e+00
4.823529411764705954e-01 6.640459229691957788e+00
4.862745098039215619e-01 6.581679655143656049e+00
4.901960784313725283e-01 1.042562337949883577e+01
4.941176470588235503e-01 6.836286583897043911e+00
4.980392156862745168e-01 5.744643144440398252e+00
5.019607843137254832e-01 5.928839619740497113e+00
5.058823529411764497e-01 7.568184429106054267e+00
5.098039215686274161e-01 6.583380794720512519e+00
5.137254901960783826e-01 7.097889122953099594e+00
5.176470588235293491e-01 8.065229367599291876e+00
5.215686274509804266e-01 7.772727149431955418e+00
5.254901960784313930e-01 6.590351367632273138e+00
5.294117647058823595e-01 7.246795278943266361e+00
5.333333333333333259e-01 6.503700844280348115e+00
5.372549019607842924e-01 5.826105158699454556e+00
5.411764705882352589e-01 7.351774744061692957e+00
5.450980392156862253e-01 7.899016223533507741e+00
5.490196078431373028e-01 7.491324557727770284e+00
5.529411764705882693e-01 6.446766920232786191e+00
5.568627450980392357e-01 5.923023409390715699e+00
5.607843137254902022e-01 8.099844309433436251e+00
5.647058823529411686e-01 8.863082115787413784e+00
5.686274509803921351e-01 6.852903531456238539e+00
5.725490196078431016e-01 5.819216725073856011e+00
5.764705882352940680e-01 7.026946012526419594e+00
5.803921568627450345e-01 7.436337577290782264e+00
5.843137254901961120e-01 7.115157937585584236e+00
5.882352941176470784e-01 7.090155667154784069e+00
5.921568627450980449e-01 8.193482021894959999e+00
5.960784313725490113e-01 7.779172456291297166e+00
5.999999999999999778e-01 7.078945677943477399e+00
6.039215686274509443e-01 3.918745668364130186e+00
6.078431372549019107e-01 6.482762300922169985e+00
6.117647058823529882e-01 6.487459593208910746e+00
6.156862745098039547e-01 5.680988876809267119e+00
6.196078431372549211e-01 5.698562509592858483e+00
6.235294117647058876e-01 6.504892457712920795e+00
6.274509803921568540e-01 6.654804322360464042e+00
6.313725490196078205e-01 8.695445702097019947e+00
6.352941176470587870e-01 8.568298165391434296e+00
6.392156862745097534e-01 6.805033350013522053e+00
6.431372549019607199e-01 8.028296431921473797e+00
6.470588235294117974e-01 5.239393603185243720e+00
6.509803921568627638e-01 4.576428653843949590e+00
6.549019607843137303e-01 8.425509797572665605e+00
6.588235294117646967e-01 5.567231534069128074e+00
6.627450980392156632e-01 3.126076510814876919e+00
6.666666666666666297e-01 4.343139920807598031e+00
6.705882352941175961e-01 8.137708475268279784e+00
6.745098039215686736e-01 7.784769751842018692e+00
6.784313725490196401e-01 7.968482986509559218e+00
6.823529411764706065e-01 9.300510446571450984e+00
6.862745098039215730e-01 7.151574159578204082e+00
6.901960784313725394e-01 9.022029752026050176e+00
6.941176470588235059e-01 6.518047532885301365e+00
6.980392156862744724e-01 4.398714655369413862e+00
7.019607843137254388e-01 4.896799874357675719e+00
7.058823529411764053e-01 3.200592270592370614e+00
7.098039215686274828e-01 5.746585450424595898e+00
7.137254901960784492e-01 7.792602078619904837e+00
7.176470588235294157e-01 4.286639915483734242e+00
7.215686274509803821e-01 8.093007032552979041e+00
7.254901960784313486e-01 6.791425829466245290e+00
7.294117647058823151e-01 7.228777430570756835e+00
7.333333333333332815e-01 9.372818774843747036e+00
7.372549019607843590e-01 5.451793579319655692e+00
7.411764705882353255e-01 6.784481123083963006e+00
7.450980392156862919e-01 7.068093026250517497e+00
7.490196078431372584e-01 5.687776153964336778e+00
7.529411764705882248e-01 5.534699882998724618e+00
7.568627450980391913e-01 5.562360077799149316e+00
7.607843137254901578e-01 7.517431607014534833e+00
7.647058823529411242e-01 5.946016861864167780e+00
7.686274509803920907e-01 7.424926120113521044e+00
7.725490196078431682e-01 6.312466345180108185e+00
7.764705882352941346e-01 8.222453508569724789e+00
7.803921568627451011e-01 7.468369969792727048e+00
7.843137254901960675e-01 6.485195433488746275e+00
7.882352941176470340e-01 6.354799040415852751e+00
7.921568627450980005e-01 4.776925581318991476e+00
7.960784313725489669e-01 4.337060765610944557e+00
8.000000000000000444e-01 5.686526878260373508e+00
8.039215686274510109e-01 2.673146849646070411e+00
8.078431372549019773e-01 3.879059743393166393e+00
8.117647058823529438e-01 7.461089683415587537e+00
8.156862745098039102e-01 7.187997832877742965e+00
8.196078431372548767e-01 6.405138111370209941e+00
8.235294117647058432e-01 7.051779821819247118e+00
8.274509803921568096e-01 7.676893158487053448e+00
8.313725490196077761e-01 6.820137020181341825e+00
8.352941176470588536e-01 6.238025827863023842e+00
8.392156862745098200e-01 5.522303897543398676e+00
8.431372549019607865e-01 4.986688999250394438e+00
8.470588235294117530e-01 5.074040384077515675e+00
8.509803921568627194e-01 5.427752887914490287e+00
8.549019607843136859e-01 3.669581550301419526e+00
8.588235294117646523e-01 5.365806962567582161e+00
8.627450980392157298e-01 8.124471706728620291e+00
8.666666666666666963e-01 7.113292949194858217e+00
8.705882352941176627e-01 9.116428588517468512e+00
8.745098039215686292e-01 7.192718801086620317e+00
8.784313725490195957e-01 1.083495394231730735e+01
8.823529411764705621e-01 8.680913082452246243e+00
8.862745098039215286e-01 5.915614936882647612e+00
8.901960784313724950e-01 4.627363238863511086e+00
8.941176470588234615e-01 4.863026394786771789e+00
8.980392156862745390e-01 5.826578377541034470e+00
9.019607843137255054e-01 5.646323034191009782e+00
9.058823529411764719e-01 5.461551425336440779e+00
9.098039215686274384e-01 5.538966061918682904e+00
9.137254901960784048e-01 7.081065269346902724e+00
9.176470588235293713e-01 7.005966539413533312e+00
9.215686274509803377e-01 6.844593313022049763e+00
9.254901960784314152e-01 6.505920842684895788e+00
9.294117647058823817e-01 6.243809906971536705e+00
9.333333333333333481e-01 4.776963926705459329e+00
9.372549019607843146e-01 5.672651916085503565e+00
9.411764705882352811e-01 5.422107057303861666e+00
9.450980392156862475e-01 4.430119011674284124e+00
9.490196078431372140e-01 4.569816431193117978e+00
9.529411764705881804e-01 5.622017213605384534e+00
9.568627450980391469e-01 5.861176003414237279e+00
9.607843137254902244e-01 5.897307421782484127e+00
9.647058823529411908e-01 4.773044862922756870e+00
9.686274509803921573e-01 3.830144837736124686e+00
9.725490196078431238e-01 5.621233218539853027e+00
9.764705882352940902e-01 4.605764189376782447e+00
9.803921568627450567e-01 5.048805748575011521e+00
9.843137254901960231e-01 4.687298126777907470e+00
9.882352941176471006e-01 5.060800905862897103e+00
9.921568627450980671e-01 5.112198637212737928e+00
9.960784313725490335e-01 5.777301570960482913e+00
1.000000000000000000e+00 4.467739027879393809e+00
