0.000000000000000000e+00 4.076063814758707160e+00
3.921568627450980338e-03 3.731485740588578626e+00
7.843137254901960675e-03 3.074384437611010767e+00
1.176470588235294101e-02 3.042437163202678541e+00
1.568627450980392135e-02 3.959074505660734822e+00
1.960784313725490169e-02 1.695703258213795639e+00
2.352941176470588203e-02 3.257389704722427393e+00
2.745098039215686236e-02 2.425025577704490232e+00
3.137254901960784270e-02 3.557626682986119171e+00
3.529411764705882304e-02 5.577396742036562216e+00
3.921568627450980338e-02 6.055057480358028599e+00
4.313725490196078372e-02 5.255284200459493960e+00
4.705882352941176405e-02 4.702014695780486697e+00
5.098039215686274439e-02 5.098295762401157560e+00
5.490196078431372473e-02 2.970906384597984840e+00
5.882352941176470507e-02 5.622234700760993853e+00
6.274509803921568540e-02 2.896903477111127945e+00
6.666666666666666574e-02 4.881478971225003960e+00
7.058823529411764608e-02 6.429959251974100454e+00
7.450980392156862642e-02 4.963624702586308501e+00
7.843137254901960675e-02 5.791026431833294019e+00
8.235294117647058709e-02 6.818481839201605332e+00
8.627450980392156743e-02 4.930903278781534560e+00
9.019607843137254777e-02 5.905571634666239689e+00
9.411764705882352811e-02 6.527276234659304954e+00
9.803921568627450844e-02 6.072783673878003441e+00
1.019607843137254888e-01 6.677288438658512071e+00
1.058823529411764691e-01 8.406879854232172988e+00
1.098039215686274495e-01 7.677420444126838106e+00
1.137254901960784298e-01 6.427906644344940190e+00
1.176470588235294101e-01 8.387303551273467050e+00
1.215686274509803905e-01 7.763251889695628627e+00
1.254901960784313708e-01 8.399784125197271578e+00
1.294117647058823373e-01 5.038952304945659932e+00
1.333333333333333315e-01 4.321143958203816027e+00
1.372549019607843257e-01 4.080107302503365396e+00
1.411764705882352922e-01 6.554850152176910250e+00
1.450980392156862586e-01 5.997219849349237464e+00
1.490196078431372528e-01 8.146357112066013428e+00
1.529411764705882470e-01 6.140125872769941040e+00
1.568627450980392135e-01 5.368491211968128063e+00
1.607843137254901800e-01 4.931938061443906562e+00
1.647058823529411742e-01 5.002468819476085571e+00
1.686274509803921684e-01 5.658669721915285500e+00
1.725490196078431349e-01 5.996240051343446176e+00
1.764705882352941013e-01 8.099863513073762178e+00
1.803921568627450955e-01 6.713713440317154557e+00
1.843137254901960898e-01 5.608904829660902536e+00
1.882352941176470562e-01 5.778298459549010779e+00
1.921568627450980227e-01 5.591634280861023321e+00
1.960784313725490169e-01 7.995624285326132785e+00
2.000000000000000111e-01 5.359938933833254815e+00
2.039215686274509776e-01 4.902332417648188390e+00
2.078431372549019440e-01 6.491697437462589981e+00
2.117647058823529382e-01 8.294373712022816036e+00
2.156862745098039325e-01 5.435535252483964186e+00
2.196078431372548989e-01 6.579187890441793307e+00
2.235294117647058654e-01 9.018917430871702834e+00
2.274509803921568596e-01 6.477890473077771993e+00
2.313725490196078538e-01 6.201649793962371149e+00
2.352941176470588203e-01 4.895518730922163719e+00
2.392156862745097867e-01 7.586880978467570813e+00
2.431372549019607809e-01 6.383362518810459463e+00
2.470588235294117752e-01 5.733229152315311161e+00
2.509803921568627416e-01 5.365287610605198765e+00
2.549019607843137081e-01 6.389038366923891488e+00
2.588235294117646745e-01 8.499178440038200222e+00
2.627450980392156965e-01 9.833896714203438805e+00
2.666666666666666630e-01 8.104981214522611666e+00
2.705882352941176294e-01 7.233374217943634221e+00
2.745098039215686514e-01 9.751607342266805034e+00
2.784313725490196179e-01 5.398411455449948271e+00
2.823529411764705843e-01 5.895692041985089560e+00
2.862745098039215508e-01 3.992476638972176861e+00
2.901960784313725172e-01 7.164628722032477803e+00
2.941176470588235392e-01 8.066622296173262541e+00
2.980392156862745057e-01 5.815442605380278351e+00
3.019607843137254721e-01 4.024958063233496475e+00
3.058823529411764941e-01 6.991282051139250164e+00
3.098039215686274606e-01 5.908723473983167551e+00
3.137254901960784270e-01 5.360436022493688668e+00
3.176470588235293935e-01 6.056103830785999342e+00
3.215686274509803599e-01 5.948719179998049000e+00
3.254901960784313819e-01 7.244786246912521932e+00
3.294117647058823484e-01 7.392168032298670255e+00
3.333333333333333148e-01 5.926123160747033936e+00
3.372549019607843368e-01 7.284038325488506160e+00
3.411764705882353033e-01 7.920268978754354094e+00
3.450980392156862697e-01 5.749171251038496244e+00
3.490196078431372362e-01 5.718832855238433766e+00
3.529411764705882026e-01 5.678965658742082923e+00
3.568627450980392246e-01 4.642163497985963616e+00
3.607843137254901911e-01 7.705713825264409067e+00
3.647058823529411575e-01 3.373620447938412426e+00
3.686274509803921795e-01 6.541326636513383974e+00
3.725490196078431460e-01 8.043795443453349847e+00
3.764705882352941124e-01 4.832804336264922895e+00
3.803921568627450789e-01 5.110293962141392754e+00
3.843137254901960453e-01 5.232340362567429182e+00
3.882352941176470673e-01 2.907983092772022715e+00
3.921568627450980338e-01 5.550021603685249438e+00
3.960784313725490002e-01 7.510929296372640174e+00
4.000000000000000222e-01 8.280299975236921739e+00
4.039215686274509887e-01 8.655454260230847296e+00
4.078431372549019551e-01 7.023959752552521252e+00
4.117647058823529216e-01 5.865707322721081418e+00
4.156862745098038880e-01 6.411387944717427345e+00
4.196078431372549100e-01 7.090426466470184153e+00
4.235294117647058765e-01 6.308770057673982024e+00
4.274509803921568429e-01 7.768469563386035226e+00
4.313725490196078649e-01 7.022733924655794269e+00
4.352941176470588314e-01 7.733592770787081072e+00
4.392156862745097978e-01 8.775147686035367656e+00
4.431372549019607643e-01 7.998011359232247486e+00
4.470588235294117307e-01 7.205637942661527795e+00
4.509803921568627527e-01 5.352053292136618623e+00
4.549019607843137192e-01 3.831992442090045969e+00
4.588235294117646856e-01 5.430238703203585260e+00
4.627450980392157076e-01 4.801340729096765791e+00
4.666666666666666741e-01 6.592325133820358118e+00
4.705882352941176405e-01 7.390816777202784849e+00
4.745098039215686070e-01 7.249159687218783787e+00
4.784313725490195734e-01 5.611807657171967278e+00
4.823529411764705954e-01 4.259928477909522115e+00
4.862745098039215619e-01 3.756658690492073127e+00
4.901960784313725283e-01 3.366022335550397759e+00
4.941176470588235503e-01 3.123910481696356101e+00
4.980392156862745168e-01 2.415931250814590925e+00
5.019607843137254832e-01 6.186027407743691420e+00
5.058823529411764497e-01 6.100244101670829977e+00
5.098039215686274161e-01 8.297957563353293153e+00
5.137254901960783826e-01 6.532427579208550661e+00
5.176470588235293491e-01 7.216360081443117025e+00
5.215686274509804266e-01 5.166259090206824389e+00
5.254901960784313930e-01 2.550590492175222934e+00
5.294117647058823595e-01 4.561000860399516021e+00
5.333333333333333259e-01 4.194621542228364142e+00
5.372549019607842924e-01 7.939149741713237951e+00
5.411764705882352589e-01 5.948107200679989326e+00
5.450980392156862253e-01 5.641221503027431972e+00
5.490196078431373028e-01 6.548364551409582290e+00
5.529411764705882693e-01 6.821733393944221291e+00
5.568627450980392357e-01 9.112155441228212638e+00
5.607843137254902022e-01 4.833210556227650834e+00
5.647058823529411686e-01 5.727490901218089014e+00
5.686274509803921351e-01 3.928087800253718953e+00
5.725490196078431016e-01 5.387809968980232789e+00
5.764705882352940680e-01 8.015457436826121551e+00
5.803921568627450345e-01 4.772734638777117233e+00
5.843137254901961120e-01 5.229374805327962505e+00
5.882352941176470784e-01 5.119237560131278286e+00
5.921568627450980449e-01 4.951539841877134585e+00
5.960784313725490113e-01 7.602363687853930685e+00
5.999999999999999778e-01 7.284888508061972523e+00
6.039215686274509443e-01 5.338606078763922014e+00
6.078431372549019107e-01 3.717793598887023876e+00
6.117647058823529882e-01 4.205787811539293486e+00
6.156862745098039547e-01 3.967141735792399260e+00
6.196078431372549211e-01 5.094237991233090845e+00
6.235294117647058876e-01 6.432984188709487405e+00
6.274509803921568540e-01 5.771686136676446033e+00
6.313725490196078205e-01 5.864629717246566898e+00
6.352941176470587870e-01 4.918374363106048364e+00
6.392156862745097534e-01 6.773264844452430822e+00
6.431372549019607199e-01 3.476892325707837905e+00
6.470588235294117974e-01 5.640382805915892028e+00
6.509803921568627638e-01 2.865140660926504879e+00
6.549019607843137303e-01 4.442585485189282757e+00
6.588235294117646967e-01 3.145311275856971012e+00
6.627450980392156632e-01 3.237177011413095329e+00
6.666666666666666297e-01 4.465004245529479832e+00
6.705882352941175961e-01 4.133030834608560689e+00
6.745098039215686736e-01 3.282198503704540027e+00
6.784313725490196401e-01 5.794318307017572778e+00
6.823529411764706065e-01 3.763848919392717818e+00
6.862745098039215730e-01 2.233340364422141899e+00
6.901960784313725394e-01 1.424421751248127421e+00
6.941176470588235059e-01 3.283848309591898662e+00
6.980392156862744724e-01 1.308301225629146192e+00
7.019607843137254388e-01 2.538356358305985605e+00
7.058823529411764053e-01 4.615621023887948482e+00
7.098039215686274828e-01 4.482283298993817056e+00
7.137254901960784492e-01 7.613034600874611257e+00
7.176470588235294157e-01 2.582554879703381712e+00
7.215686274509803821e-01 3.516239998186655669e+00
7.254901960784313486e-01 2.740641202909016361e+00
7.294117647058823151e-01 2.369768193779836718e+00
7.333333333333332815e-01 4.031685825168351833e+00
7.372549019607843590e-01 2.604121789041973667e+00
7.411764705882353255e-01 6.902261786837451396e+00
7.450980392156862919e-01 4.403952473375796650e+00
7.490196078431372584e-01 3.638869221909931895e+00
7.529411764705882248e-01 4.869624848463834255e+00
7.568627450980391913e-01 4.851741509048463463e+00
7.607843137254901578e-01 2.438333525907579791e+00
7.647058823529411242e-01 1.301442399370466241e+00
7.686274509803920907e-01 4.019706928546987967e+00
7.725490196078431682e-01 2.484376238101073220e+00
7.764705882352941346e-01 3.688638453002444528e+00
7.803921568627451011e-01 5.079251587880730945e+00
7.843137254901960675e-01 3.889919043896211903e+00
7.882352941176470340e-01 4.650057350399967149e+00
7.921568627450980005e-01 3.615497886279630535e+00
7.960784313725489669e-01 3.258028734332284682e+00
8.000000000000000444e-01 2.068540277899799662e+00
8.039215686274510109e-01 1.699487784866676954e+00
8.078431372549019773e-01 1.384601667007645087e+00
8.117647058823529438e-01 3.134476274397613782e+00
8.156862745098039102e-01 4.782691523146053392e+00
8.196078431372548767e-01 5.929831799171674689e+00
8.235294117647058432e-01 3.659819054879037470e+00
8.274509803921568096e-01 3.388002897990074480e+00
8.313725490196077761e-01 4.157712422473482050e+00
8.352941176470588536e-01 2.739997252677946360e+00
8.392156862745098200e-01 2.217874169631824266e+00
8.431372549019607865e-01 3.859674183577507023e+00
8.470588235294117530e-01 -1.999140827024139533e-01
8.509803921568627194e-01 1.501400191910717830e+00
8.549019607843136859e-01 2.434053164339371023e+00
8.588235294117646523e-01 2.283585572088124405e+00
8.627450980392157298e-01 3.834650676762691113e+00
8.666666666666666963e-01 4.897549632973221101e+00
8.705882352941176627e-01 6.797967960194024606e-01
8.745098039215686292e-01 2.123207050911265714e+00
8.784313725490195957e-01 1.289679664301898843e+00
8.823529411764705621e-01 2.672568851762484599e+00
8.862745098039215286e-01 3.017489847797635516e+00
8.901960784313724950e-01 1.311140563323163866e+00
8.941176470588234615e-01 2.619938118107639102e+00
8.980392156862745390e-01 1.857392840408610857e+00
9.019607843137255054e-01 4.749560640769378672e+00
9.058823529411764719e-01 3.351257645930492135e+00
9.098039215686274384e-01 1.817000298695902405e+00
9.137254901960784048e-01 1.581460568338766581e+00
9.176470588235293713e-01 -1.407081187366991948e-01
9.215686274509803377e-01 1.157967662452927593e+00
9.254901960784314152e-01 -6.459940255220488758e-01
9.294117647058823817e-01 2.525919003498989124e+00
9.333333333333333481e-01 -5.773365077124199551e-01
9.372549019607843146e-01 1.847501856945020338e+00
9.411764705882352811e-01 3.087417858266016779e+00
9.450980392156862475e-01 2.321191344156495528e+00
9.490196078431372140e-01 -1.139046265575968331e+00
9.529411764705881804e-01 1.669262417780203789e+00
9.568627450980391469e-01 -9.962866810786552563e-02
9.607843137254902244e-01 -9.223691562805695909e-01
9.647058823529411908e-01 5.223535664804601630e-01
9.686274509803921573e-01 2.939359418475352648e+00
9.725490196078431238e-01 3.983420401231525965e+00
9.764705882352940902e-01 2.909579249946330659e+00
9.803921568627450567e-01 2.602408906525971233e+00
9.843137254901960231e-01 3.341999755148982842e+00
9.882352941176471006e-01 7.409581685276032115e-01
9.921568627450980671e-01 6.377001537914046558e-01
9.960784313725490335e-01 1.314579765325010197e+00
1.000000000000000000e+00 1.797784082479084500e+00
