0.000000000000000000e+00 9.990129270794337879e-01
3.921568627450980338e-03 1.660176035339363754e+00
7.843137254901960675e-03 3.721647730018320388e-01
1.176470588235294101e-02 4.394776605645600576e-01
1.568627450980392135e-02 2.836022620377808057e+00
1.960784313725490169e-02 2.056534389249562444e+00
2.352941176470588203e-02 1.249793316576039537e+00
2.745098039215686236e-02 2.715529061345587802e+00
3.137254901960784270e-02 2.848967551852620517e+00
3.529411764705882304e-02 5.288012918447513311e-01
3.921568627450980338e-02 6.222583633618363752e-01
4.313725490196078372e-02 3.064835804590280155e-01
4.705882352941176405e-02 2.753475466733836807e+00
5.098039215686274439e-02 2.745910228843660317e+00
5.490196078431372473e-02 2.387277696716005426e+00
5.882352941176470507e-02 2.269636493380634334e+00
6.274509803921568540e-02 1.533912749164741518e+00
6.666666666666666574e-02 2.073833319507008444e+00
7.058823529411764608e-02 2.391430777784187001e-02
7.450980392156862642e-02 2.401005879337847482e+00
7.843137254901960675e-02 1.406170540222638321e+00
8.235294117647058709e-02 5.788073096006769447e-01
8.627450980392156743e-02 1.998913532269909421e+00
9.019607843137254777e-02 1.238782861256542578e+00
9.411764705882352811e-02 3.535324876123797200e+00
9.803921568627450844e-02 2.397803040125482621e+00
1.019607843137254888e-01 4.113635509176410743e+00
1.058823529411764691e-01 4.577565334848417322e+00
1.098039215686274495e-01 3.101508081084174417e+00
1.137254901960784298e-01 2.884146369348307815e+00
1.176470588235294101e-01 4.236622578377748027e+00
1.215686274509803905e-01 2.778081191795136462e+00
1.254901960784313708e-01 1.734645245536108327e+00
1.294117647058823373e-01 2.189957104224208972e+00
1.333333333333333315e-01 2.322787199409977799e+00
1.372549019607843257e-01 2.552771687029481651e+00
1.411764705882352922e-01 4.077165851004679986e+00
1.450980392156862586e-01 1.787035524119961138e+00
1.490196078431372528e-01 2.207860771993889415e+00
1.529411764705882470e-01 4.437239944323415841e+00
1.568627450980392135e-01 4.459923969536547794e+00
1.607843137254901800e-01 5.061281630796325537e+00
1.647058823529411742e-01 3.889324371531370339e+00
1.686274509803921684e-01 3.079973452169147308e+00
1.725490196078431349e-01 4.152061871000320536e+00
1.764705882352941013e-01 6.029917678300883210e+00
1.803921568627450955e-01 3.549677410022545221e+00
1.843137254901960898e-01 1.207030751645325584e+00
1.882352941176470562e-01 3.122571940030221427e+00
1.921568627450980227e-01 3.612163200637258154e+00
1.960784313725490169e-01 2.580277107393041724e+00
2.000000000000000111e-01 4.423744555255082034e+00
2.039215686274509776e-01 4.567956662153710212e+00
2.078431372549019440e-01 4.391935707923285470e+00
2.117647058823529382e-01 4.402567357059995246e+00
2.156862745098039325e-01 4.829568674415854801e+00
2.196078431372548989e-01 4.738530931214508968e+00
2.235294117647058654e-01 3.712004737208317806e+00
2.274509803921568596e-01 3.687788711192413693e+00
2.313725490196078538e-01 5.152023891960205049e+00
2.352941176470588203e-01 4.317191809920833734e+00
2.392156862745097867e-01 4.907981732904621808e+00
2.431372549019607809e-01 4.628406568589092274e+00
2.470588235294117752e-01 4.249243806696313186e+00
2.509803921568627416e-01 2.628457599628334584e+00
2.549019607843137081e-01 4.981934784559748586e+00
2.588235294117646745e-01 4.568468543871217591e+00
2.627450980392156965e-01 6.110369614920320380e+00
2.666666666666666630e-01 5.201809696558584051e+00
2.705882352941176294e-01 6.077497006937813140e+00
2.745098039215686514e-01 6.482724239559512824e+00
2.784313725490196179e-01 4.453318741854868534e+00
2.823529411764705843e-01 4.717339438568946441e+00
2.862745098039215508e-01 5.454014591653156607e+00
2.901960784313725172e-01 4.210885604416315431e+00
2.941176470588235392e-01 6.280770288050650407e+00
2.980392156862745057e-01 5.719801945483517613e+00
3.019607843137254721e-01 6.119488821417107260e+00
3.058823529411764941e-01 6.481186858927570071e+00
3.098039215686274606e-01 4.726822052837848176e+00
3.137254901960784270e-01 6.861598261977993829e+00
3.176470588235293935e-01 6.254546591399011035e+00
3.215686274509803599e-01 6.670220643834343655e+00
3.254901960784313819e-01 5.237351913414467042e+00
3.294117647058823484e-01 6.304951752266822140e+00
3.333333333333333148e-01 7.173803291950034300e+00
3.372549019607843368e-01 6.095618702556553359e+00
3.411764705882353033e-01 6.340880023290522693e+00
3.450980392156862697e-01 4.732132705238369041e+00
3.490196078431372362e-01 4.622011072356424499e+00
3.529411764705882026e-01 7.603523894458456667e+00
3.568627450980392246e-01 6.896273159723996571e+00
3.607843137254901911e-01 6.901246805536403350e+00
3.647058823529411575e-01 4.690703808986741663e+00
3.686274509803921795e-01 6.252556219987195796e+00
3.725490196078431460e-01 6.527825172603494153e+00
3.764705882352941124e-01 6.445399157078831820e+00
3.803921568627450789e-01 8.291509015034883134e+00
3.843137254901960453e-01 7.248905269717718980e+00
3.882352941176470673e-01 7.781847402801684410e+00
3.921568627450980338e-01 5.804105020098639045e+00
3.960784313725490002e-01 4.864294664884302399e+00
4.000000000000000222e-01 6.237770346483742401e+00
4.039215686274509887e-01 6.968280816426200452e+00
4.078431372549019551e-01 5.272173126895059347e+00
4.117647058823529216e-01 7.134698656518103199e+00
4.156862745098038880e-01 6.656220423606939995e+00
4.196078431372549100e-01 6.236175272956621107e+00
4.235294117647058765e-01 7.712607926359303256e+00
4.274509803921568429e-01 9.179452200185748367e+00
4.313725490196078649e-01 6.326357889503748666e+00
4.352941176470588314e-01 8.669787336059483707e+00
4.392156862745097978e-01 6.328344778091527623e+00
4.431372549019607643e-01 6.231945412463363532e+00
4.470588235294117307e-01 5.955474548533553403e+00
4.509803921568627527e-01 6.337396272064295566e+00
4.549019607843137192e-01 4.737999201246608116e+00
4.588235294117646856e-01 5.741088548238326261e+00
4.627450980392157076e-01 4.902805246867479205e+00
4.666666666666666741e-01 7.852748796974558410e+00
4.705882352941176405e-01 6.617818177843382443e+00
4.745098039215686070e-01 8.506437647603107166e+00
4.784313725490195734e-01 6.439564216476393099e+00
4.823529411764705954e-01 7.242352644884641144e+00
4.862745098039215619e-01 6.900417950769575981e+00
4.901960784313725283e-01 6.267701675135780803e+00
4.941176470588235503e-01 5.976426890618658838e+00
4.980392156862745168e-01 5.845950433863642104e+00
5.019607843137254832e-01 6.078811140191322515e+00
5.058823529411764497e-01 2.783297418375168419e+00
5.098039215686274161e-01 5.297026678105167363e+00
5.137254901960783826e-01 6.726532395359996919e+00
5.176470588235293491e-01 5.896967776443527320e+00
5.215686274509804266e-01 5.626849906504016730e+00
5.254901960784313930e-01 4.464749136457175638e+00
5.294117647058823595e-01 7.571112792514998802e+00
5.333333333333333259e-01 5.609325193004646160e+00
5.372549019607842924e-01 6.406009829728092519e+00
5.411764705882352589e-01 6.761929727795151557e+00
5.450980392156862253e-01 6.412776984619783960e+00
5.490196078431373028e-01 5.840371311788009834e+00
5.529411764705882693e-01 6.824281369599272118e+00
5.568627450980392357e-01 3.895281104926213267e+00
5.607843137254902022e-01 6.183065638905175909e+00
5.647058823529411686e-01 5.610402929146579787e+00
5.686274509803921351e-01 5.677618384155827869e+00
5.725490196078431016e-01 5.524258069865393139e+00
5.764705882352940680e-01 6.427236048145875458e+00
5.803921568627450345e-01 7.822093176305101814e+00
5.843137254901961120e-01 8.287890789154559457e+00
5.882352941176470784e-01 6.693021477570734845e+00
5.921568627450980449e-01 7.126352200654674007e+00
5.960784313725490113e-01 6.893522959282064377e+00
5.999999999999999778e-01 5.840824613788260677e+00
6.039215686274509443e-01 4.604994668084744447e+00
6.078431372549019107e-01 4.385078731391913287e+00
6.117647058823529882e-01 8.204425106471209261e+00
6.156862745098039547e-01 6.534678729435869471e+00
6.196078431372549211e-01 4.528002733220708009e+00
6.235294117647058876e-01 5.003839144238209968e+00
6.274509803921568540e-01 4.643028318549808020e+00
6.313725490196078205e-01 4.768361010482662365e+00
6.352941176470587870e-01 6.748475970419063330e+00
6.392156862745097534e-01 5.801280822190627795e+00
6.431372549019607199e-01 5.525412456716200182e+00
6.470588235294117974e-01 5.985896574322389085e+00
6.509803921568627638e-01 7.960124401163330532e+00
6.549019607843137303e-01 6.461953630391173320e+00
6.588235294117646967e-01 5.580224543231067535e+00
6.627450980392156632e-01 5.777860266704450076e+00
6.666666666666666297e-01 4.638514545756970087e+00
6.705882352941175961e-01 6.126888278394543086e+00
6.745098039215686736e-01 5.608331094865925515e+00
6.784313725490196401e-01 5.123457661197538648e+00
6.823529411764706065e-01 3.205813003571077680e+00
6.862745098039215730e-01 4.332720863311837256e+00
6.901960784313725394e-01 3.980785658104460722e+00
6.941176470588235059e-01 4.626246192434426696e+00
6.980392156862744724e-01 4.929608337366742532e+00
7.019607843137254388e-01 5.832175672666176425e+00
7.058823529411764053e-01 2.771081092314366057e+00
7.098039215686274828e-01 6.049736340946348712e+00
7.137254901960784492e-01 6.032397890716716837e+00
7.176470588235294157e-01 5.221531714236395061e+00
7.215686274509803821e-01 4.492906181512948294e+00
7.254901960784313486e-01 3.852046856214703219e+00
7.294117647058823151e-01 5.596250890025896929e+00
7.333333333333332815e-01 3.494990582612404140e+00
7.372549019607843590e-01 3.680325615400414030e+00
7.411764705882353255e-01 5.512429687393934685e+00
7.450980392156862919e-01 4.985714731680857881e+00
7.490196078431372584e-01 5.314220051498137032e+00
7.529411764705882248e-01 4.727863183409395376e+00
7.568627450980391913e-01 4.059381270588270141e+00
7.607843137254901578e-01 4.755870431308792945e+00
7.647058823529411242e-01 4.521130440508899895e+00
7.686274509803920907e-01 4.561857323503629935e+00
7.725490196078431682e-01 3.285092588815472059e+00
7.764705882352941346e-01 4.897353469111255464e+00
7.803921568627451011e-01 6.609939427743029228e+00
7.843137254901960675e-01 5.094693952792882286e+00
7.882352941176470340e-01 5.097879704407252355e+00
7.921568627450980005e-01 3.479168169749353723e+00
7.960784313725489669e-01 3.533521153124207892e+00
8.000000000000000444e-01 2.353653080013028642e+00
8.039215686274510109e-01 1.602837420709028571e+00
8.078431372549019773e-01 3.292180030196338425e+00
8.117647058823529438e-01 5.314895845450323009e+00
8.156862745098039102e-01 4.069801011668539914e+00
8.196078431372548767e-01 4.748343836879350022e+00
8.235294117647058432e-01 5.281476650133007489e+00
8.274509803921568096e-01 4.345842840174723776e+00
8.313725490196077761e-01 4.682636690859756534e+00
8.352941176470588536e-01 5.198238564514899629e+00
8.392156862745098200e-01 4.794250061294956566e+00
8.431372549019607865e-01 3.952926520461248039e+00
8.470588235294117530e-01 3.200146895011565906e+00
8.509803921568627194e-01 2.510737686152478609e+00
8.549019607843136859e-01 2.867660619779803355e+00
8.588235294117646523e-01 3.290480167786318244e+00
8.627450980392157298e-01 5.950338722222484833e+00
8.666666666666666963e-01 4.723025443359267328e+00
8.705882352941176627e-01 5.367944387385548133e+00
8.745098039215686292e-01 7.358190398376144081e+00
8.784313725490195957e-01 6.975805764786675134e+00
8.823529411764705621e-01 3.997368516105647807e+00
8.862745098039215286e-01 4.959715118304017345e+00
8.901960784313724950e-01 3.799790543584831148e+00
8.941176470588234615e-01 5.735890362705393208e+00
8.980392156862745390e-01 4.464924717449454405e+00
9.019607843137255054e-01 4.399849161138453368e+00
9.058823529411764719e-01 3.365625626532961157e+00
9.098039215686274384e-01 3.529501365059223517e+00
9.137254901960784048e-01 2.802332411622396435e+00
9.176470588235293713e-01 4.671103033160331819e+00
9.215686274509803377e-01 4.932820951967324952e+00
9.254901960784314152e-01 6.037426272541170036e+00
9.294117647058823817e-01 7.801274038947585865e+00
9.333333333333333481e-01 5.562511650722649748e+00
9.372549019607843146e-01 6.054825359154758502e+00
9.411764705882352811e-01 4.477045803542028857e+00
9.450980392156862475e-01 4.038514013760451604e+00
9.490196078431372140e-01 3.117430839284611288e+00
9.529411764705881804e-01 2.549062669453324048e+00
9.568627450980391469e-01 5.049205178213800771e+00
9.607843137254902244e-01 5.315416607518190339e+00
9.647058823529411908e-01 4.213504061392610467e+00
9.686274509803921573e-01 4.647469253281881763e+00
9.725490196078431238e-01 5.664209106197148458e+00
9.764705882352940902e-01 5.889208560388245139e+00
9.803921568627450567e-01 4.503723140435536898e+00
9.843137254901960231e-01 3.839960645897205982e+00
9.882352941176471006e-01 4.748115690253723820e+00
9.921568627450980671e-01 4.902815834699205233e+00
9.960784313725490335e-01 4.895663000981540058e+00
1.000000000000000000e+00 6.525957311568932440e+00
