0.000000000000000000e+00 -4.783468498394287671e-01
3.921568627450980338e-03 -2.692172143502531423e-01
7.843137254901960675e-03 4.844392483852340003e-01
1.176470588235294101e-02 -5.053472930744269398e-01
1.568627450980392135e-02 -9.556098232938640136e-01
1.960784313725490169e-02 1.294312595456889925e+00
2.352941176470588203e-02 -3.109984120038124633e+00
2.745098039215686236e-02 -4.777954034727911470e-01
3.137254901960784270e-02 -4.177113226091644371e-01
3.529411764705882304e-02 9.342497967061185182e-01
3.921568627450980338e-02 5.180049292729327348e-02
4.313725490196078372e-02 -1.161932500911902588e+00
4.705882352941176405e-02 1.259932543054172793e+00
5.098039215686274439e-02 -7.587129829733419983e-01
5.490196078431372473e-02 -6.847895458515473877e-02
5.882352941176470507e-02 6.736223102492560066e-01
6.274509803921568540e-02 6.235683350812146752e-01
6.666666666666666574e-02 -1.332921289312428925e+00
7.058823529411764608e-02 2.127757061973691854e+00
7.450980392156862642e-02 1.995337631617963403e+00
7.843137254901960675e-02 2.380059106108110001e-01
8.235294117647058709e-02 -2.740529838890020109e-01
8.627450980392156743e-02 9.986693726723918640e-01
9.019607843137254777e-02 -1.432364231615891104e+00
9.411764705882352811e-02 -1.602303582956780659e+00
9.803921568627450844e-02 -4.140742857393990839e-01
1.019607843137254888e-01 -6.770917941650105298e-01
1.058823529411764691e-01 1.004487084599322566e-01
1.098039215686274495e-01 1.303814355926046220e-01
1.137254901960784298e-01 -3.977648945545682047e-01
1.176470588235294101e-01 1.428876102498109812e+00
1.215686274509803905e-01 1.132681338870890730e+00
1.254901960784313708e-01 1.616888629000148070e+00
1.294117647058823373e-01 3.210575896005838370e-01
1.333333333333333315e-01 2.425265771694694372e+00
1.372549019607843257e-01 1.692471769038844220e+00
1.411764705882352922e-01 9.444921669714978485e-01
1.450980392156862586e-01 1.263015745318447403e+00
1.490196078431372528e-01 2.720044167828277182e-01
1.529411764705882470e-01 -3.359356743087358321e-01
1.568627450980392135e-01 8.739827298635500785e-01
1.607843137254901800e-01 -1.139898820499170684e+00
1.647058823529411742e-01 -8.857517117150215391e-02
1.686274509803921684e-01 -2.631097314586607894e+00
1.725490196078431349e-01 -9.071033921510132103e-01
1.764705882352941013e-01 -1.742014986994087522e+00
1.803921568627450955e-01 -2.892473217968384525e+00
1.843137254901960898e-01 -1.270525740271386983e+00
1.882352941176470562e-01 -6.501369787597865990e-01
1.921568627450980227e-01 -1.751798639368051136e+00
1.960784313725490169e-01 -1.307700653745742736e+00
2.000000000000000111e-01 2.729565155178876878e-01
2.039215686274509776e-01 -5.404292195949915723e-01
2.078431372549019440e-01 5.635394547429788403e-01
2.117647058823529382e-01 1.396867323761022961e+00
2.156862745098039325e-01 1.523210049060752524e-02
2.196078431372548989e-01 1.418803126513605184e+00
2.235294117647058654e-01 1.603270288969522062e+00
2.274509803921568596e-01 1.111248415787673860e+00
2.313725490196078538e-01 2.886375605694884161e+00
2.352941176470588203e-01 5.957453972796200592e-01
2.392156862745097867e-01 3.226212895942399239e+00
2.431372549019607809e-01 1.837631222150716059e+00
2.470588235294117752e-01 1.557025375464400785e+00
2.509803921568627416e-01 7.166359406645335106e-01
2.549019607843137081e-01 5.446118369485501987e-01
2.588235294117646745e-01 9.158458763091309462e-01
2.627450980392156965e-01 2.687906259465660863e+00
2.666666666666666630e-01 -8.932511614818117174e-02
2.705882352941176294e-01 5.604342299429529994e-01
2.745098039215686514e-01 -1.443790651856049934e+00
2.784313725490196179e-01 1.036429810430929743e+00
2.823529411764705843e-01 -8.831382547249715387e-01
2.862745098039215508e-01 -9.168901932179076564e-01
2.901960784313725172e-01 -1.095761767827779787e+00
2.941176470588235392e-01 -2.408869061745528839e-01
2.980392156862745057e-01 4.354791519452185788e-01
3.019607843137254721e-01 5.755681333699724789e-01
3.058823529411764941e-01 9.542142450224502248e-01
3.098039215686274606e-01 1.392848965551533258e+00
3.137254901960784270e-01 1.607015096019689837e+00
3.176470588235293935e-01 1.238339719523677829e+00
3.215686274509803599e-01 2.217947983677347690e+00
3.254901960784313819e-01 2.402230436790040002e+00
3.294117647058823484e-01 2.847624770377604531e+00
3.333333333333333148e-01 4.043243061181106768e+00
3.372549019607843368e-01 4.701208708482381482e+00
3.411764705882353033e-01 3.412672660206204078e+00
3.450980392156862697e-01 3.299850715844639737e+00
3.490196078431372362e-01 4.639697543832514981e+00
3.529411764705882026e-01 2.584129679061821783e+00
3.568627450980392246e-01 3.147476533653953634e+00
3.607843137254901911e-01 3.441024933506457106e+00
3.647058823529411575e-01 1.751184237654227482e+00
3.686274509803921795e-01 2.764932807230494838e+00
3.725490196078431460e-01 2.514656858633321779e+00
3.764705882352941124e-01 2.055036549941335444e+00
3.803921568627450789e-01 1.544002297170872673e+00
3.843137254901960453e-01 2.474488847414980430e+00
3.882352941176470673e-01 2.728040083968141793e-01
3.921568627450980338e-01 6.156048733363048697e-01
3.960784313725490002e-01 1.958613155099036440e+00
4.000000000000000222e-01 1.390172844986232503e+00
4.039215686274509887e-01 6.726106235532960387e-01
4.078431372549019551e-01 1.340097991520928566e+00
4.117647058823529216e-01 2.427248080780286532e+00
4.156862745098038880e-01 2.786946300594107750e+00
4.196078431372549100e-01 1.966129685100422630e+00
4.235294117647058765e-01 3.037674958506828560e+00
4.274509803921568429e-01 4.479449849612562318e+00
4.313725490196078649e-01 3.461108002676452688e+00
4.352941176470588314e-01 3.445767252545972159e+00
4.392156862745097978e-01 4.948152873226721482e+00
4.431372549019607643e-01 3.553891332202363085e+00
4.470588235294117307e-01 2.994852915264774929e+00
4.509803921568627527e-01 8.413231784503558686e-01
4.549019607843137192e-01 3.461395746947615759e+00
4.588235294117646856e-01 1.773485952181227177e+00
4.627450980392157076e-01 9.274857266357168228e-01
4.666666666666666741e-01 2.821055540691820518e+00
4.705882352941176405e-01 2.728995665134223980e+00
4.745098039215686070e-01 1.310277760242268608e+00
4.784313725490195734e-01 6.884232527562170745e-01
4.823529411764705954e-01 6.660639071984888471e-01
4.862745098039215619e-01 5.726155524459426438e-01
4.901960784313725283e-01 -9.464590877010023995e-01
4.941176470588235503e-01 1.746765324089608828e+00
4.980392156862745168e-01 1.210098615008772249e-01
5.019607843137254832e-01 1.726289761339137030e-01
5.058823529411764497e-01 -1.445777454425863251e+00
5.098039215686274161e-01 -5.918012206211269444e-01
5.137254901960783826e-01 -1.202857197379343379e+00
5.176470588235293491e-01 -1.177923209155619322e+00
5.215686274509804266e-01 -3.100835333433287211e-01
5.254901960784313930e-01 7.923571330039982374e-01
5.294117647058823595e-01 1.754403069822519701e+00
5.333333333333333259e-01 2.327887519117728843e+00
5.372549019607842924e-01 1.616774334134071012e+00
5.411764705882352589e-01 2.802520995564063089e+00
5.450980392156862253e-01 2.999316844058025122e+00
5.490196078431373028e-01 2.355429800997200118e+00
5.529411764705882693e-01 3.368145018022861148e+00
5.568627450980392357e-01 2.770536806969995158e+00
5.607843137254902022e-01 2.467122713660582001e+00
5.647058823529411686e-01 3.838773856971677834e+00
5.686274509803921351e-01 1.278329823222767336e+00
5.725490196078431016e-01 6.252048841512718447e-01
5.764705882352940680e-01 2.547368934197740131e+00
5.803921568627450345e-01 1.377721636533944638e+00
5.843137254901961120e-01 1.783176286180411019e+00
5.882352941176470784e-01 1.954030742919874442e-01
5.921568627450980449e-01 3.584230533999259727e-01
5.960784313725490113e-01 -1.486920845104593880e+00
5.999999999999999778e-01 -2.266635517611570450e-02
6.039215686274509443e-01 5.502106997514064624e-01
6.078431372549019107e-01 1.321135227791210509e+00
6.117647058823529882e-01 1.347516273672049625e+00
6.156862745098039547e-01 1.430850648757822974e+00
6.196078431372549211e-01 3.415462340796064922e-01
6.235294117647058876e-01 3.971434511861173355e+00
6.274509803921568540e-01 2.650423262734112217e+00
6.313725490196078205e-01 3.647852826338514376e+00
6.352941176470587870e-01 3.394912106556050801e+00
6.392156862745097534e-01 3.364812353225627550e+00
6.431372549019607199e-01 1.635356094094821744e+00
6.470588235294117974e-01 3.819555595489829258e+00
6.509803921568627638e-01 2.160486357889533249e+00
6.549019607843137303e-01 1.250089051383886263e+00
6.588235294117646967e-01 3.796282093432390425e+00
6.627450980392156632e-01 4.504391011040812742e+00
6.666666666666666297e-01 2.618911532923444252e+00
6.705882352941175961e-01 3.721349420784597406e+00
6.745098039215686736e-01 2.456789557581861239e+00
6.784313725490196401e-01 2.675720449937402989e+00
6.823529411764706065e-01 1.560403389311652900e+00
6.862745098039215730e-01 2.762575514694334267e+00
6.901960784313725394e-01 2.122700070427478991e+00
6.941176470588235059e-01 3.565094845426318937e+00
6.980392156862744724e-01 9.201756342247620069e-01
7.019607843137254388e-01 2.451026285232310808e+00
7.058823529411764053e-01 1.917203076080431501e-01
7.098039215686274828e-01 5.757650767682869208e-01
7.137254901960784492e-01 4.369979908363097465e-01
7.176470588235294157e-01 1.430741858309897419e+00
7.215686274509803821e-01 1.001322732517442970e+00
7.254901960784313486e-01 1.320164576809499613e+00
7.294117647058823151e-01 1.689994443898886534e+00
7.333333333333332815e-01 3.178053494715209926e+00
7.372549019607843590e-01 2.863452646983363437e+00
7.411764705882353255e-01 2.544897140707728767e+00
7.450980392156862919e-01 2.468286698983820138e+00
7.490196078431372584e-01 2.705930801273602970e+00
7.529411764705882248e-01 4.330889550351067818e+00
7.568627450980391913e-01 1.409002323880903518e+00
7.607843137254901578e-01 2.161788431271853383e+00
7.647058823529411242e-01 3.512299568957242268e+00
7.686274509803920907e-01 5.337338582070726645e+00
7.725490196078431682e-01 4.796596883777858977e+00
7.764705882352941346e-01 4.262700708511323100e+00
7.803921568627451011e-01 3.306595386785253332e+00
7.843137254901960675e-01 1.898834920009322191e+00
7.882352941176470340e-01 5.319465303371901932e+00
7.921568627450980005e-01 2.164485035962894433e+00
7.960784313725489669e-01 2.040029598616621698e+00
8.000000000000000444e-01 1.625445211794051215e+00
8.039215686274510109e-01 4.090449172197871519e+00
8.078431372549019773e-01 1.403468850558141190e+00
8.117647058823529438e-01 1.634361547563194517e+00
8.156862745098039102e-01 3.422517846127466790e+00
8.196078431372548767e-01 1.938144842321455563e+00
8.235294117647058432e-01 1.626319181950577786e+00
8.274509803921568096e-01 1.474503793566196430e+00
8.313725490196077761e-01 2.489492714385600713e+00
8.352941176470588536e-01 2.341968010875617789e+00
8.392156862745098200e-01 2.705005096479482951e+00
8.431372549019607865e-01 1.581516193188878372e+00
8.470588235294117530e-01 5.206939063376760046e+00
8.509803921568627194e-01 3.943181407325229593e+00
8.549019607843136859e-01 1.833868280871556511e+00
8.588235294117646523e-01 3.434560520215319102e+00
8.627450980392157298e-01 4.740140819434552455e+00
8.666666666666666963e-01 3.267164689954135337e+00
8.705882352941176627e-01 4.741221925399740300e+00
8.745098039215686292e-01 5.098615098909942134e+00
8.784313725490195957e-01 3.304711471975226633e+00
8.823529411764705621e-01 3.823041436464130527e+00
8.862745098039215286e-01 4.559260936760338723e+00
8.901960784313724950e-01 4.546240844196609565e+00
8.941176470588234615e-01 4.563111331630811840e+00
8.980392156862745390e-01 3.641990602548546452e+00
9.019607843137255054e-01 2.650160732422805143e+00
9.058823529411764719e-01 1.532950932482772810e+00
9.098039215686274384e-01 2.700431039626038920e+00
9.137254901960784048e-01 2.256873195537594246e+00
9.176470588235293713e-01 1.597582308363345138e+00
9.215686274509803377e-01 2.034748568197068064e+00
9.254901960784314152e-01 1.543979752740549660e+00
9.294117647058823817e-01 2.792451467655705066e+00
9.333333333333333481e-01 2.583942120038561718e+00
9.372549019607843146e-01 2.135635226260340414e+00
9.411764705882352811e-01 1.197940713281016034e+00
9.450980392156862475e-01 3.702199636722375509e+00
9.490196078431372140e-01 2.506089170211826644e+00
9.529411764705881804e-01 3.569210823972459590e+00
9.568627450980391469e-01 2.299014893583056107e+00
9.607843137254902244e-01 2.643567429716313644e+00
9.647058823529411908e-01 5.901785064051072283e+00
9.686274509803921573e-01 2.614383240075569326e+00
9.725490196078431238e-01 2.794623159161970349e+00
9.764705882352940902e-01 4.460552185395569857e+00
9.803921568627450567e-01 4.181780246637716303e+00
9.843137254901960231e-01 1.858905053788763695e+00
9.882352941176471006e-01 3.691231901318605235e+00
9.921568627450980671e-01 4.293139368315349813e+00
9.960784313725490335e-01 1.943302382807793993e+00
1.000000000000000000e+00 2.857735272080923039e+00
