0.000000000000000000e+00 7.020339762351264667e+00
3.921568627450980338e-03 8.633889933891953916e+00
7.843137254901960675e-03 4.959081101246429313e+00
1.176470588235294101e-02 3.218637148467268894e+00
1.568627450980392135e-02 2.752224089019286168e+00
1.960784313725490169e-02 2.052555453449454337e+00
2.352941176470588203e-02 3.246439745260482290e+00
2.745098039215686236e-02 4.275601259733085691e+00
3.137254901960784270e-02 6.213721952094841683e+00
3.529411764705882304e-02 5.955255383571280703e+00
3.921568627450980338e-02 5.707914655048350383e+00
4.313725490196078372e-02 6.571086033542297145e+00
4.705882352941176405e-02 5.743309602362916877e+00
5.098039215686274439e-02 7.386811677122052444e+00
5.490196078431372473e-02 7.559747854027798475e+00
5.882352941176470507e-02 5.961737652008326727e+00
6.274509803921568540e-02 4.146910404033008035e+00
6.666666666666666574e-02 4.765840700988990264e+00
7.058823529411764608e-02 2.272627756087737705e+00
7.450980392156862642e-02 3.817207774925076347e+00
7.843137254901960675e-02 3.799917682656098084e+00
8.235294117647058709e-02 3.134802775634016658e+00
8.627450980392156743e-02 3.324503756700839752e+00
9.019607843137254777e-02 4.181334230665418872e+00
9.411764705882352811e-02 4.793614058215938556e+00
9.803921568627450844e-02 3.931113690936091309e+00
1.019607843137254888e-01 5.761336204795039606e+00
1.058823529411764691e-01 1.925147642475327769e+00
1.098039215686274495e-01 4.705615755618715923e+00
1.137254901960784298e-01 3.896428060639787194e+00
1.176470588235294101e-01 5.741787894134946058e+00
1.215686274509803905e-01 3.177873015461590178e+00
1.254901960784313708e-01 4.551269731881704139e-01
1.294117647058823373e-01 2.205536273996272278e+00
1.333333333333333315e-01 2.219073810808237734e+00
1.372549019607843257e-01 1.203544107888065984e+00
1.411764705882352922e-01 1.944249316906591307e+00
1.450980392156862586e-01 3.215093176218946081e+00
1.490196078431372528e-01 3.458673970239912965e+00
1.529411764705882470e-01 4.481135295126709828e+00
1.568627450980392135e-01 2.775272609460841089e+00
1.607843137254901800e-01 3.999363776518714886e+00
1.647058823529411742e-01 3.361108415103150282e+00
1.686274509803921684e-01 2.793044329611912513e+00
1.725490196078431349e-01 3.530106220787122329e+00
1.764705882352941013e-01 1.160170439579082391e+00
1.803921568627450955e-01 2.299042009753004656e+00
1.843137254901960898e-01 2.574269136574069083e+00
1.882352941176470562e-01 7.549862704653436118e-01
1.921568627450980227e-01 2.132713214073649333e+00
1.960784313725490169e-01 4.008545572938698953e+00
2.000000000000000111e-01 5.450272938779824550e+00
2.039215686274509776e-01 3.610262781621720318e+00
2.078431372549019440e-01 5.641538107060009466e+00
2.117647058823529382e-01 5.848945632164570085e+00
2.156862745098039325e-01 3.828506692108582854e+00
2.196078431372548989e-01 3.622954897206730251e+00
2.235294117647058654e-01 4.300375028458078397e+00
2.274509803921568596e-01 2.909811787383456583e+00
2.313725490196078538e-01 4.100427989965094611e+00
2.352941176470588203e-01 4.293060081002450623e+00
2.392156862745097867e-01 2.482565287274907107e+00
2.431372549019607809e-01 3.210991455727125299e+00
2.470588235294117752e-01 2.549744589432910047e+00
2.509803921568627416e-01 5.996844634775158056e+00
2.549019607843137081e-01 4.238072598503653587e+00
2.588235294117646745e-01 3.996548578243858341e+00
2.627450980392156965e-01 6.167514512499993273e+00
2.666666666666666630e-01 6.098351932869480407e+00
2.705882352941176294e-01 5.112461206255450641e+00
2.745098039215686514e-01 6.621723445449033463e+00
2.784313725490196179e-01 6.305374087599993516e+00
2.823529411764705843e-01 6.455526561661821816e+00
2.862745098039215508e-01 5.222341863673679363e+00
2.901960784313725172e-01 6.181180134263527748e+00
2.941176470588235392e-01 5.127012600141464205e+00
2.980392156862745057e-01 3.567143140630061104e+00
3.019607843137254721e-01 5.725931810848127412e+00
3.058823529411764941e-01 3.681695531877148486e+00
3.098039215686274606e-01 4.973694401874941384e+00
3.137254901960784270e-01 5.140485512419767034e+00
3.176470588235293935e-01 7.421221459920001706e+00
3.215686274509803599e-01 6.109040583798275748e+00
3.254901960784313819e-01 5.872933177605365707e+00
3.294117647058823484e-01 7.255411881355813719e+00
3.333333333333333148e-01 6.744295890862483489e+00
3.372549019607843368e-01 8.232871551704793234e+00
3.411764705882353033e-01 5.859205636045198951e+00
3.450980392156862697e-01 6.236148579533089986e+00
3.490196078431372362e-01 5.712187324987054282e+00
3.529411764705882026e-01 7.539565002188578724e+00
3.568627450980392246e-01 6.201989843960268090e+00
3.607843137254901911e-01 7.067233148820130317e+00
3.647058823529411575e-01 5.502737942600687049e+00
3.686274509803921795e-01 6.772509893455524121e+00
3.725490196078431460e-01 5.235246478724681296e+00
3.764705882352941124e-01 7.029421057889391200e+00
3.803921568627450789e-01 5.179755102060936700e+00
3.843137254901960453e-01 7.488382119336103315e+00
3.882352941176470673e-01 7.478625572298279955e+00
3.921568627450980338e-01 6.499795211601005818e+00
3.960784313725490002e-01 7.742342159454981498e+00
4.000000000000000222e-01 6.133660204035474628e+00
4.039215686274509887e-01 7.237690241462312102e+00
4.078431372549019551e-01 5.346251001929380742e+00
4.117647058823529216e-01 6.883458591837702478e+00
4.156862745098038880e-01 6.800308005163579139e+00
4.196078431372549100e-01 6.182269320885340314e+00
4.235294117647058765e-01 4.900637946746675411e+00
4.274509803921568429e-01 5.593252730702398701e+00
4.313725490196078649e-01 8.099533062609365786e+00
4.352941176470588314e-01 4.698432402499086002e+00
4.392156862745097978e-01 5.704540676296289803e+00
4.431372549019607643e-01 8.597560251563239220e+00
4.470588235294117307e-01 6.323374675216870244e+00
4.509803921568627527e-01 6.558167686277443842e+00
4.549019607843137192e-01 7.400699809394892803e+00
4.588235294117646856e-01 5.964465689729391507e+00
4.627450980392157076e-01 7.378533159793717822e+00
4.666666666666666741e-01 6.819781539427368422e+00
4.705882352941176405e-01 5.669021584114993573e+00
4.745098039215686070e-01 6.547688689764704861e+00
4.784313725490195734e-01 5.605045230471624507e+00
4.823529411764705954e-01 6.359597840381263190e+00
4.862745098039215619e-01 6.624249182738368269e+00
4.901960784313725283e-01 7.716250628406599255e+00
4.941176470588235503e-01 7.052885647549988590e+00
4.980392156862745168e-01 9.702347557056480554e+00
5.019607843137254832e-01 9.204143320335083089e+00
5.058823529411764497e-01 7.818439064195236377e+00
5.098039215686274161e-01 8.648675617864943987e+00
5.137254901960783826e-01 6.272440780742748245e+00
5.176470588235293491e-01 6.860507532785997675e+00
5.215686274509804266e-01 8.406375722362284364e+00
5.254901960784313930e-01 6.961642985934820338e+00
5.294117647058823595e-01 6.713768686709587818e+00
5.333333333333333259e-01 8.115584525587360432e+00
5.372549019607842924e-01 7.327613953738174146e+00
5.411764705882352589e-01 6.430596212748014295e+00
5.450980392156862253e-01 7.800919265896075316e+00
5.490196078431373028e-01 8.868337208768064528e+00
5.529411764705882693e-01 7.802587929102600128e+00
5.568627450980392357e-01 8.158964709731892029e+00
5.607843137254902022e-01 9.581575468514301974e+00
5.647058823529411686e-01 9.271935123326617401e+00
5.686274509803921351e-01 7.171994443866467783e+00
5.725490196078431016e-01 5.987912570915398192e+00
5.764705882352940680e-01 5.505004840049595671e+00
5.803921568627450345e-01 6.229987429575617242e+00
5.843137254901961120e-01 7.366162585372856952e+00
5.882352941176470784e-01 6.696644215621003760e+00
5.921568627450980449e-01 6.328448101942532489e+00
5.960784313725490113e-01 8.508306596402068323e+00
5.999999999999999778e-01 8.099089583652030910e+00
6.039215686274509443e-01 8.222613687901509039e+00
6.078431372549019107e-01 8.823113455055858978e+00
6.117647058823529882e-01 8.279689912331944512e+00
6.156862745098039547e-01 9.658514535117882716e+00
6.196078431372549211e-01 8.487756896783579919e+00
6.235294117647058876e-01 5.791820381074717972e+00
6.274509803921568540e-01 8.113839415040009939e+00
6.313725490196078205e-01 6.383108890507161348e+00
6.352941176470587870e-01 9.940626514541932579e+00
6.392156862745097534e-01 6.940957471319819660e+00
6.431372549019607199e-01 7.139370675314645531e+00
6.470588235294117974e-01 7.074164218781215041e+00
6.509803921568627638e-01 8.424030524113677032e+00
6.549019607843137303e-01 9.277265597543026487e+00
6.588235294117646967e-01 8.124684167571041726e+00
6.627450980392156632e-01 1.014172219654391327e+01
6.666666666666666297e-01 9.163100910630200602e+00
6.705882352941175961e-01 6.521988034192415462e+00
6.745098039215686736e-01 7.046215156098757149e+00
6.784313725490196401e-01 8.191193784224450880e+00
6.823529411764706065e-01 6.790185324306738934e+00
6.862745098039215730e-01 7.220570198686565355e+00
6.901960784313725394e-01 6.299227953279803671e+00
6.941176470588235059e-01 6.140310009854132112e+00
6.980392156862744724e-01 9.712583411661167787e+00
7.019607843137254388e-01 9.487393671398951511e+00
7.058823529411764053e-01 9.162163766148976762e+00
7.098039215686274828e-01 8.413300349299953851e+00
7.137254901960784492e-01 8.866635177485822084e+00
7.176470588235294157e-01 1.029854176696606771e+01
7.215686274509803821e-01 8.671796180404655274e+00
7.254901960784313486e-01 1.006381479251505695e+01
7.294117647058823151e-01 8.458613117518078539e+00
7.333333333333332815e-01 7.948014866468736450e+00
7.372549019607843590e-01 1.009816045964137032e+01
7.411764705882353255e-01 6.215240800107104668e+00
7.450980392156862919e-01 7.040666704846587187e+00
7.490196078431372584e-01 8.215566234061657980e+00
7.529411764705882248e-01 8.453050653735742159e+00
7.568627450980391913e-01 7.799600752238061929e+00
7.607843137254901578e-01 7.993999206797475665e+00
7.647058823529411242e-01 8.694572900230193468e+00
7.686274509803920907e-01 7.948089912205486662e+00
7.725490196078431682e-01 1.008549503604601405e+01
7.764705882352941346e-01 8.669515391979437879e+00
7.803921568627451011e-01 9.771670389641805343e+00
7.843137254901960675e-01 9.528754078028050856e+00
7.882352941176470340e-01 8.137592787906445579e+00
7.921568627450980005e-01 9.838611041392036682e+00
7.960784313725489669e-01 9.371805777136977156e+00
8.000000000000000444e-01 8.095059917440691422e+00
8.039215686274510109e-01 7.025751268185485898e+00
8.078431372549019773e-01 6.642193912809886136e+00
8.117647058823529438e-01 8.186211077321754459e+00
8.156862745098039102e-01 6.996805743100884101e+00
8.196078431372548767e-01 6.854637186395188486e+00
8.235294117647058432e-01 8.404448760114329176e+00
8.274509803921568096e-01 6.643567775681532339e+00
8.313725490196077761e-01 9.772580115978485082e+00
8.352941176470588536e-01 8.023895019637812709e+00
8.392156862745098200e-01 7.948435033705506747e+00
8.431372549019607865e-01 8.549853832434717305e+00
8.470588235294117530e-01 9.363933115548379149e+00
8.509803921568627194e-01 7.010183963141691343e+00
8.549019607843136859e-01 9.686757749123646732e+00
8.588235294117646523e-01 7.243258163223915247e+00
8.627450980392157298e-01 9.054966385701824549e+00
8.666666666666666963e-01 9.669377801449243748e+00
8.705882352941176627e-01 9.488322186505724787e+00
8.745098039215686292e-01 1.013850901441338515e+01
8.784313725490195957e-01 9.372639170095109051e+00
8.823529411764705621e-01 9.344986662923238541e+00
8.862745098039215286e-01 1.010894707679534044e+01
8.901960784313724950e-01 9.385738025701044762e+00
8.941176470588234615e-01 8.594152491694744711e+00
8.980392156862745390e-01 1.051660456085364714e+01
9.019607843137255054e-01 9.121387991704231979e+00
9.058823529411764719e-01 8.696013189828033063e+00
9.098039215686274384e-01 1.066841525428830550e+01
9.137254901960784048e-01 1.055517901303649708e+01
9.176470588235293713e-01 8.994847183503690502e+00
9.215686274509803377e-01 9.335973497014428801e+00
9.254901960784314152e-01 7.749471709886783799e+00
9.294117647058823817e-01 8.951003149758449240e+00
9.333333333333333481e-01 7.425474206550440215e+00
9.372549019607843146e-01 8.585217414868914432e+00
9.411764705882352811e-01 8.689179062777624196e+00
9.450980392156862475e-01 6.848057138988225212e+00
9.490196078431372140e-01 8.806327786678131986e+00
9.529411764705881804e-01 8.640116046445561082e+00
9.568627450980391469e-01 7.631829092083896704e+00
9.607843137254902244e-01 6.262549714250033261e+00
9.647058823529411908e-01 6.635991893530734487e+00
9.686274509803921573e-01 7.654705393547206249e+00
9.725490196078431238e-01 9.162302168625059196e+00
9.764705882352940902e-01 8.945667884141395021e+00
9.803921568627450567e-01 8.535929495956635193e+00
9.843137254901960231e-01 8.616764139956877955e+00
9.882352941176471006e-01 8.012615351877308001e+00
9.921568627450980671e-01 8.773767046598312191e+00
9.960784313725490335e-01 8.533135281069176514e+00
1.000000000000000000e+00 8.110902975367118017e+00
