0.000000000000000000e+00 6.737438260000647716e-01
3.921568627450980338e-03 1.350579832870902663e+00
7.843137254901960675e-03 -8.519696549487993931e-01
1.176470588235294101e-02 1.145127099419198435e+00
1.568627450980392135e-02 1.265423215379919641e+00
1.960784313725490169e-02 2.599993268004945346e-01
2.352941176470588203e-02 1.767903837116282517e+00
2.745098039215686236e-02 1.736539185309737832e+00
3.137254901960784270e-02 5.727576762869113214e-01
3.529411764705882304e-02 1.011561212139715948e+00
3.921568627450980338e-02 1.883824408607919221e+00
4.313725490196078372e-02 3.319670219758335428e+00
4.705882352941176405e-02 2.761884817301648809e+00
5.098039215686274439e-02 2.330896162872831745e+00
5.490196078431372473e-02 2.245480300262031825e+00
5.882352941176470507e-02 7.338868911229723402e-01
6.274509803921568540e-02 -5.653259631446532207e-01
6.666666666666666574e-02 1.764573441901970741e+00
7.058823529411764608e-02 3.064960552354081713e+00
7.450980392156862642e-02 3.023221316133140046e+00
7.843137254901960675e-02 3.347579165729235307e+00
8.235294117647058709e-02 3.153785777508071320e+00
8.627450980392156743e-02 1.645820638394659197e+00
9.019607843137254777e-02 3.428096971502151646e+00
9.411764705882352811e-02 3.590123818811161271e+00
9.803921568627450844e-02 6.092575706960440485e+00
1.019607843137254888e-01 1.958423923142941003e+00
1.058823529411764691e-01 4.339993926272510905e+00
1.098039215686274495e-01 3.869169251702841983e+00
1.137254901960784298e-01 2.285928124555102414e+00
1.176470588235294101e-01 5.309944352023182823e+00
1.215686274509803905e-01 2.299636055755122310e+00
1.254901960784313708e-01 1.584428874062654202e+00
1.294117647058823373e-01 3.280178998584935002e+00
1.333333333333333315e-01 2.726098330710459372e+00
1.372549019607843257e-01 3.080601594625573814e+00
1.411764705882352922e-01 2.628440266799644931e+00
1.450980392156862586e-01 4.180119259559331724e+00
1.490196078431372528e-01 2.770876495648535887e+00
1.529411764705882470e-01 4.316076142788586978e+00
1.568627450980392135e-01 2.410423201562549966e+00
1.607843137254901800e-01 5.104334212796830528e+00
1.647058823529411742e-01 3.812032216880923308e+00
1.686274509803921684e-01 2.227498561034801927e+00
1.725490196078431349e-01 1.001517857680368495e+00
1.764705882352941013e-01 2.362045659093151784e+00
1.803921568627450955e-01 1.223450463598710680e+00
1.843137254901960898e-01 3.041677923013705875e+00
1.882352941176470562e-01 3.330576634916981860e+00
1.921568627450980227e-01 3.252125891659865431e+00
1.960784313725490169e-01 1.316957962766346357e+00
2.000000000000000111e-01 3.707303688882563009e+00
2.039215686274509776e-01 2.139136883309956882e+00
2.078431372549019440e-01 2.704189280140592899e+00
2.117647058823529382e-01 1.810104413037467719e+00
2.156862745098039325e-01 2.604615654905953814e+00
2.196078431372548989e-01 2.412202329558807978e+00
2.235294117647058654e-01 2.625071629464691192e+00
2.274509803921568596e-01 3.111307014390798820e+00
2.313725490196078538e-01 2.871574282589405946e+00
2.352941176470588203e-01 2.454871676392929913e+00
2.392156862745097867e-01 4.058392266857086206e+00
2.431372549019607809e-01 4.301356455446938121e+00
2.470588235294117752e-01 3.797847356396353735e+00
2.509803921568627416e-01 3.757650731520840282e+00
2.549019607843137081e-01 2.585545596583694206e+00
2.588235294117646745e-01 4.108309128507703356e+00
2.627450980392156965e-01 1.362339961535966371e+00
2.666666666666666630e-01 4.512436213690641296e+00
2.705882352941176294e-01 6.092920653221549188e+00
2.745098039215686514e-01 2.361603847580077353e+00
2.784313725490196179e-01 3.796504224961184892e+00
2.823529411764705843e-01 4.015353905685960179e+00
2.862745098039215508e-01 5.115284522311041471e+00
2.901960784313725172e-01 1.900355449760446458e+00
2.941176470588235392e-01 1.809464865605920902e+00
2.980392156862745057e-01 3.655981754276905082e+00
3.019607843137254721e-01 4.313881520544700976e+00
3.058823529411764941e-01 5.419393877616316857e+00
3.098039215686274606e-01 3.919490625436503173e+00
3.137254901960784270e-01 2.418371298110698397e+00
3.176470588235293935e-01 4.461439621444127646e+00
3.215686274509803599e-01 3.360811199466384736e+00
3.254901960784313819e-01 3.573667203383701363e+00
3.294117647058823484e-01 4.008896276755227639e+00
3.333333333333333148e-01 2.796308982061216142e+00
3.372549019607843368e-01 6.851300506019738279e+00
3.411764705882353033e-01 3.413014662883120387e+00
3.450980392156862697e-01 4.382672105101031335e+00
3.490196078431372362e-01 1.868109201250424789e+00
3.529411764705882026e-01 1.955283533637811377e+00
3.568627450980392246e-01 2.968383818432128063e+00
3.607843137254901911e-01 5.286641663083422316e-01
3.647058823529411575e-01 3.329516377485575607e+00
3.686274509803921795e-01 3.606725339213291193e+00
3.725490196078431460e-01 4.795214462498814889e+00
3.764705882352941124e-01 4.358888025804120048e+00
3.803921568627450789e-01 3.515800974817175018e+00
3.843137254901960453e-01 2.813700553542235028e+00
3.882352941176470673e-01 1.920418777756095263e+00
3.921568627450980338e-01 2.148701677567574464e+00
3.960784313725490002e-01 2.246077801410242714e+00
4.000000000000000222e-01 2.927044998396156839e+00
4.039215686274509887e-01 3.216712928546833439e+00
4.078431372549019551e-01 4.845900119535707873e+00
4.117647058823529216e-01 2.255268121931533365e+00
4.156862745098038880e-01 3.629119407132495478e+00
4.196078431372549100e-01 4.063870425947248677e+00
4.235294117647058765e-01 2.170366151874129734e+00
4.274509803921568429e-01 2.202515763031221763e+00
4.313725490196078649e-01 1.505860421091022028e+00
4.352941176470588314e-01 3.009922687384449347e+00
4.392156862745097978e-01 3.804803304200168768e+00
4.431372549019607643e-01 4.039284301300457791e+00
4.470588235294117307e-01 3.686189966616841396e+00
4.509803921568627527e-01 1.988354039515785932e+00
4.549019607843137192e-01 3.772446727460551319e+00
4.588235294117646856e-01 -1.938242480154728220e-01
4.627450980392157076e-01 8.957484919390417133e-01
4.666666666666666741e-01 2.189504389608907253e+00
4.705882352941176405e-01 3.012371923792187101e+00
4.745098039215686070e-01 3.045503638356822584e+00
4.784313725490195734e-01 1.737434805196681920e+00
4.823529411764705954e-01 3.821641860062770846e+00
4.862745098039215619e-01 3.596197491753178710e+00
4.901960784313725283e-01 1.677918105514869307e+00
4.941176470588235503e-01 1.872421934649272313e+00
4.980392156862745168e-01 3.786374621733017420e+00
5.019607843137254832e-01 3.175247007523929632e+00
5.058823529411764497e-01 4.436145707415447781e+00
5.098039215686274161e-01 1.790469003619807209e+00
5.137254901960783826e-01 3.350719394514751315e+00
5.176470588235293491e-01 3.489644937912434131e+00
5.215686274509804266e-01 3.816201176816169216e+00
5.254901960784313930e-01 4.463920968325536975e+00
5.294117647058823595e-01 4.423279301410492081e+00
5.333333333333333259e-01 7.462891200364063060e+00
5.372549019607842924e-01 4.483613668257139473e+00
5.411764705882352589e-01 3.837256034520728054e+00
5.450980392156862253e-01 2.452288426853776127e+00
5.490196078431373028e-01 2.161702840402138559e+00
5.529411764705882693e-01 2.542402741804677735e+00
5.568627450980392357e-01 2.199618659051604030e+00
5.607843137254902022e-01 3.683967491469597899e+00
5.647058823529411686e-01 3.345773882106827024e+00
5.686274509803921351e-01 1.941019364665707236e+00
5.725490196078431016e-01 4.027005879945695810e+00
5.764705882352940680e-01 4.672232562620202145e+00
5.803921568627450345e-01 3.618641026283046624e+00
5.843137254901961120e-01 2.077657626666194801e+00
5.882352941176470784e-01 8.834261401148446602e-01
5.921568627450980449e-01 4.026202861168518332e+00
5.960784313725490113e-01 2.979864750912563753e+00
5.999999999999999778e-01 3.304370652501326333e+00
6.039215686274509443e-01 5.046330848063858454e+00
6.078431372549019107e-01 6.029976978635174234e+00
6.117647058823529882e-01 4.811023847331119541e+00
6.156862745098039547e-01 2.641765660225902757e+00
6.196078431372549211e-01 4.085594114863077664e+00
6.235294117647058876e-01 3.737107407536786496e+00
6.274509803921568540e-01 3.293215795458448447e+00
6.313725490196078205e-01 2.271932073671497854e+00
6.352941176470587870e-01 4.133226344535325225e+00
6.392156862745097534e-01 4.454591017510284523e+00
6.431372549019607199e-01 8.647406590253323699e-01
6.470588235294117974e-01 3.754454197499777823e+00
6.509803921568627638e-01 2.639411679119824328e+00
6.549019607843137303e-01 3.839735171701357253e+00
6.588235294117646967e-01 3.857671962396184373e+00
6.627450980392156632e-01 3.643566568555493213e+00
6.666666666666666297e-01 2.853800339350631265e+00
6.705882352941175961e-01 3.374122395291494936e+00
6.745098039215686736e-01 3.104188282014027411e+00
6.784313725490196401e-01 2.890462602741028064e+00
6.823529411764706065e-01 3.623635735726548734e+00
6.862745098039215730e-01 2.984519507727947385e+00
6.901960784313725394e-01 2.274260497205450537e+00
6.941176470588235059e-01 3.916906028717469290e+00
6.980392156862744724e-01 2.352053547407625622e+00
7.019607843137254388e-01 2.179021535148672584e+00
7.058823529411764053e-01 3.256607972573558385e+00
7.098039215686274828e-01 2.542382770992531515e+00
7.137254901960784492e-01 2.937539544960928506e+00
7.176470588235294157e-01 2.456022610326408007e+00
7.215686274509803821e-01 4.246160401684826446e+00
7.254901960784313486e-01 4.570917990215192184e+00
7.294117647058823151e-01 4.503476812180528199e+00
7.333333333333332815e-01 2.875102972113662059e+00
7.372549019607843590e-01 2.828357416498191501e+00
7.411764705882353255e-01 1.329057271556823849e+00
7.450980392156862919e-01 1.364691674386286913e+00
7.490196078431372584e-01 2.986035457716692765e+00
7.529411764705882248e-01 3.201942181209426863e+00
7.568627450980391913e-01 4.255014178660776025e+00
7.607843137254901578e-01 2.609829578883848811e+00
7.647058823529411242e-01 1.804383724195359529e+00
7.686274509803920907e-01 4.546202169097801615e-01
7.725490196078431682e-01 2.699829235313856657e+00
7.764705882352941346e-01 1.608364739025422985e-01
7.803921568627451011e-01 1.189728201437181276e+00
7.843137254901960675e-01 2.019044089882178206e+00
7.882352941176470340e-01 1.189964552355095906e+00
7.921568627450980005e-01 3.062483230035257797e+00
7.960784313725489669e-01 1.544223420799275104e+00
8.000000000000000444e-01 2.473398463503849509e+00
8.039215686274510109e-01 1.167279429707559268e+00
8.078431372549019773e-01 1.294136440432926083e+00
8.117647058823529438e-01 1.681081625459809104e+00
8.156862745098039102e-01 3.180548524911865460e+00
8.196078431372548767e-01 2.420293127333887018e+00
8.235294117647058432e-01 2.662122821738682976e+00
8.274509803921568096e-01 1.317172486952125299e+00
8.313725490196077761e-01 2.318891490655901499e+00
8.352941176470588536e-01 2.586612583775678154e+00
8.392156862745098200e-01 1.947793244018756864e+00
8.431372549019607865e-01 1.731410069482007819e+00
8.470588235294117530e-01 1.506397557853270897e+00
8.509803921568627194e-01 1.418365245985819811e+00
8.549019607843136859e-01 2.281358255487826892e+00
8.588235294117646523e-01 8.566781956477678150e-01
8.627450980392157298e-01 1.810700735475474499e+00
8.666666666666666963e-01 2.783753616705749501e+00
8.705882352941176627e-01 1.886223481405731039e+00
8.745098039215686292e-01 9.800441027428188345e-01
8.784313725490195957e-01 -1.362632033775975859e+00
8.823529411764705621e-01 1.337275456422357900e+00
8.862745098039215286e-01 1.139236389492128909e+00
8.901960784313724950e-01 1.371147616519808876e+00
8.941176470588234615e-01 5.882911903977119383e-01
8.980392156862745390e-01 2.911888214172804190e-01
9.019607843137255054e-01 1.930933764561160171e+00
9.058823529411764719e-01 3.220343783724717301e+00
9.098039215686274384e-01 8.943581286301438560e-01
9.137254901960784048e-01 2.788825186567760461e-01
9.176470588235293713e-01 7.820215670676968767e-01
9.215686274509803377e-01 2.752880981884329170e-01
9.254901960784314152e-01 1.521338138111961502e+00
9.294117647058823817e-01 1.285410631852299757e+00
9.333333333333333481e-01 4.101077631689170389e+00
9.372549019607843146e-01 1.864068485088150151e+00
9.411764705882352811e-01 5.681290800521481277e-01
9.450980392156862475e-01 -9.611592022780528488e-01
9.490196078431372140e-01 -1.146466733689451623e+00
9.529411764705881804e-01 2.432016168710155135e+00
9.568627450980391469e-01 1.075812152476163241e+00
9.607843137254902244e-01 5.201195644487691894e+00
9.647058823529411908e-01 1.053535354397656887e+00
9.686274509803921573e-01 1.810529894960200892e+00
9.725490196078431238e-01 2.793243183597382107e+00
9.764705882352940902e-01 -9.662212958772600224e-01
9.803921568627450567e-01 8.343225660903619278e-02
9.843137254901960231e-01 -6.429178558999959492e-02
9.882352941176471006e-01 1.069525619667199612e+00
9.921568627450980671e-01 -5.070954104199656420e-01
9.960784313725490335e-01 1.977494114005727610e+00
1.000000000000000000e+00 2.559508792353205386e+00
