0.000000000000000000e+00 9.065644960010585507e+00
3.921568627450980338e-03 9.020106475174024752e+00
7.843137254901960675e-03 1.074656728969914532e+01
1.176470588235294101e-02 9.047387943341471228e+00
1.568627450980392135e-02 7.742668102420838139e+00
1.960784313725490169e-02 8.581298616781097621e+00
2.352941176470588203e-02 8.444762652759767008e+00
2.745098039215686236e-02 7.972925435525365145e+00
3.137254901960784270e-02 7.800849171295533679e+00
3.529411764705882304e-02 9.039061309807374656e+00
3.921568627450980338e-02 7.590159085556422269e+00
4.313725490196078372e-02 8.840174192741596215e+00
4.705882352941176405e-02 8.664548690457984037e+00
5.098039215686274439e-02 7.366944404694184989e+00
5.490196078431372473e-02 9.434026486385500121e+00
5.882352941176470507e-02 8.966347088784216268e+00
6.274509803921568540e-02 7.309039227634798408e+00
6.666666666666666574e-02 8.171352594412342185e+00
7.058823529411764608e-02 7.490711101979769637e+00
7.450980392156862642e-02 7.054083689139283742e+00
7.843137254901960675e-02 6.302223766839450292e+00
8.235294117647058709e-02 7.311076599594564129e+00
8.627450980392156743e-02 7.285562857469150444e+00
9.019607843137254777e-02 1.068358621614530790e+01
9.411764705882352811e-02 1.055829334577890322e+01
9.803921568627450844e-02 8.897225689735741128e+00
1.019607843137254888e-01 7.348806003503153050e+00
1.058823529411764691e-01 6.941252871427732174e+00
1.098039215686274495e-01 8.212949891734762531e+00
1.137254901960784298e-01 9.444899636222823247e+00
1.176470588235294101e-01 7.714862633942843217e+00
1.215686274509803905e-01 1.000708246395629430e+01
1.254901960784313708e-01 9.287836294459806297e+00
1.294117647058823373e-01 9.912889552757599532e+00
1.333333333333333315e-01 8.491657258784176321e+00
1.372549019607843257e-01 1.063456935428292738e+01
1.411764705882352922e-01 1.056909690486264708e+01
1.450980392156862586e-01 9.921977052613607739e+00
1.490196078431372528e-01 9.887451848359759765e+00
1.529411764705882470e-01 8.649518977075260295e+00
1.568627450980392135e-01 6.498694335736810324e+00
1.607843137254901800e-01 7.106112614145285278e+00
1.647058823529411742e-01 8.185750177120153737e+00
1.686274509803921684e-01 6.774319236635577113e+00
1.725490196078431349e-01 8.072053009433076909e+00
1.764705882352941013e-01 7.362432194758515180e+00
1.803921568627450955e-01 9.839969410675040606e+00
1.843137254901960898e-01 1.045270765944460756e+01
1.882352941176470562e-01 8.641949758913732182e+00
1.921568627450980227e-01 8.591858841519867340e+00
1.960784313725490169e-01 9.735442396339779592e+00
2.000000000000000111e-01 8.024322810792689609e+00
2.039215686274509776e-01 7.349245103793354161e+00
2.078431372549019440e-01 8.811028945359845821e+00
2.117647058823529382e-01 7.119882611074078937e+00
2.156862745098039325e-01 8.189578822780644529e+00
2.196078431372548989e-01 8.958712682615685097e+00
2.235294117647058654e-01 8.465449138425039877e+00
2.274509803921568596e-01 7.882826776541814517e+00
2.313725490196078538e-01 9.832993576073992159e+00
2.352941176470588203e-01 8.285168785352981402e+00
2.392156862745097867e-01 7.593699500597818286e+00
2.431372549019607809e-01 8.392034282299094983e+00
2.470588235294117752e-01 9.619875190071686788e+00
2.509803921568627416e-01 6.578950208206115313e+00
2.549019607843137081e-01 6.487519473240970669e+00
2.588235294117646745e-01 4.711763680895030504e+00
2.627450980392156965e-01 6.885827760885741000e+00
2.666666666666666630e-01 5.305106267605710357e+00
2.705882352941176294e-01 7.086183502823086400e+00
2.745098039215686514e-01 9.056104687173261780e+00
2.784313725490196179e-01 7.589416238587428865e+00
2.823529411764705843e-01 6.552823636328211521e+00
2.862745098039215508e-01 7.740306714314803216e+00
2.901960784313725172e-01 7.265976230388865531e+00
2.941176470588235392e-01 7.995641542104027444e+00
2.980392156862745057e-01 8.131870540148055326e+00
3.019607843137254721e-01 4.997049896944964154e+00
3.058823529411764941e-01 6.754195924207685664e+00
3.098039215686274606e-01 8.213741438389936533e+00
3.137254901960784270e-01 7.462810531790196933e+00
3.176470588235293935e-01 7.058866382920015781e+00
3.215686274509803599e-01 7.804833194005510677e+00
3.254901960784313819e-01 9.249035235005077737e+00
3.294117647058823484e-01 7.696525754339474723e+00
3.333333333333333148e-01 6.748336302545012266e+00
3.372549019607843368e-01 7.046290780279734101e+00
3.411764705882353033e-01 7.658622690706542890e+00
3.450980392156862697e-01 8.209116442831938087e+00
3.490196078431372362e-01 6.120497449987103877e+00
3.529411764705882026e-01 4.491489737350049971e+00
3.568627450980392246e-01 6.784144365727501125e+00
3.607843137254901911e-01 8.839998726143482699e+00
3.647058823529411575e-01 5.822818158627200091e+00
3.686274509803921795e-01 6.303430054794366022e+00
3.725490196078431460e-01 5.457101707292883574e+00
3.764705882352941124e-01 6.000679902048106307e+00
3.803921568627450789e-01 7.414314613091130823e+00
3.843137254901960453e-01 6.055604073728463987e+00
3.882352941176470673e-01 7.902557602694794348e+00
3.921568627450980338e-01 5.208301555860808563e+00
3.960784313725490002e-01 7.033370281865128248e+00
4.000000000000000222e-01 8.751895466760702291e+00
4.039215686274509887e-01 8.810494811639156154e+00
4.078431372549019551e-01 8.434567724352906026e+00
4.117647058823529216e-01 1.013993238887541892e+01
4.156862745098038880e-01 5.885680001267807882e+00
4.196078431372549100e-01 6.364308739171630869e+00
4.235294117647058765e-01 5.979400376782871618e+00
4.274509803921568429e-01 6.534181412307771275e+00
4.313725490196078649e-01 7.587183645674930865e+00
4.352941176470588314e-01 7.664118788648435654e+00
4.392156862745097978e-01 7.833013930025333416e+00
4.431372549019607643e-01 7.340405231944147069e+00
4.470588235294117307e-01 7.480219911626321938e+00
4.509803921568627527e-01 9.637005219673824286e+00
4.549019607843137192e-01 6.866881737995496060e+00
4.588235294117646856e-01 6.868514773572711007e+00
4.627450980392157076e-01 7.882992088067998893e+00
4.666666666666666741e-01 7.731108730650761984e+00
4.705882352941176405e-01 7.233710537195019441e+00
4.745098039215686070e-01 9.181740946300887884e+00
4.784313725490195734e-01 7.201699930592383225e+00
4.823529411764705954e-01 8.215724556359626618e+00
4.862745098039215619e-01 6.644444754175862222e+00
4.901960784313725283e-01 7.715823956948092643e+00
4.941176470588235503e-01 7.419780645732354074e+00
4.980392156862745168e-01 7.210358442700777637e+00
5.019607843137254832e-01 8.892825503030305612e+00
5.058823529411764497e-01 8.605151709825861417e+00
5.098039215686274161e-01 8.318291607055261494e+00
5.137254901960783826e-01 7.159007453082526951e+00
5.176470588235293491e-01 6.890205399645092044e+00
5.215686274509804266e-01 6.886043485316407420e+00
5.254901960784313930e-01 7.019948852661555883e+00
5.294117647058823595e-01 8.382945439202044824e+00
5.333333333333333259e-01 6.106132486162194617e+00
5.372549019607842924e-01 5.930273873453641542e+00
5.411764705882352589e-01 8.085342964944945976e+00
5.450980392156862253e-01 9.368552026757178908e+00
5.490196078431373028e-01 6.270172654813118029e+00
5.529411764705882693e-01 4.302993548551367731e+00
5.568627450980392357e-01 6.861994288514986273e+00
5.607843137254902022e-01 5.235372637339594348e+00
5.647058823529411686e-01 7.303178472468789373e+00
5.686274509803921351e-01 6.678856692234209191e+00
5.725490196078431016e-01 6.834891719441776203e+00
5.764705882352940680e-01 7.401751772567870979e+00
5.803921568627450345e-01 4.565077153399834664e+00
5.843137254901961120e-01 6.550024037884943695e+00
5.882352941176470784e-01 7.568729985013933792e+00
5.921568627450980449e-01 7.225559591787219738e+00
5.960784313725490113e-01 4.970062431930901248e+00
5.999999999999999778e-01 5.034108056340575565e+00
6.039215686274509443e-01 6.821492473411138846e+00
6.078431372549019107e-01 8.192170745590754422e+00
6.117647058823529882e-01 9.577574589360109414e+00
6.156862745098039547e-01 7.989315742068079373e+00
6.196078431372549211e-01 8.522612726912900172e+00
6.235294117647058876e-01 8.356121714748493190e+00
6.274509803921568540e-01 7.220680123216584256e+00
6.313725490196078205e-01 7.296016702753624017e+00
6.352941176470587870e-01 7.134527764989852194e+00
6.392156862745097534e-01 5.717066317406114706e+00
6.431372549019607199e-01 6.010753899679705192e+00
6.470588235294117974e-01 6.415763678425848049e+00
6.509803921568627638e-01 7.544038056886996912e+00
6.549019607843137303e-01 7.499701536142052483e+00
6.588235294117646967e-01 6.842345644961846496e+00
6.627450980392156632e-01 6.954270877648618843e+00
6.666666666666666297e-01 7.974664130762311842e+00
6.705882352941175961e-01 6.532901262124017450e+00
6.745098039215686736e-01 5.345166588918520922e+00
6.784313725490196401e-01 5.034619533231159849e+00
6.823529411764706065e-01 7.232613309219884101e+00
6.862745098039215730e-01 4.253325161823691580e+00
6.901960784313725394e-01 6.276013115726200908e+00
6.941176470588235059e-01 6.583291518140259591e+00
6.980392156862744724e-01 5.677497942450791868e+00
7.019607843137254388e-01 4.836639407385582956e+00
7.058823529411764053e-01 5.239658703257410899e+00
7.098039215686274828e-01 6.100780551674050756e+00
7.137254901960784492e-01 6.232255124763291576e+00
7.176470588235294157e-01 4.062111599201200463e+00
7.215686274509803821e-01 5.399230906224034676e+00
7.254901960784313486e-01 6.300763829721169884e+00
7.294117647058823151e-01 5.213342305916043529e+00
7.333333333333332815e-01 6.706211631454428002e+00
7.372549019607843590e-01 5.460657242997893235e+00
7.411764705882353255e-01 6.938567895410011843e+00
7.450980392156862919e-01 5.621844608026314916e+00
7.490196078431372584e-01 5.537085358383464495e+00
7.529411764705882248e-01 5.602478919905491850e+00
7.568627450980391913e-01 5.879833955852684646e+00
7.607843137254901578e-01 9.142450656044719182e+00
7.647058823529411242e-01 4.922603887661147759e+00
7.686274509803920907e-01 4.462650356522346762e+00
7.725490196078431682e-01 7.220166249438717543e+00
7.764705882352941346e-01 4.813320781060887121e+00
7.803921568627451011e-01 5.326852702444289989e+00
7.843137254901960675e-01 4.150863882005030980e+00
7.882352941176470340e-01 5.224284345155107978e+00
7.921568627450980005e-01 5.383861769959747079e+00
7.960784313725489669e-01 4.911986712032306635e+00
8.000000000000000444e-01 6.328433395480360879e+00
8.039215686274510109e-01 7.309780114604787826e+00
8.078431372549019773e-01 5.726754168670243672e+00
8.117647058823529438e-01 4.869494448207317916e+00
8.156862745098039102e-01 4.834558290009260517e+00
8.196078431372548767e-01 5.700774263702695244e+00
8.235294117647058432e-01 6.124868594796669008e+00
8.274509803921568096e-01 5.143329251399055835e+00
8.313725490196077761e-01 4.039552302795725858e+00
8.352941176470588536e-01 6.213545234073560408e+00
8.392156862745098200e-01 6.599678030325225819e+00
8.431372549019607865e-01 5.837250219555102149e+00
8.470588235294117530e-01 5.376807944170438169e+00
8.509803921568627194e-01 3.934476985537934013e+00
8.549019607843136859e-01 3.553318071791052635e+00
8.588235294117646523e-01 4.659316950844502259e+00
8.627450980392157298e-01 3.411748217103494962e+00
8.666666666666666963e-01 2.614446678467920115e+00
8.705882352941176627e-01 3.522315283454314105e+00
8.745098039215686292e-01 5.291232449338528987e+00
8.784313725490195957e-01 4.948601508774315150e+00
8.823529411764705621e-01 4.927441455643672086e+00
8.862745098039215286e-01 3.902939742281256841e+00
8.901960784313724950e-01 6.136961724494873316e+00
8.941176470588234615e-01 4.947214978072224767e+00
8.980392156862745390e-01 3.700944390680458440e+00
9.019607843137255054e-01 1.420062220507703810e+00
9.058823529411764719e-01 4.340058694464669742e+00
9.098039215686274384e-01 2.988206185335457565e+00
9.137254901960784048e-01 5.517596380565939818e+00
9.176470588235293713e-01 4.460731695364759553e+00
9.215686274509803377e-01 3.659019206701247029e+00
9.254901960784314152e-01 3.557016027842200501e+00
9.294117647058823817e-01 3.852240045870547469e+00
9.333333333333333481e-01 5.439602149118332619e+00
9.372549019607843146e-01 5.158383832519198187e+00
9.411764705882352811e-01 3.246096830704126024e+00
9.450980392156862475e-01 6.777463873952997986e+00
9.490196078431372140e-01 3.562766717412179762e+00
9.529411764705881804e-01 5.844197035102003390e+00
9.568627450980391469e-01 3.426198059165534104e+00
9.607843137254902244e-01 4.258856672599715232e+00
9.647058823529411908e-01 3.862054161998573765e+00
9.686274509803921573e-01 3.107276989982105775e+00
9.725490196078431238e-01 3.867677388766376456e+00
9.764705882352940902e-01 4.382439579175599675e+00
9.803921568627450567e-01 2.219831175405106549e+00
9.843137254901960231e-01 1.758656059872995225e+00
9.882352941176471006e-01 4.218009506069260617e+00
9.921568627450980671e-01 5.195292065631079481e+00
9.960784313725490335e-01 4.264416235073730910e+00
1.000000000000000000e+00 2.675682868176890050e+00
