0.000000000000000000e+00 4.520628318148517621e+00
3.921568627450980338e-03 6.452931345450274137e+00
7.843137254901960675e-03 4.893728454748991652e+00
1.176470588235294101e-02 2.499135092167409145e+00
1.568627450980392135e-02 1.269569594035774518e+00
1.960784313725490169e-02 2.263181230332024008e+00
2.352941176470588203e-02 2.996712009079427030e+00
2.745098039215686236e-02 4.655911172952529320e+00
3.137254901960784270e-02 3.499294260818317959e+00
3.529411764705882304e-02 3.372356854567009066e+00
3.921568627450980338e-02 3.972598921942434025e+00
4.313725490196078372e-02 3.336266158138764926e+00
4.705882352941176405e-02 2.281759579490406864e+00
5.098039215686274439e-02 2.630324193588806203e+00
5.490196078431372473e-02 5.167105744339009377e+00
5.882352941176470507e-02 5.445093506299254926e+00
6.274509803921568540e-02 3.960892027575321439e+00
6.666666666666666574e-02 1.290871465566162613e+00
7.058823529411764608e-02 2.661870949776413475e+00
7.450980392156862642e-02 3.534496535638145254e+00
7.843137254901960675e-02 3.437599266010603394e+00
8.235294117647058709e-02 3.166169801707008791e+00
8.627450980392156743e-02 2.841785461115316380e+00
9.019607843137254777e-02 3.187051249803345865e+00
9.411764705882352811e-02 3.156825459733197281e+00
9.803921568627450844e-02 1.165163164853278976e+00
1.019607843137254888e-01 2.383493176032700056e+00
1.058823529411764691e-01 2.680408959608858499e+00
1.098039215686274495e-01 2.957678839261473236e+00
1.137254901960784298e-01 2.906017798170163591e+00
1.176470588235294101e-01 3.193674321525920234e+00
1.215686274509803905e-01 2.371412573739188900e+00
1.254901960784313708e-01 3.062197119276939272e+00
1.294117647058823373e-01 2.238758605202187280e+00
1.333333333333333315e-01 1.654789149428621764e+00
1.372549019607843257e-01 3.732690345852610836e+00
1.411764705882352922e-01 3.194312459432816276e+00
1.450980392156862586e-01 5.354940462120623579e+00
1.490196078431372528e-01 2.332185524252748277e+00
1.529411764705882470e-01 2.938968778316667141e+00
1.568627450980392135e-01 3.964758880913470840e+00
1.607843137254901800e-01 4.723680557743179520e+00
1.647058823529411742e-01 2.890261562666665007e+00
1.686274509803921684e-01 6.640141614923195768e+00
1.725490196078431349e-01 4.833179209374105056e+00
1.764705882352941013e-01 4.732864782478159782e+00
1.803921568627450955e-01 2.563231528236010526e+00
1.843137254901960898e-01 4.645142300999965279e+00
1.882352941176470562e-01 3.037349036259792801e+00
1.921568627450980227e-01 3.560487452674001130e+00
1.960784313725490169e-01 5.561340987602633845e+00
2.000000000000000111e-01 5.610786521793026616e+00
2.039215686274509776e-01 4.745626856982871900e+00
2.078431372549019440e-01 5.480601410847259380e+00
2.117647058823529382e-01 3.507340970314310358e+00
2.156862745098039325e-01 2.685490403631016321e+00
2.196078431372548989e-01 6.404624778483981373e+00
2.235294117647058654e-01 4.407536779303716123e+00
2.274509803921568596e-01 7.894042613427474819e+00
2.313725490196078538e-01 6.304451321956793031e+00
2.352941176470588203e-01 3.264872778403868914e+00
2.392156862745097867e-01 3.426791829782017906e+00
2.431372549019607809e-01 4.334922278510626725e+00
2.470588235294117752e-01 5.985334714480694984e+00
2.509803921568627416e-01 8.034243928108375954e+00
2.549019607843137081e-01 8.263863293025712764e+00
2.588235294117646745e-01 7.858010096345390494e+00
2.627450980392156965e-01 7.697247460858530843e+00
2.666666666666666630e-01 3.819069337774661399e+00
2.705882352941176294e-01 3.377809550574932373e+00
2.745098039215686514e-01 5.345442902475962654e+00
2.784313725490196179e-01 5.449084928775294934e+00
2.823529411764705843e-01 6.408651290974082926e+00
2.862745098039215508e-01 7.554819543919219171e+00
2.901960784313725172e-01 7.297861482101508201e+00
2.941176470588235392e-01 6.838725626715241646e+00
2.980392156862745057e-01 6.486729085378161841e+00
3.019607843137254721e-01 4.714892165419292347e+00
3.058823529411764941e-01 5.260130593004106458e+00
3.098039215686274606e-01 7.242647875536714075e+00
3.137254901960784270e-01 6.687695480066746967e+00
3.176470588235293935e-01 6.966629354930553575e+00
3.215686274509803599e-01 7.837048595234129778e+00
3.254901960784313819e-01 7.444538681867564733e+00
3.294117647058823484e-01 5.584100224483048436e+00
3.333333333333333148e-01 5.237912533572806062e+00
3.372549019607843368e-01 8.004664241928214352e+00
3.411764705882353033e-01 7.767344619804132044e+00
3.450980392156862697e-01 6.922563320091336792e+00
3.490196078431372362e-01 7.943044907753416872e+00
3.529411764705882026e-01 8.250817218787940277e+00
3.568627450980392246e-01 7.990815164241803714e+00
3.607843137254901911e-01 6.797707974930934149e+00
3.647058823529411575e-01 5.314924256360897381e+00
3.686274509803921795e-01 6.583992019518142058e+00
3.725490196078431460e-01 8.293214583960622832e+00
3.764705882352941124e-01 5.914734987842235725e+00
3.803921568627450789e-01 7.692082018709701430e+00
3.843137254901960453e-01 7.640064040139892043e+00
3.882352941176470673e-01 7.854139188430431240e+00
3.921568627450980338e-01 7.352781888791189324e+00
3.960784313725490002e-01 7.978777753216669488e+00
4.000000000000000222e-01 8.963278016507127077e+00
4.039215686274509887e-01 1.013981359952092909e+01
4.078431372549019551e-01 8.306638692027753734e+00
4.117647058823529216e-01 9.431513588792647340e+00
4.156862745098038880e-01 7.889981544892563647e+00
4.196078431372549100e-01 7.372987103506597251e+00
4.235294117647058765e-01 6.731258999328716186e+00
4.274509803921568429e-01 6.628839668993498080e+00
4.313725490196078649e-01 8.142215917511659740e+00
4.352941176470588314e-01 8.536382572746306963e+00
4.392156862745097978e-01 7.780336467601160599e+00
4.431372549019607643e-01 8.551305832776062488e+00
4.470588235294117307e-01 8.960320456081811713e+00
4.509803921568627527e-01 8.237073235387077474e+00
4.549019607843137192e-01 8.423088993295316129e+00
4.588235294117646856e-01 9.482579466858192418e+00
4.627450980392157076e-01 8.394090182496340091e+00
4.666666666666666741e-01 8.028069175536478141e+00
4.705882352941176405e-01 7.721225508606600840e+00
4.745098039215686070e-01 7.977382680079529109e+00
4.784313725490195734e-01 7.000315015430504495e+00
4.823529411764705954e-01 7.649704685843056851e+00
4.862745098039215619e-01 7.930779786974087031e+00
4.901960784313725283e-01 1.053981099790829390e+01
4.941176470588235503e-01 9.534403940999220950e+00
4.980392156862745168e-01 9.173215547069235143e+00
5.019607843137254832e-01 8.040303647477260895e+00
5.058823529411764497e-01 9.447286612630463765e+00
5.098039215686274161e-01 9.812515316341032801e+00
5.137254901960783826e-01 7.259992501531646880e+00
5.176470588235293491e-01 7.732362036404459182e+00
5.215686274509804266e-01 8.274354946637235031e+00
5.254901960784313930e-01 8.676643908946534367e+00
5.294117647058823595e-01 8.510068409410759926e+00
5.333333333333333259e-01 8.760290526234424391e+00
5.372549019607842924e-01 8.064429346771207818e+00
5.411764705882352589e-01 9.772856965469230772e+00
5.450980392156862253e-01 8.565633381627156595e+00
5.490196078431373028e-01 9.207630034624404658e+00
5.529411764705882693e-01 1.080721799924766202e+01
5.568627450980392357e-01 1.102156664480633275e+01
5.607843137254902022e-01 9.272178420936119991e+00
5.647058823529411686e-01 9.223661837851059531e+00
5.686274509803921351e-01 8.831343976004694341e+00
5.725490196078431016e-01 1.039997587873526896e+01
5.764705882352940680e-01 9.261790034538524452e+00
5.803921568627450345e-01 1.015486275124201399e+01
5.843137254901961120e-01 1.070036804794585805e+01
5.882352941176470784e-01 9.890713004594458013e+00
5.921568627450980449e-01 8.434440388015531198e+00
5.960784313725490113e-01 9.490016661055140190e+00
5.999999999999999778e-01 1.053122261757533451e+01
6.039215686274509443e-01 8.217813145135197672e+00
6.078431372549019107e-01 8.340355594415957086e+00
6.117647058823529882e-01 9.641370444087842273e+00
6.156862745098039547e-01 1.059086548195602084e+01
6.196078431372549211e-01 1.052371509919202630e+01
6.235294117647058876e-01 1.066390468490178733e+01
6.274509803921568540e-01 7.087409840660082949e+00
6.313725490196078205e-01 8.654740606395902702e+00
6.352941176470587870e-01 8.570432523913902756e+00
6.392156862745097534e-01 8.481260514857771327e+00
6.431372549019607199e-01 1.032023998548242183e+01
6.470588235294117974e-01 9.891849129944910501e+00
6.509803921568627638e-01 1.038222416345047172e+01
6.549019607843137303e-01 9.506142045493545467e+00
6.588235294117646967e-01 9.711966790600405020e+00
6.627450980392156632e-01 9.363963561037245142e+00
6.666666666666666297e-01 1.099515891491972042e+01
6.705882352941175961e-01 1.095390993083490194e+01
6.745098039215686736e-01 1.009026398209508990e+01
6.784313725490196401e-01 8.162826635782804985e+00
6.823529411764706065e-01 9.368960250590216532e+00
6.862745098039215730e-01 7.314379952485166925e+00
6.901960784313725394e-01 9.953946853507764203e+00
6.941176470588235059e-01 1.095523443513152095e+01
6.980392156862744724e-01 8.399259860315815729e+00
7.019607843137254388e-01 9.541310884883932530e+00
7.058823529411764053e-01 9.337921562709434298e+00
7.098039215686274828e-01 8.740222316372408429e+00
7.137254901960784492e-01 1.070030406815174828e+01
7.176470588235294157e-01 9.635762678205685106e+00
7.215686274509803821e-01 9.030354279863750833e+00
7.254901960784313486e-01 8.579332075820891745e+00
7.294117647058823151e-01 9.129382981315584900e+00
7.333333333333332815e-01 1.086027265075006554e+01
7.372549019607843590e-01 8.818457920966110919e+00
7.411764705882353255e-01 1.012429441178484879e+01
7.450980392156862919e-01 8.662179175827871447e+00
7.490196078431372584e-01 9.660092243945719304e+00
7.529411764705882248e-01 8.657583007022223498e+00
7.568627450980391913e-01 7.980953909091352827e+00
7.607843137254901578e-01 7.300239521679896981e+00
7.647058823529411242e-01 8.075913819540122773e+00
7.686274509803920907e-01 7.123606436719938095e+00
7.725490196078431682e-01 9.015038756557403943e+00
7.764705882352941346e-01 8.254148123304563711e+00
7.803921568627451011e-01 8.901619202298203248e+00
7.843137254901960675e-01 8.864506865962070492e+00
7.882352941176470340e-01 8.458994952754457231e+00
7.921568627450980005e-01 8.442300938041132241e+00
7.960784313725489669e-01 1.042223024053591018e+01
8.000000000000000444e-01 8.719520143391571665e+00
8.039215686274510109e-01 8.373668636177809432e+00
8.078431372549019773e-01 1.007589946396831770e+01
8.117647058823529438e-01 7.233486448256885915e+00
8.156862745098039102e-01 7.814037280397901242e+00
8.196078431372548767e-01 9.881064661642662728e+00
8.235294117647058432e-01 8.166765936378283186e+00
8.274509803921568096e-01 7.735927919269249387e+00
8.313725490196077761e-01 8.615515396453226060e+00
8.352941176470588536e-01 8.572384457429988558e+00
8.392156862745098200e-01 7.846011828665928611e+00
8.431372549019607865e-01 9.905932297654768348e+00
8.470588235294117530e-01 8.096560416107129399e+00
8.509803921568627194e-01 8.575355667140383886e+00
8.549019607843136859e-01 7.530443683500877228e+00
8.588235294117646523e-01 8.266028324914236336e+00
8.627450980392157298e-01 8.245453512256121442e+00
8.666666666666666963e-01 6.229030806615053706e+00
8.705882352941176627e-01 6.486307076069250499e+00
8.745098039215686292e-01 7.402306307162898058e+00
8.784313725490195957e-01 6.127344332863820853e+00
8.823529411764705621e-01 7.621011076924030903e+00
8.862745098039215286e-01 7.570834022016462050e+00
8.901960784313724950e-01 8.883206135111834101e+00
8.941176470588234615e-01 5.339136066291130689e+00
8.980392156862745390e-01 6.741581959972514859e+00
9.019607843137255054e-01 7.473214269955336775e+00
9.058823529411764719e-01 8.812036678056571759e+00
9.098039215686274384e-01 6.916463695341573015e+00
9.137254901960784048e-01 8.988640099211336221e+00
9.176470588235293713e-01 7.089267063085634923e+00
9.215686274509803377e-01 7.495612278807596951e+00
9.254901960784314152e-01 8.832296974668338407e+00
9.294117647058823817e-01 9.163397587546526779e+00
9.333333333333333481e-01 6.596492616796849617e+00
9.372549019607843146e-01 7.510415161187743216e+00
9.411764705882352811e-01 8.126196713001439420e+00
9.450980392156862475e-01 8.356809844476380533e+00
9.490196078431372140e-01 8.429616552927784667e+00
9.529411764705881804e-01 9.085348730693635133e+00
9.568627450980391469e-01 7.621990716869767368e+00
9.607843137254902244e-01 6.833316393806237343e+00
9.647058823529411908e-01 9.257989805336855227e+00
9.686274509803921573e-01 1.154156403087748117e+01
9.725490196078431238e-01 1.190937707429410963e+01
9.764705882352940902e-01 1.026719988176334830e+01
9.803921568627450567e-01 7.617978366467196949e+00
9.843137254901960231e-01 7.498874667412183115e+00
9.882352941176471006e-01 7.868520998282834356e+00
9.921568627450980671e-01 8.385089825962587895e+00
9.960784313725490335e-01 1.093982658959617815e+01
1.000000000000000000e+00 1.107297952789498474e+01
