0.000000000000000000e+00 -7.474249233435616979e-01
3.921568627450980338e-03 9.861543894243018915e-01
7.843137254901960675e-03 2.389572634357362446e+00
1.176470588235294101e-02 1.604982487057885265e+00
1.568627450980392135e-02 1.799375259884399281e+00
1.960784313725490169e-02 5.707870717146366957e+00
2.352941176470588203e-02 2.617157296694309299e+00
2.745098039215686236e-02 2.833106592009246860e+00
3.137254901960784270e-02 1.873001541634311984e+00
3.529411764705882304e-02 3.789301831324587866e+00
3.921568627450980338e-02 2.624103950604548707e+00
4.313725490196078372e-02 1.973960487645032957e+00
4.705882352941176405e-02 2.758113498600544666e+00
5.098039215686274439e-02 4.054812942602773695e+00
5.490196078431372473e-02 2.308684109914995730e+00
5.882352941176470507e-02 4.094726300033511457e+00
6.274509803921568540e-02 4.399654804530708674e+00
6.666666666666666574e-02 3.631447158734638414e+00
7.058823529411764608e-02 5.834761347586317370e+00
7.450980392156862642e-02 3.894674958120234010e+00
7.843137254901960675e-02 4.294690583647567728e+00
8.235294117647058709e-02 4.137898246111551437e+00
8.627450980392156743e-02 4.787557632755493842e+00
9.019607843137254777e-02 4.433898470164344907e+00
9.411764705882352811e-02 6.156138791081090744e+00
9.803921568627450844e-02 4.155329064974096376e+00
1.019607843137254888e-01 5.383962900340967472e+00
1.058823529411764691e-01 3.426823573853192251e+00
1.098039215686274495e-01 5.513807258512427367e+00
1.137254901960784298e-01 4.786341008923317375e+00
1.176470588235294101e-01 2.971069620128885092e+00
1.215686274509803905e-01 3.107487756245616684e+00
1.254901960784313708e-01 4.956958362090112757e+00
1.294117647058823373e-01 3.154515263988736162e+00
1.333333333333333315e-01 4.587477754163278298e+00
1.372549019607843257e-01 4.751367557365971273e+00
1.411764705882352922e-01 4.891173123928148847e+00
1.450980392156862586e-01 4.170134573478549100e+00
1.490196078431372528e-01 3.803568759682286249e+00
1.529411764705882470e-01 2.931349331979134387e+00
1.568627450980392135e-01 1.200317761934422300e+00
1.607843137254901800e-01 2.412599241956232543e+00
1.647058823529411742e-01 2.367525216188524517e+00
1.686274509803921684e-01 6.504503852949033771e+00
1.725490196078431349e-01 5.199825307212172731e+00
1.764705882352941013e-01 4.232994237448391317e+00
1.803921568627450955e-01 2.475564094172875151e+00
1.843137254901960898e-01 3.969665914172214372e+00
1.882352941176470562e-01 2.602296913347963425e+00
1.921568627450980227e-01 2.893465828278724672e+00
1.960784313725490169e-01 3.112195633193683975e+00
2.000000000000000111e-01 5.104892688287485214e+00
2.039215686274509776e-01 4.802439795413037338e+00
2.078431372549019440e-01 2.970817119614212576e+00
2.117647058823529382e-01 6.720616050458684043e+00
2.156862745098039325e-01 4.385919988845072837e+00
2.196078431372548989e-01 3.749480834583637012e+00
2.235294117647058654e-01 3.592893759403447351e+00
2.274509803921568596e-01 3.203313361020232009e+00
2.313725490196078538e-01 2.993413896772191496e+00
2.352941176470588203e-01 5.157813643527946468e+00
2.392156862745097867e-01 3.411160848666062506e+00
2.431372549019607809e-01 7.638352967208529520e+00
2.470588235294117752e-01 4.619605334235837191e+00
2.509803921568627416e-01 3.445268168691774768e+00
2.549019607843137081e-01 3.455187637388562827e+00
2.588235294117646745e-01 5.639683305137412006e+00
2.627450980392156965e-01 1.909714722411060883e+00
2.666666666666666630e-01 3.389109171277113752e+00
2.705882352941176294e-01 2.312203991751740517e+00
2.745098039215686514e-01 3.945960179969513870e+00
2.784313725490196179e-01 1.970089178203647595e+00
2.823529411764705843e-01 4.274211227980807770e+00
2.862745098039215508e-01 4.841317916009804101e+00
2.901960784313725172e-01 2.683131660901690640e+00
2.941176470588235392e-01 3.608351047850721471e+00
2.980392156862745057e-01 4.244219517588445179e+00
3.019607843137254721e-01 3.681603423172346901e+00
3.058823529411764941e-01 3.012952045582935057e+00
3.098039215686274606e-01 5.960446516352936541e+00
3.137254901960784270e-01 4.667450539526451614e+00
3.176470588235293935e-01 5.251220997289657078e+00
3.215686274509803599e-01 6.223044141510053251e+00
3.254901960784313819e-01 5.304591129505735303e+00
3.294117647058823484e-01 2.827311822000757591e+00
3.333333333333333148e-01 4.136440033363355084e+00
3.372549019607843368e-01 6.851468971093861882e+00
3.411764705882353033e-01 5.312686214038258470e+00
3.450980392156862697e-01 6.319671041608097006e+00
3.490196078431372362e-01 5.993876938459614223e+00
3.529411764705882026e-01 6.815347065011684080e+00
3.568627450980392246e-01 9.695047716029625562e+00
3.607843137254901911e-01 6.984606210012959338e+00
3.647058823529411575e-01 6.511645855564785812e+00
3.686274509803921795e-01 3.381494915313463689e+00
3.725490196078431460e-01 5.633374839654960553e+00
3.764705882352941124e-01 6.248682347242630719e+00
3.803921568627450789e-01 4.340382759802969836e+00
3.843137254901960453e-01 7.633310039793933299e+00
3.882352941176470673e-01 7.015011610144731513e+00
3.921568627450980338e-01 8.360010620944235527e+00
3.960784313725490002e-01 8.413004912863302209e+00
4.000000000000000222e-01 7.968635671118436292e+00
4.039215686274509887e-01 5.951743731713892593e+00
4.078431372549019551e-01 8.032314339473430209e+00
4.117647058823529216e-01 7.244064241794728076e+00
4.156862745098038880e-01 7.104421272895368844e+00
4.196078431372549100e-01 1.015593199933455537e+01
4.235294117647058765e-01 8.121081024818336047e+00
4.274509803921568429e-01 9.418698759315894620e+00
4.313725490196078649e-01 8.575062517441917720e+00
4.352941176470588314e-01 7.833155387687806837e+00
4.392156862745097978e-01 8.108823497913260070e+00
4.431372549019607643e-01 7.792441359455973604e+00
4.470588235294117307e-01 8.863031171223845206e+00
4.509803921568627527e-01 8.788770014496629202e+00
4.549019607843137192e-01 7.931556720279233197e+00
4.588235294117646856e-01 6.332484417662742615e+00
4.627450980392157076e-01 1.069624720003558949e+01
4.666666666666666741e-01 8.851598562239233914e+00
4.705882352941176405e-01 7.978694858177608928e+00
4.745098039215686070e-01 8.139396410201527488e+00
4.784313725490195734e-01 9.782720257652847806e+00
4.823529411764705954e-01 7.043028607391867091e+00
4.862745098039215619e-01 8.546905594592233868e+00
4.901960784313725283e-01 8.706374057873864203e+00
4.941176470588235503e-01 6.697365231699975219e+00
4.980392156862745168e-01 8.311368349175079828e+00
5.019607843137254832e-01 7.488848230661268701e+00
5.058823529411764497e-01 8.281067846768465301e+00
5.098039215686274161e-01 9.988688570341711426e+00
5.137254901960783826e-01 6.481986386654522647e+00
5.176470588235293491e-01 9.172829894452618760e+00
5.215686274509804266e-01 9.279807349049722376e+00
5.254901960784313930e-01 9.382807208816178246e+00
5.294117647058823595e-01 8.782638853237523691e+00
5.333333333333333259e-01 9.958121155794632529e+00
5.372549019607842924e-01 8.573729598758893289e+00
5.411764705882352589e-01 1.093534121835629769e+01
5.450980392156862253e-01 9.560028956625497898e+00
5.490196078431373028e-01 9.210855061073290884e+00
5.529411764705882693e-01 8.397174575892668358e+00
5.568627450980392357e-01 9.043184468634331452e+00
5.607843137254902022e-01 9.490847810044817479e+00
5.647058823529411686e-01 8.829544539390070668e+00
5.686274509803921351e-01 9.176544868311976799e+00
5.725490196078431016e-01 9.136620050191012865e+00
5.764705882352940680e-01 9.260773054538265825e+00
5.803921568627450345e-01 1.264781914826203746e+01
5.843137254901961120e-01 1.153335052483919299e+01
5.882352941176470784e-01 1.009764749679744078e+01
5.921568627450980449e-01 9.287606076005813449e+00
5.960784313725490113e-01 8.651709371852323471e+00
5.999999999999999778e-01 9.653500399549077571e+00
6.039215686274509443e-01 9.364847635770276568e+00
6.078431372549019107e-01 9.456966023158120294e+00
6.117647058823529882e-01 1.056039924444258382e+01
6.156862745098039547e-01 9.893749963042104412e+00
6.196078431372549211e-01 9.800866982650189740e+00
6.235294117647058876e-01 9.124225418009533684e+00
6.274509803921568540e-01 7.674756845191305743e+00
6.313725490196078205e-01 1.228106536532676607e+01
6.352941176470587870e-01 1.076582788966175741e+01
6.392156862745097534e-01 1.065573314036139152e+01
6.431372549019607199e-01 9.345748031290407098e+00
6.470588235294117974e-01 1.059476401630978337e+01
6.509803921568627638e-01 1.017124320845608665e+01
6.549019607843137303e-01 1.231344053125530813e+01
6.588235294117646967e-01 1.056154121102090748e+01
6.627450980392156632e-01 8.679023987696753650e+00
6.666666666666666297e-01 1.015048695182969851e+01
6.705882352941175961e-01 1.161593667541488273e+01
6.745098039215686736e-01 1.022120742816749583e+01
6.784313725490196401e-01 7.913580102818611905e+00
6.823529411764706065e-01 8.400433557490455172e+00
6.862745098039215730e-01 8.789364126972346369e+00
6.901960784313725394e-01 9.728346145173233595e+00
6.941176470588235059e-01 9.761331369388578594e+00
6.980392156862744724e-01 1.106953421495882495e+01
7.019607843137254388e-01 1.171601799396023935e+01
7.058823529411764053e-01 1.032895556387649449e+01
7.098039215686274828e-01 9.256757317749700675e+00
7.137254901960784492e-01 9.727394341106592179e+00
7.176470588235294157e-01 1.250475280678076295e+01
7.215686274509803821e-01 1.036197637890853152e+01
7.254901960784313486e-01 1.051232787359440657e+01
7.294117647058823151e-01 9.345486369022266260e+00
7.333333333333332815e-01 9.625206403446048498e+00
7.372549019607843590e-01 9.638059943995054724e+00
7.411764705882353255e-01 8.903988742025051195e+00
7.450980392156862919e-01 1.000899121305008777e+01
7.490196078431372584e-01 1.169964834681929489e+01
7.529411764705882248e-01 1.307579437558592161e+01
7.568627450980391913e-01 9.105195562495643102e+00
7.607843137254901578e-01 1.096181783643688412e+01
7.647058823529411242e-01 8.883158192557520039e+00
7.686274509803920907e-01 9.080810953999041146e+00
7.725490196078431682e-01 5.139520925820443509e+00
7.764705882352941346e-01 7.657980113317647053e+00
7.803921568627451011e-01 9.758513400104831703e+00
7.843137254901960675e-01 1.057501946904733181e+01
7.882352941176470340e-01 9.432508049496275859e+00
7.921568627450980005e-01 8.011254624560974591e+00
7.960784313725489669e-01 6.951087305797949867e+00
8.000000000000000444e-01 4.382090148119258899e+00
8.039215686274510109e-01 8.742401325210662932e+00
8.078431372549019773e-01 8.504608595679068017e+00
8.117647058823529438e-01 8.701366899833885782e+00
8.156862745098039102e-01 8.346053064796391752e+00
8.196078431372548767e-01 5.184791776759844595e+00
8.235294117647058432e-01 6.912360525783811660e+00
8.274509803921568096e-01 6.718577050830540465e+00
8.313725490196077761e-01 6.327398517541283240e+00
8.352941176470588536e-01 6.203036465187690141e+00
8.392156862745098200e-01 5.702290578770920604e+00
8.431372549019607865e-01 8.366759559668158985e+00
8.470588235294117530e-01 7.330658744197874555e+00
8.509803921568627194e-01 8.044462733736262194e+00
8.549019607843136859e-01 6.295104546003781110e+00
8.588235294117646523e-01 7.622037671447861484e+00
8.627450980392157298e-01 8.320142468932488100e+00
8.666666666666666963e-01 7.916624745266966912e+00
8.705882352941176627e-01 1.020009932975921529e+01
8.745098039215686292e-01 9.304415027551264927e+00
8.784313725490195957e-01 1.059016450687394162e+01
8.823529411764705621e-01 9.691477348613888765e+00
8.862745098039215286e-01 8.570522209891912269e+00
8.901960784313724950e-01 9.214782740207132505e+00
8.941176470588234615e-01 8.671304610947387914e+00
8.980392156862745390e-01 8.977313725617669604e+00
9.019607843137255054e-01 9.165285986374692939e+00
9.058823529411764719e-01 9.617006120857132245e+00
9.098039215686274384e-01 7.909655822966823457e+00
9.137254901960784048e-01 9.325418946819928223e+00
9.176470588235293713e-01 9.633429947126563420e+00
9.215686274509803377e-01 8.320801688161100884e+00
9.254901960784314152e-01 9.863447003675398506e+00
9.294117647058823817e-01 9.301921458450262747e+00
9.333333333333333481e-01 8.973124195068791664e+00
9.372549019607843146e-01 7.647531617041058993e+00
9.411764705882352811e-01 8.604626385966364310e+00
9.450980392156862475e-01 1.037622192981377367e+01
9.490196078431372140e-01 9.649866901368579164e+00
9.529411764705881804e-01 8.836118888150343409e+00
9.568627450980391469e-01 8.982977736717703721e+00
9.607843137254902244e-01 8.253039514879123573e+00
9.647058823529411908e-01 9.360473279787010270e+00
9.686274509803921573e-01 9.268412509619935236e+00
9.725490196078431238e-01 1.056437878234608618e+01
9.764705882352940902e-01 9.998541927398560958e+00
9.803921568627450567e-01 1.103869539561346969e+01
9.843137254901960231e-01 9.944734700498319313e+00
9.882352941176471006e-01 7.097409048104171170e+00
9.921568627450980671e-01 9.386193794154067405e+00
9.960784313725490335e-01 9.106217300883260535e+00
1.000000000000000000e+00 9.688759838595437657e+00
