0.000000000000000000e+00 1.128324158094512519e+01
3.921568627450980338e-03 1.115784743544268665e+01
7.843137254901960675e-03 1.015919147116624544e+01
1.176470588235294101e-02 1.029462087189853570e+01
1.568627450980392135e-02 8.603135062574311931e+00
1.960784313725490169e-02 9.672260386103415541e+00
2.352941176470588203e-02 9.271813724200173468e+00
2.745098039215686236e-02 1.042408155111844970e+01
3.137254901960784270e-02 1.004453454079237495e+01
3.529411764705882304e-02 1.087547858804829026e+01
3.921568627450980338e-02 8.708977270898936140e+00
4.313725490196078372e-02 1.128734408820189117e+01
4.705882352941176405e-02 1.018613305986376183e+01
5.098039215686274439e-02 8.605438922792407297e+00
5.490196078431372473e-02 9.151301705751711424e+00
5.882352941176470507e-02 1.152431579413360829e+01
6.274509803921568540e-02 9.577555428463506715e+00
6.666666666666666574e-02 1.081533691734094127e+01
7.058823529411764608e-02 9.870811035003892897e+00
7.450980392156862642e-02 1.197284416925773343e+01
7.843137254901960675e-02 1.020718233777049022e+01
8.235294117647058709e-02 1.012532895763318841e+01
8.627450980392156743e-02 9.926880681551821795e+00
9.019607843137254777e-02 8.172560416972808994e+00
9.411764705882352811e-02 9.133545417587713544e+00
9.803921568627450844e-02 1.067256511748289149e+01
1.019607843137254888e-01 1.082543441875124479e+01
1.058823529411764691e-01 9.129122246316983436e+00
1.098039215686274495e-01 1.175708513598550020e+01
1.137254901960784298e-01 1.195656718870736235e+01
1.176470588235294101e-01 1.102216234452266264e+01
1.215686274509803905e-01 1.029345398950575508e+01
1.254901960784313708e-01 1.007138332675220305e+01
1.294117647058823373e-01 1.089032275233262581e+01
1.333333333333333315e-01 9.787952248804627331e+00
1.372549019607843257e-01 1.071366653386191459e+01
1.411764705882352922e-01 1.026369989786820547e+01
1.450980392156862586e-01 1.197452497232143998e+01
1.490196078431372528e-01 1.000722877993585946e+01
1.529411764705882470e-01 1.172798095230521120e+01
1.568627450980392135e-01 1.085932039743744326e+01
1.607843137254901800e-01 1.085919656690373891e+01
1.647058823529411742e-01 9.057842866249210090e+00
1.686274509803921684e-01 1.169033124125565060e+01
1.725490196078431349e-01 9.831120086033255490e+00
1.764705882352941013e-01 1.124821165390931554e+01
1.803921568627450955e-01 9.429330854104158277e+00
1.843137254901960898e-01 1.106281757513371211e+01
1.882352941176470562e-01 1.143303160595275259e+01
1.921568627450980227e-01 1.141241036866648884e+01
1.960784313725490169e-01 9.482603772395409081e+00
2.000000000000000111e-01 8.881440903279225196e+00
2.039215686274509776e-01 1.148226201659750600e+01
2.078431372549019440e-01 1.007605402274865014e+01
2.117647058823529382e-01 8.549627269703695021e+00
2.156862745098039325e-01 9.596518494753855322e+00
2.196078431372548989e-01 1.066182148980040623e+01
2.235294117647058654e-01 1.044653029492842755e+01
2.274509803921568596e-01 1.169369128844537364e+01
2.313725490196078538e-01 1.090746092786767818e+01
2.352941176470588203e-01 1.058334741247771049e+01
2.392156862745097867e-01 9.937322904824014813e+00
2.431372549019607809e-01 9.958957301662115569e+00
2.470588235294117752e-01 8.353027094144923836e+00
2.509803921568627416e-01 7.018887563634437221e+00
2.549019607843137081e-01 6.643656527592380456e+00
2.588235294117646745e-01 1.239212423642580063e+01
2.627450980392156965e-01 9.404270728723293615e+00
2.666666666666666630e-01 1.264183586749068589e+01
2.705882352941176294e-01 1.206918243518344624e+01
2.745098039215686514e-01 9.774178392533542592e+00
2.784313725490196179e-01 1.031521404725853941e+01
2.823529411764705843e-01 9.545952368453589187e+00
2.862745098039215508e-01 9.004075657094686491e+00
2.901960784313725172e-01 8.084055035827571345e+00
2.941176470588235392e-01 5.801798637886566468e+00
2.980392156862745057e-01 9.261820628724137805e+00
3.019607843137254721e-01 9.063278993021159025e+00
3.058823529411764941e-01 6.148283331380406835e+00
3.098039215686274606e-01 9.579766248785686500e+00
3.137254901960784270e-01 7.469849946035749255e+00
3.176470588235293935e-01 1.063195586912672397e+01
3.215686274509803599e-01 1.007773099419703655e+01
3.254901960784313819e-01 9.021133680694738644e+00
3.294117647058823484e-01 8.422946912837820932e+00
3.333333333333333148e-01 9.120631712641664279e+00
3.372549019607843368e-01 9.170523897576192240e+00
3.411764705882353033e-01 9.150752648886619767e+00
3.450980392156862697e-01 9.544793008433481774e+00
3.490196078431372362e-01 7.518172648338336650e+00
3.529411764705882026e-01 7.427620003170971152e+00
3.568627450980392246e-01 9.673623599912474447e+00
3.607843137254901911e-01 7.972071355757415212e+00
3.647058823529411575e-01 1.028599765277769151e+01
3.686274509803921795e-01 7.606205914423243897e+00
3.725490196078431460e-01 1.115549194547337564e+01
3.764705882352941124e-01 9.748741691861200209e+00
3.803921568627450789e-01 9.393470463195280118e+00
3.843137254901960453e-01 7.561044642942790439e+00
3.882352941176470673e-01 8.044982219599493334e+00
3.921568627450980338e-01 7.142733311110355032e+00
3.960784313725490002e-01 8.368731742174743360e+00
4.000000000000000222e-01 6.290466387970046647e+00
4.039215686274509887e-01 6.010839630849144299e+00
4.078431372549019551e-01 7.934992970350167596e+00
4.117647058823529216e-01 8.468164273222845040e+00
4.156862745098038880e-01 8.777333640865311537e+00
4.196078431372549100e-01 8.584818452649891185e+00
4.235294117647058765e-01 9.616577998263050375e+00
4.274509803921568429e-01 7.674492946225851320e+00
4.313725490196078649e-01 7.778015714512584111e+00
4.352941176470588314e-01 7.989326996259997316e+00
4.392156862745097978e-01 7.577068532177889004e+00
4.431372549019607643e-01 5.584753282341252678e+00
4.470588235294117307e-01 6.825113245135652207e+00
4.509803921568627527e-01 8.671469415734202713e+00
4.549019607843137192e-01 6.941325679231503898e+00
4.588235294117646856e-01 9.175511779009351443e+00
4.627450980392157076e-01 8.039388588810478353e+00
4.666666666666666741e-01 6.171256235141500568e+00
4.705882352941176405e-01 9.109493628231639661e+00
4.745098039215686070e-01 6.980135673414583408e+00
4.784313725490195734e-01 8.294477794114433422e+00
4.823529411764705954e-01 8.187097284012978093e+00
4.862745098039215619e-01 7.278135624758072630e+00
4.901960784313725283e-01 7.284397505202033329e+00
4.941176470588235503e-01 6.512188530324970692e+00
4.980392156862745168e-01 8.512519629131119814e+00
5.019607843137254832e-01 5.324590354852694496e+00
5.058823529411764497e-01 5.572110456332445949e+00
5.098039215686274161e-01 6.460682324642888830e+00
5.137254901960783826e-01 8.847933373849805605e+00
5.176470588235293491e-01 5.720284966662393167e+00
5.215686274509804266e-01 6.938184550777191539e+00
5.254901960784313930e-01 8.007759852315853522e+00
5.294117647058823595e-01 6.539536056366610950e+00
5.333333333333333259e-01 8.505379549361359537e+00
5.372549019607842924e-01 6.759271679943770650e+00
5.411764705882352589e-01 8.388730032699193373e+00
5.450980392156862253e-01 7.209355509047574273e+00
5.490196078431373028e-01 9.060635069130658081e+00
5.529411764705882693e-01 5.516446399260979128e+00
5.568627450980392357e-01 7.606118805233787583e+00
5.607843137254902022e-01 6.244319556591323206e+00
5.647058823529411686e-01 7.177929967323579241e+00
5.686274509803921351e-01 7.265262529327573660e+00
5.725490196078431016e-01 8.330174931748766554e+00
5.764705882352940680e-01 6.239413308525580959e+00
5.803921568627450345e-01 8.032864795005705716e+00
5.843137254901961120e-01 5.749646990897666399e+00
5.882352941176470784e-01 4.499686093992320224e+00
5.921568627450980449e-01 6.554110979336540410e+00
5.960784313725490113e-01 5.118890659318163117e+00
5.999999999999999778e-01 6.642786792818697883e+00
6.039215686274509443e-01 5.770600613444897498e+00
6.078431372549019107e-01 6.570221824888940354e+00
6.117647058823529882e-01 6.404466430255959963e+00
6.156862745098039547e-01 6.816142678273426903e+00
6.196078431372549211e-01 6.749466711557463583e+00
6.235294117647058876e-01 6.419167340209140704e+00
6.274509803921568540e-01 6.536751325082596153e+00
6.313725490196078205e-01 6.714460637517436048e+00
6.352941176470587870e-01 5.647801846558563099e+00
6.392156862745097534e-01 7.441240443961354423e+00
6.431372549019607199e-01 6.916782103059285092e+00
6.470588235294117974e-01 6.221128014087050850e+00
6.509803921568627638e-01 6.776287886683761030e+00
6.549019607843137303e-01 7.292007683132562867e+00
6.588235294117646967e-01 4.447319378976475335e+00
6.627450980392156632e-01 4.270643861350260195e+00
6.666666666666666297e-01 4.956190890300694818e+00
6.705882352941175961e-01 6.651557603699230548e+00
6.745098039215686736e-01 6.329282800097792538e+00
6.784313725490196401e-01 7.289732340367844898e+00
6.823529411764706065e-01 5.006040244485619795e+00
6.862745098039215730e-01 6.108852267715879414e+00
6.901960784313725394e-01 5.775393474339852951e+00
6.941176470588235059e-01 5.663887519971376072e+00
6.980392156862744724e-01 6.132864285931128201e+00
7.019607843137254388e-01 4.423799269817763502e+00
7.058823529411764053e-01 4.764619057180402351e+00
7.098039215686274828e-01 4.958019916751700507e+00
7.137254901960784492e-01 4.863244939211131879e+00
7.176470588235294157e-01 5.815523612042361457e+00
7.215686274509803821e-01 6.285368411603131200e+00
7.254901960784313486e-01 5.571633072958377397e+00
7.294117647058823151e-01 6.797400941291135368e+00
7.333333333333332815e-01 5.533167498969245202e+00
7.372549019607843590e-01 6.153050369784056173e+00
7.411764705882353255e-01 6.550906306439964411e+00
7.450980392156862919e-01 4.118547246462165745e+00
7.490196078431372584e-01 4.387365601723874242e+00
7.529411764705882248e-01 4.818101645911363917e+00
7.568627450980391913e-01 4.844355592282926892e+00
7.607843137254901578e-01 5.433528778959094474e+00
7.647058823529411242e-01 5.353730580887612334e+00
7.686274509803920907e-01 5.971827869232689601e+00
7.725490196078431682e-01 5.575973437331150251e+00
7.764705882352941346e-01 6.930778927499055442e+00
7.803921568627451011e-01 3.615031947455810357e+00
7.843137254901960675e-01 4.032290177859270131e+00
7.882352941176470340e-01 7.044890527535358160e+00
7.921568627450980005e-01 6.968560849656057599e+00
7.960784313725489669e-01 4.211298349081296521e+00
8.000000000000000444e-01 4.400967584927188092e+00
8.039215686274510109e-01 3.398833222456488112e+00
8.078431372549019773e-01 6.109656904377275488e+00
8.117647058823529438e-01 7.027235373283645892e+00
8.156862745098039102e-01 5.110666830915430836e+00
8.196078431372548767e-01 5.401085240945147525e+00
8.235294117647058432e-01 5.715098826945328447e+00
8.274509803921568096e-01 5.312162183933335058e+00
8.313725490196077761e-01 5.799199352038384880e+00
8.352941176470588536e-01 5.605514149325204087e+00
8.392156862745098200e-01 5.923831075677218116e+00
8.431372549019607865e-01 5.945013160136228159e+00
8.470588235294117530e-01 5.063169586808687228e+00
8.509803921568627194e-01 2.805369329586520966e+00
8.549019607843136859e-01 4.545102715027211637e+00
8.588235294117646523e-01 5.297034162705632099e+00
8.627450980392157298e-01 4.779796409408318070e+00
8.666666666666666963e-01 5.338889391022179964e+00
8.705882352941176627e-01 5.022772175399563999e+00
8.745098039215686292e-01 5.394281534149286905e+00
8.784313725490195957e-01 4.399937703496802577e+00
8.823529411764705621e-01 4.152556826920569044e+00
8.862745098039215286e-01 4.477927260070512006e+00
8.901960784313724950e-01 5.615584448356544911e+00
8.941176470588234615e-01 2.903764048230434103e+00
8.980392156862745390e-01 4.649928495587783317e+00
9.019607843137255054e-01 4.894178628107818341e+00
9.058823529411764719e-01 3.915317510382047672e+00
9.098039215686274384e-01 3.130480402166417875e+00
9.137254901960784048e-01 4.937482975054604317e+00
9.176470588235293713e-01 6.286001580990052240e+00
9.215686274509803377e-01 4.738660734582873069e+00
9.254901960784314152e-01 5.614636769933640359e+00
9.294117647058823817e-01 6.576341188115553571e+00
9.333333333333333481e-01 3.759166150773855186e+00
9.372549019607843146e-01 4.727754601049738881e+00
9.411764705882352811e-01 4.680248485904996869e+00
9.450980392156862475e-01 4.282395096586136596e+00
9.490196078431372140e-01 4.253311048795384686e+00
9.529411764705881804e-01 5.540204527247836630e+00
9.568627450980391469e-01 4.084329165179556576e+00
9.607843137254902244e-01 5.107460525618712666e+00
9.647058823529411908e-01 3.927545500599442185e+00
9.686274509803921573e-01 3.753563290439190236e+00
9.725490196078431238e-01 5.378758836771165619e+00
9.764705882352940902e-01 3.264883177023397476e+00
9.803921568627450567e-01 3.081399436986717699e+00
9.843137254901960231e-01 4.801764283516250842e+00
9.882352941176471006e-01 5.186903712050800586e+00
9.921568627450980671e-01 6.917793634784661805e+00
9.960784313725490335e-01 7.015368945601847983e+00
1.000000000000000000e+00 4.920599847120596060e+00
