0.000000000000000000e+00 4.168280898758325748e+00
3.921568627450980338e-03 4.032858176092183555e+00
7.843137254901960675e-03 4.585962198212206964e+00
1.176470588235294101e-02 4.063883498620914914e+00
1.568627450980392135e-02 4.249264634307815314e+00
1.960784313725490169e-02 2.486132473544651944e+00
2.352941176470588203e-02 4.514528370615519037e+00
2.745098039215686236e-02 4.614337498241600777e+00
3.137254901960784270e-02 5.127009501270311631e+00
3.529411764705882304e-02 3.581719858780782584e+00
3.921568627450980338e-02 4.008489571900186732e+00
4.313725490196078372e-02 4.330633177380464716e+00
4.705882352941176405e-02 4.100614108235997257e+00
5.098039215686274439e-02 3.182760607112899098e+00
5.490196078431372473e-02 4.491042876291087893e+00
5.882352941176470507e-02 4.005139242180700165e+00
6.274509803921568540e-02 4.128571311442793323e+00
6.666666666666666574e-02 2.300863003136261575e+00
7.058823529411764608e-02 4.653804129476061036e+00
7.450980392156862642e-02 4.229233483280269823e+00
7.843137254901960675e-02 3.728077087084064711e+00
8.235294117647058709e-02 5.319560144844978744e+00
8.627450980392156743e-02 5.869979946581972641e+00
9.019607843137254777e-02 5.096507992622123950e+00
9.411764705882352811e-02 5.079856385411597230e+00
9.803921568627450844e-02 4.182127370876434824e+00
1.019607843137254888e-01 2.935911455974834716e+00
1.058823529411764691e-01 3.535357883404360635e+00
1.098039215686274495e-01 5.603486769831221181e+00
1.137254901960784298e-01 5.152846663870805699e+00
1.176470588235294101e-01 4.886209186874724608e+00
1.215686274509803905e-01 5.827025007058269424e+00
1.254901960784313708e-01 6.700882319496749062e+00
1.294117647058823373e-01 3.788267164823175825e+00
1.333333333333333315e-01 5.779985589703986903e+00
1.372549019607843257e-01 2.722982932566404557e+00
1.411764705882352922e-01 4.646829389641784047e+00
1.450980392156862586e-01 6.544483906489563019e+00
1.490196078431372528e-01 3.659934276365579109e+00
1.529411764705882470e-01 4.181432395956446335e+00
1.568627450980392135e-01 6.748215172577919141e+00
1.607843137254901800e-01 3.551645238236555979e+00
1.647058823529411742e-01 5.346976704031075833e+00
1.686274509803921684e-01 5.733356459509569625e+00
1.725490196078431349e-01 4.472836589606058233e+00
1.764705882352941013e-01 6.389661305600139229e+00
1.803921568627450955e-01 4.819736681266938660e+00
1.843137254901960898e-01 6.391220294068223673e+00
1.882352941176470562e-01 4.885501316677583361e+00
1.921568627450980227e-01 3.718071337526135167e+00
1.960784313725490169e-01 5.460434472497770031e+00
2.000000000000000111e-01 6.050078417916920692e+00
2.039215686274509776e-01 5.702199111184882874e+00
2.078431372549019440e-01 6.716359735355828420e+00
2.117647058823529382e-01 5.825032994033233713e+00
2.156862745098039325e-01 5.193608790734923986e+00
2.196078431372548989e-01 4.419140475298569903e+00
2.235294117647058654e-01 6.140802709754183297e+00
2.274509803921568596e-01 6.449494823314264380e+00
2.313725490196078538e-01 7.147095099394314310e+00
2.352941176470588203e-01 6.512332654484378480e+00
2.392156862745097867e-01 7.328478220419569311e+00
2.431372549019607809e-01 7.554873868698762429e+00
2.470588235294117752e-01 6.154097610038039790e+00
2.509803921568627416e-01 5.837001492548931303e+00
2.549019607843137081e-01 5.005048661304417834e+00
2.588235294117646745e-01 4.849338549324340164e+00
2.627450980392156965e-01 5.772063675292118390e+00
2.666666666666666630e-01 5.596445019352808359e+00
2.705882352941176294e-01 5.672176355834268158e+00
2.745098039215686514e-01 8.173304990427126882e+00
2.784313725490196179e-01 5.242329916920862587e+00
2.823529411764705843e-01 6.991404494192555497e+00
2.862745098039215508e-01 3.827979550551595889e+00
2.901960784313725172e-01 6.949466432705774466e+00
2.941176470588235392e-01 8.760301401672471400e+00
2.980392156862745057e-01 7.868321628246194521e+00
3.019607843137254721e-01 8.552368984000024099e+00
3.058823529411764941e-01 8.404169008848464628e+00
3.098039215686274606e-01 8.353072451039135871e+00
3.137254901960784270e-01 6.487385690562176954e+00
3.176470588235293935e-01 9.380100020856945164e+00
3.215686274509803599e-01 7.841284931595446039e+00
3.254901960784313819e-01 8.072287670285509975e+00
3.294117647058823484e-01 9.221297571454952546e+00
3.333333333333333148e-01 8.556060146634443697e+00
3.372549019607843368e-01 8.246277989324500624e+00
3.411764705882353033e-01 8.441765119550794338e+00
3.450980392156862697e-01 8.455800317509465813e+00
3.490196078431372362e-01 6.155578646725125225e+00
3.529411764705882026e-01 8.865009318488350942e+00
3.568627450980392246e-01 8.164245015541526485e+00
3.607843137254901911e-01 8.065527110115732867e+00
3.647058823529411575e-01 8.784767593521925377e+00
3.686274509803921795e-01 7.456023469318649788e+00
3.725490196078431460e-01 5.466809227458178100e+00
3.764705882352941124e-01 1.044335237645578474e+01
3.803921568627450789e-01 9.618463724263609294e+00
3.843137254901960453e-01 9.104057286278115058e+00
3.882352941176470673e-01 9.614867815187494671e+00
3.921568627450980338e-01 9.091742258789967224e+00
3.960784313725490002e-01 9.418558528508103933e+00
4.000000000000000222e-01 9.671277218923684416e+00
4.039215686274509887e-01 9.830329022466850475e+00
4.078431372549019551e-01 7.900683579337873574e+00
4.117647058823529216e-01 9.098479632863032407e+00
4.156862745098038880e-01 8.792704001201059327e+00
4.196078431372549100e-01 7.414722049037342444e+00
4.235294117647058765e-01 9.297240554721852845e+00
4.274509803921568429e-01 8.082245262030300026e+00
4.313725490196078649e-01 8.423936870489280082e+00
4.352941176470588314e-01 8.353463847229461336e+00
4.392156862745097978e-01 9.129224985354937871e+00
4.431372549019607643e-01 9.742009258971172869e+00
4.470588235294117307e-01 9.869841815262860862e+00
4.509803921568627527e-01 1.048679087769440699e+01
4.549019607843137192e-01 9.258960957431469296e+00
4.588235294117646856e-01 8.515962150073185910e+00
4.627450980392157076e-01 7.477078367542476123e+00
4.666666666666666741e-01 1.018327167895935936e+01
4.705882352941176405e-01 7.563078017408582099e+00
4.745098039215686070e-01 7.720286769902210189e+00
4.784313725490195734e-01 7.884132577192831448e+00
4.823529411764705954e-01 8.933912955856269988e+00
4.862745098039215619e-01 9.159750449166191189e+00
4.901960784313725283e-01 8.680384405350904942e+00
4.941176470588235503e-01 9.239532956120060092e+00
4.980392156862745168e-01 8.435359521218812162e+00
5.019607843137254832e-01 9.580767962359916012e+00
5.058823529411764497e-01 7.453184114689546114e+00
5.098039215686274161e-01 1.072108842966423659e+01
5.137254901960783826e-01 8.405332570283059468e+00
5.176470588235293491e-01 7.986435470095845091e+00
5.215686274509804266e-01 9.061182817719130256e+00
5.254901960784313930e-01 8.779639926262753136e+00
5.294117647058823595e-01 9.534857828797328239e+00
5.333333333333333259e-01 1.017964672215993716e+01
5.372549019607842924e-01 9.728340185269315654e+00
5.411764705882352589e-01 9.701073262010332598e+00
5.450980392156862253e-01 7.419882392414315575e+00
5.490196078431373028e-01 8.166798702471313121e+00
5.529411764705882693e-01 8.280314927034240213e+00
5.568627450980392357e-01 8.601758369489754585e+00
5.607843137254902022e-01 9.549395053061797256e+00
5.647058823529411686e-01 6.897976369788832329e+00
5.686274509803921351e-01 7.882433872212116555e+00
5.725490196078431016e-01 8.751185593419737785e+00
5.764705882352940680e-01 8.396674220249117582e+00
5.803921568627450345e-01 8.612562831922797812e+00
5.843137254901961120e-01 8.352917670103046532e+00
5.882352941176470784e-01 8.436358006574122825e+00
5.921568627450980449e-01 8.960353927719847178e+00
5.960784313725490113e-01 9.422207261296289715e+00
5.999999999999999778e-01 8.830818697028862019e+00
6.039215686274509443e-01 7.806889328920862070e+00
6.078431372549019107e-01 5.892406047287826354e+00
6.117647058823529882e-01 6.883583810520756074e+00
6.156862745098039547e-01 5.886485998783423490e+00
6.196078431372549211e-01 7.465986442549441549e+00
6.235294117647058876e-01 8.962525574121464444e+00
6.274509803921568540e-01 6.536073951877245491e+00
6.313725490196078205e-01 7.347172832732242753e+00
6.352941176470587870e-01 8.707680760055140468e+00
6.392156862745097534e-01 8.049844509674588977e+00
6.431372549019607199e-01 9.437931436401822083e+00
6.470588235294117974e-01 7.733553482026826131e+00
6.509803921568627638e-01 9.735127985853498700e+00
6.549019607843137303e-01 8.982968239551590628e+00
6.588235294117646967e-01 8.759491161568737638e+00
6.627450980392156632e-01 5.895852634779311430e+00
6.666666666666666297e-01 9.141926407432052315e+00
6.705882352941175961e-01 7.873883959504721197e+00
6.745098039215686736e-01 7.636117889515496415e+00
6.784313725490196401e-01 7.354555355715682197e+00
6.823529411764706065e-01 7.694707676307244171e+00
6.862745098039215730e-01 6.120045039267756337e+00
6.901960784313725394e-01 6.052967727111087548e+00
6.941176470588235059e-01 5.837874996146409146e+00
6.980392156862744724e-01 7.026017728913682703e+00
7.019607843137254388e-01 7.064398090993022628e+00
7.058823529411764053e-01 8.855671823735407955e+00
7.098039215686274828e-01 8.037915124339221506e+00
7.137254901960784492e-01 7.150544290333473718e+00
7.176470588235294157e-01 6.798296399605618490e+00
7.215686274509803821e-01 7.406078482797802565e+00
7.254901960784313486e-01 5.864683956506564044e+00
7.294117647058823151e-01 4.054018873566104020e+00
7.333333333333332815e-01 8.130259287902120491e+00
7.372549019607843590e-01 5.694409233912188562e+00
7.411764705882353255e-01 7.639684976877378908e+00
7.450980392156862919e-01 7.680107579067680490e+00
7.490196078431372584e-01 5.066371270065339161e+00
7.529411764705882248e-01 5.128866797791136634e+00
7.568627450980391913e-01 6.894554474064722882e+00
7.607843137254901578e-01 7.408329277285771397e+00
7.647058823529411242e-01 7.899437310249304289e+00
7.686274509803920907e-01 6.044735218180250058e+00
7.725490196078431682e-01 5.209265817748025995e+00
7.764705882352941346e-01 6.637706915100780591e+00
7.803921568627451011e-01 7.404875759899928411e+00
7.843137254901960675e-01 6.774120171804492330e+00
7.882352941176470340e-01 6.615077254910431748e+00
7.921568627450980005e-01 5.446349727807025864e+00
7.960784313725489669e-01 5.918308323015624595e+00
8.000000000000000444e-01 8.216455256009675523e+00
8.039215686274510109e-01 5.965950664826519478e+00
8.078431372549019773e-01 7.682297297310981321e+00
8.117647058823529438e-01 6.284488854438471606e+00
8.156862745098039102e-01 5.621083067133567646e+00
8.196078431372548767e-01 4.481012566745697256e+00
8.235294117647058432e-01 5.805340826584100000e+00
8.274509803921568096e-01 5.990994968011341015e+00
8.313725490196077761e-01 7.266995011908959690e+00
8.352941176470588536e-01 4.512864326862109365e+00
8.392156862745098200e-01 4.526867795190133492e+00
8.431372549019607865e-01 6.650340715670226999e+00
8.470588235294117530e-01 7.747924245412058930e+00
8.509803921568627194e-01 7.624481973660327760e+00
8.549019607843136859e-01 5.311844579060453597e+00
8.588235294117646523e-01 4.952762064243372286e+00
8.627450980392157298e-01 5.357088234150216621e+00
8.666666666666666963e-01 6.068861434389490661e+00
8.705882352941176627e-01 6.282340107695435272e+00
8.745098039215686292e-01 6.289938741797619137e+00
8.784313725490195957e-01 2.217374940300746999e+00
8.823529411764705621e-01 5.971948738182252470e+00
8.862745098039215286e-01 6.521894821824820276e+00
8.901960784313724950e-01 4.487206229432223026e+00
8.941176470588234615e-01 6.334130491070857794e+00
8.980392156862745390e-01 7.007970145365090886e+00
9.019607843137255054e-01 5.268532811318239695e+00
9.058823529411764719e-01 4.690421324126417879e+00
9.098039215686274384e-01 5.527364696748472639e+00
9.137254901960784048e-01 6.131699964915035217e+00
9.176470588235293713e-01 6.196132851546759746e+00
9.215686274509803377e-01 6.666129943348334308e+00
9.254901960784314152e-01 3.491395190826900752e+00
9.294117647058823817e-01 5.468218247903554818e+00
9.333333333333333481e-01 3.935862318718934105e+00
9.372549019607843146e-01 4.043749152498973487e+00
9.411764705882352811e-01 6.640240027107493503e+00
9.450980392156862475e-01 5.802696379893907519e+00
9.490196078431372140e-01 6.424042283203581505e+00
9.529411764705881804e-01 5.140286755124396478e+00
9.568627450980391469e-01 4.900146955839312923e+00
9.607843137254902244e-01 5.920031562102311185e+00
9.647058823529411908e-01 5.628505193990946509e+00
9.686274509803921573e-01 3.466315909877069501e+00
9.725490196078431238e-01 7.706912739252530287e+00
9.764705882352940902e-01 6.903504028558884897e+00
9.803921568627450567e-01 6.425985342424130664e+00
9.843137254901960231e-01 6.295928131268585304e+00
9.882352941176471006e-01 6.238023347510869954e+00
9.921568627450980671e-01 7.652926928097140369e+00
9.960784313725490335e-01 6.780465353632808778e+00
1.000000000000000000e+00 6.187115865076092014e+00
