0.000000000000000000e+00 7.595466323803789166e+00
3.921568627450980338e-03 7.416897326308157901e+00
7.843137254901960675e-03 7.468666325357327551e+00
1.176470588235294101e-02 7.960586589073908925e+00
1.568627450980392135e-02 7.799626991938652942e+00
1.960784313725490169e-02 5.806889575962829397e+00
2.352941176470588203e-02 5.573170949457859180e+00
2.745098039215686236e-02 4.774995093379658329e+00
3.137254901960784270e-02 6.392951422636543590e+00
3.529411764705882304e-02 7.785378211521567948e+00
3.921568627450980338e-02 9.942650618719108380e+00
4.313725490196078372e-02 6.910580553487705835e+00
4.705882352941176405e-02 7.762548481662762789e+00
5.098039215686274439e-02 5.177432983475126704e+00
5.490196078431372473e-02 6.895133948744450514e+00
5.882352941176470507e-02 5.753478916573213198e+00
6.274509803921568540e-02 9.068961636293586537e+00
6.666666666666666574e-02 6.866954420404772996e+00
7.058823529411764608e-02 8.079549780694241790e+00
7.450980392156862642e-02 6.563404743391521912e+00
7.843137254901960675e-02 7.032915284586111149e+00
8.235294117647058709e-02 6.904224625173201346e+00
8.627450980392156743e-02 4.673725900608404871e+00
9.019607843137254777e-02 7.943563069434345536e+00
9.411764705882352811e-02 7.964939259117800319e+00
9.803921568627450844e-02 6.820613960793900254e+00
1.019607843137254888e-01 7.732586867483588478e+00
1.058823529411764691e-01 6.943390199909480032e+00
1.098039215686274495e-01 7.094536904048518444e+00
1.137254901960784298e-01 4.294303306470270698e+00
1.176470588235294101e-01 6.306024151151768287e+00
1.215686274509803905e-01 6.774755284294482038e+00
1.254901960784313708e-01 5.491626947816454773e+00
1.294117647058823373e-01 6.633112014817262647e+00
1.333333333333333315e-01 7.355963894375664225e+00
1.372549019607843257e-01 8.745116174361832861e+00
1.411764705882352922e-01 5.984497931276267835e+00
1.450980392156862586e-01 6.147459222386114419e+00
1.490196078431372528e-01 5.843000317386360720e+00
1.529411764705882470e-01 7.353582303717370650e+00
1.568627450980392135e-01 7.022112551062888564e+00
1.607843137254901800e-01 7.346586284595373328e+00
1.647058823529411742e-01 7.354556194185859042e+00
1.686274509803921684e-01 6.488659989457914889e+00
1.725490196078431349e-01 5.748727057775485427e+00
1.764705882352941013e-01 5.215147409699982362e+00
1.803921568627450955e-01 6.557272248837325179e+00
1.843137254901960898e-01 5.415865318849503396e+00
1.882352941176470562e-01 6.510704691852557957e+00
1.921568627450980227e-01 7.335247292721439827e+00
1.960784313725490169e-01 5.674203049028719192e+00
2.000000000000000111e-01 5.436234444243837061e+00
2.039215686274509776e-01 4.466856899095725808e+00
2.078431372549019440e-01 2.609709458580820929e+00
2.117647058823529382e-01 6.332945453218564502e+00
2.156862745098039325e-01 7.658925841450056282e+00
2.196078431372548989e-01 9.818462182070097910e+00
2.235294117647058654e-01 7.290779693857761146e+00
2.274509803921568596e-01 6.171944825316302286e+00
2.313725490196078538e-01 4.431325981637591838e+00
2.352941176470588203e-01 5.160947181399201611e+00
2.392156862745097867e-01 8.036945550685084427e+00
2.431372549019607809e-01 9.214594919810894069e+00
2.470588235294117752e-01 8.508008056738903591e+00
2.509803921568627416e-01 8.055477053177485303e+00
2.549019607843137081e-01 6.779573052782872367e+00
2.588235294117646745e-01 7.062127907160503426e+00
2.627450980392156965e-01 4.857779071717851060e+00
2.666666666666666630e-01 7.245526513897832643e+00
2.705882352941176294e-01 9.890578307222778420e+00
2.745098039215686514e-01 7.862983609827283615e+00
2.784313725490196179e-01 8.655766673765194597e+00
2.823529411764705843e-01 8.830185885934685786e+00
2.862745098039215508e-01 8.096660492096660278e+00
2.901960784313725172e-01 6.700221170072237165e+00
2.941176470588235392e-01 6.005642371422000636e+00
2.980392156862745057e-01 5.824736097503047105e+00
3.019607843137254721e-01 7.671390399489510514e+00
3.058823529411764941e-01 8.239728841964184980e+00
3.098039215686274606e-01 6.453072950178231793e+00
3.137254901960784270e-01 5.678414881036013995e+00
3.176470588235293935e-01 4.982496942040128829e+00
3.215686274509803599e-01 4.786782713043168158e+00
3.254901960784313819e-01 4.907492957976138825e+00
3.294117647058823484e-01 4.878158679572559109e+00
3.333333333333333148e-01 4.154170859339073374e+00
3.372549019607843368e-01 5.493170875294191013e+00
3.411764705882353033e-01 7.570645131799435212e+00
3.450980392156862697e-01 5.965910000545024516e+00
3.490196078431372362e-01 2.466728575905806409e+00
3.529411764705882026e-01 2.679974616105201157e+00
3.568627450980392246e-01 4.253442750489574209e+00
3.607843137254901911e-01 3.566884093863159855e+00
3.647058823529411575e-01 7.607834999498392037e+00
3.686274509803921795e-01 8.718525837282065538e+00
3.725490196078431460e-01 6.109451220305746943e+00
3.764705882352941124e-01 4.867434020358480495e+00
3.803921568627450789e-01 5.588884815056539779e+00
3.843137254901960453e-01 5.173410471031524516e+00
3.882352941176470673e-01 4.373745507805132604e+00
3.921568627450980338e-01 5.805392951986042327e+00
3.960784313725490002e-01 6.542437081639802976e+00
4.000000000000000222e-01 8.886487917336067355e+00
4.039215686274509887e-01 6.620624117942485398e+00
4.078431372549019551e-01 4.852752778278392576e+00
4.117647058823529216e-01 3.957348362396722496e+00
4.156862745098038880e-01 4.779423769514240306e+00
4.196078431372549100e-01 4.990626434584592985e+00
4.235294117647058765e-01 6.539957849689849390e+00
4.274509803921568429e-01 6.696264647051112462e+00
4.313725490196078649e-01 7.243893152686092129e+00
4.352941176470588314e-01 7.005612532994094366e+00
4.392156862745097978e-01 4.484629275234643941e+00
4.431372549019607643e-01 4.452074899344136583e+00
4.470588235294117307e-01 5.466522601293196004e+00
4.509803921568627527e-01 4.987957668879084316e+00
4.549019607843137192e-01 7.088022778678059410e+00
4.588235294117646856e-01 7.280577478277695747e+00
4.627450980392157076e-01 7.343941825582104066e+00
4.666666666666666741e-01 4.838997077571505656e+00
4.705882352941176405e-01 5.400159879729217849e+00
4.745098039215686070e-01 3.929845766869632939e+00
4.784313725490195734e-01 5.710682446929903122e+00
4.823529411764705954e-01 5.436989232310681430e+00
4.862745098039215619e-01 8.700841718655711432e+00
4.901960784313725283e-01 6.442390393502305024e+00
4.941176470588235503e-01 6.832923916669761510e+00
4.980392156862745168e-01 6.111903202459796347e+00
5.019607843137254832e-01 5.507121518639410240e+00
5.058823529411764497e-01 7.054303120904727109e+00
5.098039215686274161e-01 6.331897639553298873e+00
5.137254901960783826e-01 6.357566211576874515e+00
5.176470588235293491e-01 7.863657819527567483e+00
5.215686274509804266e-01 5.259286702360951082e+00
5.254901960784313930e-01 8.749365913279572027e+00
5.294117647058823595e-01 5.922698053773190807e+00
5.333333333333333259e-01 6.406705201256169602e+00
5.372549019607842924e-01 6.054092803855752436e+00
5.411764705882352589e-01 6.482525152471337648e+00
5.450980392156862253e-01 7.356670916074223854e+00
5.490196078431373028e-01 7.681861649367030864e+00
5.529411764705882693e-01 7.357939062296091848e+00
5.568627450980392357e-01 5.289955373003494721e+00
5.607843137254902022e-01 5.034459172497872892e+00
5.647058823529411686e-01 4.944082840283837932e+00
5.686274509803921351e-01 6.150836367593530696e+00
5.725490196078431016e-01 6.299424325899879662e+00
5.764705882352940680e-01 6.876324493464628596e+00
5.803921568627450345e-01 4.367967941595087389e+00
5.843137254901961120e-01 5.175619771024673632e+00
5.882352941176470784e-01 4.494498804849685669e+00
5.921568627450980449e-01 5.576451109943675100e+00
5.960784313725490113e-01 7.058526725182290740e+00
5.999999999999999778e-01 5.425257976381512748e+00
6.039215686274509443e-01 5.967797697980123495e+00
6.078431372549019107e-01 6.027717158493778982e+00
6.117647058823529882e-01 8.088620341865825125e+00
6.156862745098039547e-01 6.384735416687430387e+00
6.196078431372549211e-01 4.786591706193938478e+00
6.235294117647058876e-01 4.449204999502895497e+00
6.274509803921568540e-01 2.793633441534574491e+00
6.313725490196078205e-01 7.008717718000387897e+00
6.352941176470587870e-01 6.657591680505499987e+00
6.392156862745097534e-01 6.057392975094439080e+00
6.431372549019607199e-01 5.800445122014604493e+00
6.470588235294117974e-01 3.420114224492176724e+00
6.509803921568627638e-01 3.102003889805477144e+00
6.549019607843137303e-01 4.189019356965832941e+00
6.588235294117646967e-01 5.777894771224277193e+00
6.627450980392156632e-01 8.046708485816935763e+00
6.666666666666666297e-01 8.600799827844268108e+00
6.705882352941175961e-01 6.895876118277992184e+00
6.745098039215686736e-01 4.474583194664164765e+00
6.784313725490196401e-01 5.091954514749048144e+00
6.823529411764706065e-01 5.359993936447531304e+00
6.862745098039215730e-01 5.773623868557693051e+00
6.901960784313725394e-01 5.001000560157195629e+00
6.941176470588235059e-01 5.729546532273429804e+00
6.980392156862744724e-01 5.673092087376302217e+00
7.019607843137254388e-01 4.272852418099172489e+00
7.058823529411764053e-01 4.233856836594554807e+00
7.098039215686274828e-01 5.219461683386304784e+00
7.137254901960784492e-01 4.809574141948181669e+00
7.176470588235294157e-01 4.736936011442407946e+00
7.215686274509803821e-01 6.178465494786298251e+00
7.254901960784313486e-01 3.771060172568305724e+00
7.294117647058823151e-01 6.943696409265031733e+00
7.333333333333332815e-01 4.713951145498067596e+00
7.372549019607843590e-01 4.360206402892068844e+00
7.411764705882353255e-01 4.686826116881565696e+00
7.450980392156862919e-01 2.994979187399239517e+00
7.490196078431372584e-01 5.737777633920158493e+00
7.529411764705882248e-01 5.564557313651713244e+00
7.568627450980391913e-01 7.032359013158755445e+00
7.607843137254901578e-01 2.748757493471850388e+00
7.647058823529411242e-01 3.061319112002236054e+00
7.686274509803920907e-01 3.883757412057791125e+00
7.725490196078431682e-01 3.904072629824421270e+00
7.764705882352941346e-01 2.737045432745706552e+00
7.803921568627451011e-01 3.418533072910849846e+00
7.843137254901960675e-01 4.950354231283981221e+00
7.882352941176470340e-01 3.951464274606415028e+00
7.921568627450980005e-01 4.964656505252347252e+00
7.960784313725489669e-01 4.234344244601626173e+00
8.000000000000000444e-01 4.845607781089102950e+00
8.039215686274510109e-01 3.483167979107318679e+00
8.078431372549019773e-01 3.296650968105295121e+00
8.117647058823529438e-01 3.439973587611967698e+00
8.156862745098039102e-01 3.753780509041741986e+00
8.196078431372548767e-01 5.184358412289340912e+00
8.235294117647058432e-01 6.028258949206554362e+00
8.274509803921568096e-01 3.810626441681334242e+00
8.313725490196077761e-01 5.103785399492605457e+00
8.352941176470588536e-01 9.999575345480820054e-01
8.392156862745098200e-01 5.014343480101086215e+00
8.431372549019607865e-01 5.416578889639080074e+00
8.470588235294117530e-01 5.318001691678988507e+00
8.509803921568627194e-01 5.015775667130720095e+00
8.549019607843136859e-01 3.273604079582503878e+00
8.588235294117646523e-01 5.409421808176003488e+00
8.627450980392157298e-01 2.795677431872397367e+00
8.666666666666666963e-01 3.129716393358295434e+00
8.705882352941176627e-01 5.628670852314609618e+00
8.745098039215686292e-01 5.797139639857306292e+00
8.784313725490195957e-01 3.357222364011514415e+00
8.823529411764705621e-01 3.608630662050987592e+00
8.862745098039215286e-01 3.145742004631066457e+00
8.901960784313724950e-01 3.177759797508947326e+00
8.941176470588234615e-01 5.560104641627318323e+00
8.980392156862745390e-01 1.853674910946355947e+00
9.019607843137255054e-01 3.941928239058718031e+00
9.058823529411764719e-01 2.657025758105429958e+00
9.098039215686274384e-01 2.876830965947206664e+00
9.137254901960784048e-01 3.741221040342716631e+00
9.176470588235293713e-01 1.426720230766358455e+00
9.215686274509803377e-01 3.466550495153819078e+00
9.254901960784314152e-01 2.858392777402717577e+00
9.294117647058823817e-01 5.006034764151531924e+00
9.333333333333333481e-01 2.779861161445806417e+00
9.372549019607843146e-01 4.237974302984000907e+00
9.411764705882352811e-01 3.371580862904715481e+00
9.450980392156862475e-01 3.460130227711176065e+00
9.490196078431372140e-01 4.974815225074604719e+00
9.529411764705881804e-01 4.319660644023672447e+00
9.568627450980391469e-01 4.326172852971049920e+00
9.607843137254902244e-01 6.103580465914688169e+00
9.647058823529411908e-01 3.443583665253533876e+00
9.686274509803921573e-01 3.236329915671896096e+00
9.725490196078431238e-01 4.146976556308690220e+00
9.764705882352940902e-01 3.976675716583027764e+00
9.803921568627450567e-01 5.319697446071785407e+00
9.843137254901960231e-01 3.092833578904486735e+00
9.882352941176471006e-01 4.822829070789071082e+00
9.921568627450980671e-01 4.504080312581554502e+00
9.960784313725490335e-01 3.869804629432719079e+00
1.000000000000000000e+00 3.520510231419311520e+00
