0.000000000000000000e+00 2.371561253410720216e+00
3.921568627450980338e-03 5.280136455666433193e+00
7.843137254901960675e-03 6.507563659326494943e+00
1.176470588235294101e-02 7.438025798112107623e+00
1.568627450980392135e-02 4.900442386789170435e+00
1.960784313725490169e-02 2.961337215266111933e+00
2.352941176470588203e-02 2.657316904022070325e+00
2.745098039215686236e-02 3.471456433658162144e+00
3.137254901960784270e-02 4.413738140332397641e+00
3.529411764705882304e-02 2.954741913222743044e+00
3.921568627450980338e-02 2.925778029739598551e+00
4.313725490196078372e-02 2.249496670198921411e+00
4.705882352941176405e-02 2.372157319821367238e+00
5.098039215686274439e-02 4.385517582741060849e+00
5.490196078431372473e-02 9.959590469725965178e-01
5.882352941176470507e-02 4.167221829693151136e+00
6.274509803921568540e-02 2.096290203174012490e+00
6.666666666666666574e-02 2.375616055688042572e+00
7.058823529411764608e-02 2.147880654107086063e+00
7.450980392156862642e-02 4.895164077589191365e+00
7.843137254901960675e-02 2.704661484963762685e+00
8.235294117647058709e-02 3.870052372958052267e+00
8.627450980392156743e-02 9.018513848478890704e-01
9.019607843137254777e-02 7.413326220563789537e-01
9.411764705882352811e-02 1.631301434226971381e+00
9.803921568627450844e-02 4.281434142132006571e+00
1.019607843137254888e-01 1.731005231159289393e+00
1.058823529411764691e-01 2.950277224195037462e+00
1.098039215686274495e-01 2.599685291080625404e+00
1.137254901960784298e-01 2.383652721960327625e+00
1.176470588235294101e-01 1.836241948664099954e+00
1.215686274509803905e-01 1.884097106626203555e-02
1.254901960784313708e-01 2.494797692858917504e+00
1.294117647058823373e-01 3.744595525932078228e+00
1.333333333333333315e-01 2.545334492638767543e+00
1.372549019607843257e-01 2.604758586172661872e+00
1.411764705882352922e-01 3.753072209311474339e+00
1.450980392156862586e-01 3.478625819714897816e+00
1.490196078431372528e-01 -1.395980012642056067e+00
1.529411764705882470e-01 1.339628232790621709e-01
1.568627450980392135e-01 4.024773380715502835e-01
1.607843137254901800e-01 6.306014600348777144e-01
1.647058823529411742e-01 3.348432849641023168e-01
1.686274509803921684e-01 2.060597774139037774e+00
1.725490196078431349e-01 2.583702043150618799e+00
1.764705882352941013e-01 1.535147939599394329e+00
1.803921568627450955e-01 1.735445337072901717e+00
1.843137254901960898e-01 7.996745314301467733e-01
1.882352941176470562e-01 2.760037763458984994e+00
1.921568627450980227e-01 9.954876810534558640e-01
1.960784313725490169e-01 8.296910370108177002e-01
2.000000000000000111e-01 -1.851198751335085824e-01
2.039215686274509776e-01 2.191804759901132549e-01
2.078431372549019440e-01 6.660121705003652082e-01
2.117647058823529382e-01 2.600414620635272733e+00
2.156862745098039325e-01 2.839010366806394181e+00
2.196078431372548989e-01 1.610998344626957790e+00
2.235294117647058654e-01 2.425682878265601250e+00
2.274509803921568596e-01 2.442872298706036727e+00
2.313725490196078538e-01 9.539415475807548894e-01
2.352941176470588203e-01 1.209409336912197208e+00
2.392156862745097867e-01 3.261817519046497971e+00
2.431372549019607809e-01 4.158095660573654762e+00
2.470588235294117752e-01 6.123854207165448926e+00
2.509803921568627416e-01 5.766761197203571498e+00
2.549019607843137081e-01 3.572333328023525656e+00
2.588235294117646745e-01 4.332500821543479930e+00
2.627450980392156965e-01 5.001903373763231464e+00
2.666666666666666630e-01 3.633063260078919221e+00
2.705882352941176294e-01 3.322872682863046379e+00
2.745098039215686514e-01 3.690796944871850283e+00
2.784313725490196179e-01 4.833877967341591031e+00
2.823529411764705843e-01 6.574436429236093282e+00
2.862745098039215508e-01 7.661708545741680254e+00
2.901960784313725172e-01 7.644646477824913688e+00
2.941176470588235392e-01 6.048270951726594902e+00
2.980392156862745057e-01 4.112618945235083423e+00
3.019607843137254721e-01 5.322482632766623922e+00
3.058823529411764941e-01 6.488996306147241100e+00
3.098039215686274606e-01 6.072762506283120310e+00
3.137254901960784270e-01 8.351203324311640586e+00
3.176470588235293935e-01 8.604042324150231735e+00
3.215686274509803599e-01 9.238690322274042188e+00
3.254901960784313819e-01 7.746950021554008359e+00
3.294117647058823484e-01 5.503545664871626109e+00
3.333333333333333148e-01 3.255409017163048979e+00
3.372549019607843368e-01 3.459695651672736627e+00
3.411764705882353033e-01 5.302390092552880851e+00
3.450980392156862697e-01 8.267569533204502719e+00
3.490196078431372362e-01 7.724571185372994364e+00
3.529411764705882026e-01 6.067296809824471282e+00
3.568627450980392246e-01 6.958549352017572964e+00
3.607843137254901911e-01 5.148160043955680720e+00
3.647058823529411575e-01 4.228336195539503350e+00
3.686274509803921795e-01 3.395948063743718048e+00
3.725490196078431460e-01 5.048104779051644897e+00
3.764705882352941124e-01 6.026920848114036389e+00
3.803921568627450789e-01 8.406790890970002650e+00
3.843137254901960453e-01 5.801335111453560067e+00
3.882352941176470673e-01 7.385445534845816340e+00
3.921568627450980338e-01 6.663063569024418875e+00
3.960784313725490002e-01 5.430496879074505401e+00
4.000000000000000222e-01 5.556027871303641952e+00
4.039215686274509887e-01 3.756082387262060340e+00
4.078431372549019551e-01 3.566720340071063422e+00
4.117647058823529216e-01 7.438756785753396272e+00
4.156862745098038880e-01 6.549889984917693475e+00
4.196078431372549100e-01 5.256573732859832759e+00
4.235294117647058765e-01 4.832052199182941266e+00
4.274509803921568429e-01 4.959257870643220656e+00
4.313725490196078649e-01 4.750681147880924549e+00
4.352941176470588314e-01 5.913411839883240262e+00
4.392156862745097978e-01 5.939207288137316354e+00
4.431372549019607643e-01 5.565596578605757294e+00
4.470588235294117307e-01 7.362348373344566710e+00
4.509803921568627527e-01 6.370374028820928736e+00
4.549019607843137192e-01 4.970976106437275277e+00
4.588235294117646856e-01 6.698579958989832939e+00
4.627450980392157076e-01 7.198809452756117722e+00
4.666666666666666741e-01 7.243601252374867627e+00
4.705882352941176405e-01 8.334860236630506236e+00
4.745098039215686070e-01 6.242257467684008354e+00
4.784313725490195734e-01 6.404159554714477842e+00
4.823529411764705954e-01 7.961539943495612448e+00
4.862745098039215619e-01 7.952613559487149431e+00
4.901960784313725283e-01 7.080202616629886592e+00
4.941176470588235503e-01 7.666990340816722593e+00
4.980392156862745168e-01 6.189063105701379186e+00
5.019607843137254832e-01 6.102732712253373215e+00
5.058823529411764497e-01 6.626816784214415890e+00
5.098039215686274161e-01 5.859107215307363781e+00
5.137254901960783826e-01 6.046618015174241023e+00
5.176470588235293491e-01 6.262017462072495988e+00
5.215686274509804266e-01 6.893365038609298168e+00
5.254901960784313930e-01 6.886505435558459176e+00
5.294117647058823595e-01 7.597251155110217979e+00
5.333333333333333259e-01 8.442652388277366526e+00
5.372549019607842924e-01 7.760875253891962089e+00
5.411764705882352589e-01 9.707485929634245281e+00
5.450980392156862253e-01 7.186887689081618902e+00
5.490196078431373028e-01 7.066510452143099030e+00
5.529411764705882693e-01 8.117407865248022603e+00
5.568627450980392357e-01 6.424230108659559235e+00
5.607843137254902022e-01 7.549001852209359598e+00
5.647058823529411686e-01 6.750173300950908839e+00
5.686274509803921351e-01 6.974183136657433835e+00
5.725490196078431016e-01 6.847098028694242444e+00
5.764705882352940680e-01 6.160203310574035029e+00
5.803921568627450345e-01 5.965196874641680580e+00
5.843137254901961120e-01 6.017737793927174117e+00
5.882352941176470784e-01 6.429592532015018236e+00
5.921568627450980449e-01 6.544227356476245205e+00
5.960784313725490113e-01 5.531974195600754207e+00
5.999999999999999778e-01 6.792826165629454849e+00
6.039215686274509443e-01 5.057658910249696937e+00
6.078431372549019107e-01 5.898461761539168791e+00
6.117647058823529882e-01 5.009243141639932340e+00
6.156862745098039547e-01 4.425451518617096625e+00
6.196078431372549211e-01 5.746463206939467661e+00
6.235294117647058876e-01 5.634447664862562988e+00
6.274509803921568540e-01 4.860024107145789252e+00
6.313725490196078205e-01 6.739546947646972264e+00
6.352941176470587870e-01 5.785122596728561994e+00
6.392156862745097534e-01 5.185424477910270724e+00
6.431372549019607199e-01 4.496477664490589277e+00
6.470588235294117974e-01 7.016737170442796767e+00
6.509803921568627638e-01 5.568395926912636185e+00
6.549019607843137303e-01 5.784707454995195341e+00
6.588235294117646967e-01 5.234450672724319631e+00
6.627450980392156632e-01 3.772200328299270211e+00
6.666666666666666297e-01 5.631864487803699859e+00
6.705882352941175961e-01 5.372176911593054882e+00
6.745098039215686736e-01 4.699337489705881055e+00
6.784313725490196401e-01 4.855643933979988169e+00
6.823529411764706065e-01 6.758527160379599330e+00
6.862745098039215730e-01 8.063385713433255830e+00
6.901960784313725394e-01 5.666384028649396498e+00
6.941176470588235059e-01 5.603613314208885754e+00
6.980392156862744724e-01 5.622319975507361178e+00
7.019607843137254388e-01 6.199165672132076921e+00
7.058823529411764053e-01 3.430093419228556595e+00
7.098039215686274828e-01 3.537251915992929874e+00
7.137254901960784492e-01 4.529722111336598189e+00
7.176470588235294157e-01 5.949189235789201113e+00
7.215686274509803821e-01 8.198708911730857807e+00
7.254901960784313486e-01 5.433921213495904290e+00
7.294117647058823151e-01 6.314264510019878429e+00
7.333333333333332815e-01 4.636717163912654094e+00
7.372549019607843590e-01 4.429987099349856017e+00
7.411764705882353255e-01 3.753891085138501005e+00
7.450980392156862919e-01 3.362979055827454822e+00
7.490196078431372584e-01 3.440528351553393094e+00
7.529411764705882248e-01 5.994738590991227412e+00
7.568627450980391913e-01 4.043759034924881313e+00
7.607843137254901578e-01 6.497005784085487790e+00
7.647058823529411242e-01 5.863764005022757964e+00
7.686274509803920907e-01 6.590311936510364177e+00
7.725490196078431682e-01 3.745648005974944628e+00
7.764705882352941346e-01 2.068677751385699537e+00
7.803921568627451011e-01 1.860265634359374198e+00
7.843137254901960675e-01 2.789933326529312918e+00
7.882352941176470340e-01 3.475242882611710549e+00
7.921568627450980005e-01 4.255159524288004036e+00
7.960784313725489669e-01 5.075729980313581358e+00
8.000000000000000444e-01 2.497533047639608483e+00
8.039215686274510109e-01 2.428366566298162610e+00
8.078431372549019773e-01 8.719228715441564859e-01
8.117647058823529438e-01 2.978513586324570195e+00
8.156862745098039102e-01 2.932429276828729225e+00
8.196078431372548767e-01 4.368726663691202994e+00
8.235294117647058432e-01 3.860166719003528257e+00
8.274509803921568096e-01 2.409357767106069748e+00
8.313725490196077761e-01 4.207614495718089209e+00
8.352941176470588536e-01 4.228598817232697371e+00
8.392156862745098200e-01 2.104989889852880047e+00
8.431372549019607865e-01 3.706119008186922859e+00
8.470588235294117530e-01 3.018619645349479352e+00
8.509803921568627194e-01 2.583098297832609358e+00
8.549019607843136859e-01 4.757535058539655637e+00
8.588235294117646523e-01 1.187295202403540362e+00
8.627450980392157298e-01 7.580917963550495298e-01
8.666666666666666963e-01 1.414116088322104003e+00
8.705882352941176627e-01 1.485854275205374275e+00
8.745098039215686292e-01 -6.821763196499204263e-01
8.784313725490195957e-01 1.591162212063701897e+00
8.823529411764705621e-01 1.539084439483793032e+00
8.862745098039215286e-01 3.796244757903794564e+00
8.901960784313724950e-01 2.655112878469721327e+00
8.941176470588234615e-01 2.282692303498704334e+00
8.980392156862745390e-01 1.188038067529646247e+00
9.019607843137255054e-01 1.979998147082708160e+00
9.058823529411764719e-01 1.189920439170978117e+00
9.098039215686274384e-01 2.877582242590231321e+00
9.137254901960784048e-01 2.327510930646270459e+00
9.176470588235293713e-01 3.660506202714973067e+00
9.215686274509803377e-01 4.075375954668661649e+00
9.254901960784314152e-01 3.167371209929749298e+00
9.294117647058823817e-01 2.965489423489434007e+00
9.333333333333333481e-01 2.101831814961575340e+00
9.372549019607843146e-01 7.043063685989183753e-01
9.411764705882352811e-01 1.706459314650704551e+00
9.450980392156862475e-01 2.093001356136613644e+00
9.490196078431372140e-01 1.789946098792120077e+00
9.529411764705881804e-01 1.380413832521992790e+00
9.568627450980391469e-01 1.532013180175426648e+00
9.607843137254902244e-01 4.958930063191808735e-01
9.647058823529411908e-01 2.310786562543959199e+00
9.686274509803921573e-01 4.434591086115813319e+00
9.725490196078431238e-01 2.595885325442986780e+00
9.764705882352940902e-01 2.490439359611816617e+00
9.803921568627450567e-01 2.472260859766285179e+00
9.843137254901960231e-01 6.845426362730235859e-01
9.882352941176471006e-01 1.966046044608785293e+00
9.921568627450980671e-01 1.846608394929235564e+00
9.960784313725490335e-01 8.779112884917954496e-01
1.000000000000000000e+00 6.417369014150682283e-01
