0.000000000000000000e+00 4.365029700187828432e+00
3.921568627450980338e-03 3.976194847812595690e+00
7.843137254901960675e-03 5.590190069557316122e+00
1.176470588235294101e-02 3.491078504524232518e+00
1.568627450980392135e-02 3.556915506716277875e+00
1.960784313725490169e-02 3.137429132796726083e+00
2.352941176470588203e-02 2.672303358936483519e+00
2.745098039215686236e-02 2.905600475240530223e+00
3.137254901960784270e-02 4.509367865855823609e+00
3.529411764705882304e-02 3.539238678186089615e+00
3.921568627450980338e-02 2.868479753822394951e+00
4.313725490196078372e-02 2.663670767261017147e+00
4.705882352941176405e-02 4.957759525648286036e+00
5.098039215686274439e-02 1.479558659412325561e+00
5.490196078431372473e-02 3.267236341118435750e+00
5.882352941176470507e-02 4.243361390608969330e+00
6.274509803921568540e-02 3.908081577817130281e+00
6.666666666666666574e-02 3.847515003060689498e+00
7.058823529411764608e-02 4.340623001140241577e+00
7.450980392156862642e-02 4.311009033196273599e+00
7.843137254901960675e-02 3.420969468210329545e+00
8.235294117647058709e-02 1.774429945467529635e+00
8.627450980392156743e-02 4.353291885833311170e+00
9.019607843137254777e-02 4.535945591782537534e+00
9.411764705882352811e-02 4.008267167604914860e+00
9.803921568627450844e-02 2.524733269953639336e+00
1.019607843137254888e-01 3.781965026867412316e+00
1.058823529411764691e-01 2.009457445481741544e+00
1.098039215686274495e-01 3.815718768429642971e+00
1.137254901960784298e-01 3.176007030782789897e+00
1.176470588235294101e-01 4.126788551460919052e+00
1.215686274509803905e-01 3.887241208329739628e+00
1.254901960784313708e-01 2.792146653443117188e+00
1.294117647058823373e-01 4.137039367704808512e+00
1.333333333333333315e-01 4.251680942171513600e+00
1.372549019607843257e-01 4.100591910015108255e+00
1.411764705882352922e-01 5.672724203320037795e+00
1.450980392156862586e-01 3.604758538432603299e+00
1.490196078431372528e-01 2.805614563974733411e+00
1.529411764705882470e-01 2.978714936159392757e+00
1.568627450980392135e-01 2.048202329996831050e+00
1.607843137254901800e-01 3.088839207284498567e+00
1.647058823529411742e-01 4.040955626943344647e+00
1.686274509803921684e-01 2.993279759903708204e+00
1.725490196078431349e-01 2.392683391779108604e+00
1.764705882352941013e-01 5.411774336027484367e+00
1.803921568627450955e-01 5.190422651110352170e+00
1.843137254901960898e-01 3.321516297745256807e+00
1.882352941176470562e-01 2.821021174839070333e+00
1.921568627450980227e-01 3.043490894069825536e+00
1.960784313725490169e-01 4.049062934141648640e+00
2.000000000000000111e-01 5.386532839956551300e+00
2.039215686274509776e-01 5.618911768462144352e+00
2.078431372549019440e-01 5.747903045476971506e+00
2.117647058823529382e-01 4.430126697944091418e+00
2.156862745098039325e-01 3.266908126876069574e+00
2.196078431372548989e-01 3.560546851865570517e+00
2.235294117647058654e-01 4.780961380678414585e+00
2.274509803921568596e-01 3.774632759853012498e+00
2.313725490196078538e-01 3.911790699882949252e+00
2.352941176470588203e-01 4.640922473674827131e+00
2.392156862745097867e-01 3.834356541740987723e+00
2.431372549019607809e-01 2.263881326153516227e+00
2.470588235294117752e-01 4.146399389996607177e+00
2.509803921568627416e-01 5.320828236791999899e+00
2.549019607843137081e-01 3.469041565384931580e+00
2.588235294117646745e-01 4.054963159054244315e+00
2.627450980392156965e-01 5.522560558678017983e+00
2.666666666666666630e-01 2.478774815015436950e+00
2.705882352941176294e-01 4.557861853361211857e+00
2.745098039215686514e-01 6.674684492694069604e+00
2.784313725490196179e-01 4.478234126366450241e+00
2.823529411764705843e-01 4.001840772695838488e+00
2.862745098039215508e-01 4.995785262787478587e+00
2.901960784313725172e-01 3.454525825035198672e+00
2.941176470588235392e-01 4.456847915372044611e+00
2.980392156862745057e-01 3.003143695539647329e+00
3.019607843137254721e-01 3.898751615663034187e+00
3.058823529411764941e-01 4.654586515732719754e+00
3.098039215686274606e-01 2.642473172701634176e+00
3.137254901960784270e-01 3.880687873693227985e+00
3.176470588235293935e-01 7.289624682427726654e+00
3.215686274509803599e-01 6.457608192177278106e+00
3.254901960784313819e-01 4.620245843370527794e+00
3.294117647058823484e-01 5.820516345043340145e+00
3.333333333333333148e-01 5.146001074531287856e+00
3.372549019607843368e-01 5.807392737619951895e+00
3.411764705882353033e-01 6.562206905543717994e+00
3.450980392156862697e-01 5.783045263519333901e+00
3.490196078431372362e-01 6.612906462865915103e+00
3.529411764705882026e-01 6.154794797944875384e+00
3.568627450980392246e-01 7.542898482865201260e+00
3.607843137254901911e-01 5.498636149383782978e+00
3.647058823529411575e-01 4.943616441761001568e+00
3.686274509803921795e-01 3.923543766021963197e+00
3.725490196078431460e-01 3.855404372246331590e+00
3.764705882352941124e-01 6.883120624820994848e+00
3.803921568627450789e-01 7.360696513906265892e+00
3.843137254901960453e-01 7.719787103966406328e+00
3.882352941176470673e-01 6.994720630876085643e+00
3.921568627450980338e-01 8.068329238565361550e+00
3.960784313725490002e-01 7.076040122142485345e+00
4.000000000000000222e-01 7.835343761437227883e+00
4.039215686274509887e-01 5.638972707948857632e+00
4.078431372549019551e-01 5.041046462370625036e+00
4.117647058823529216e-01 9.735546702622334791e+00
4.156862745098038880e-01 7.126938634338341849e+00
4.196078431372549100e-01 5.596234426212031821e+00
4.235294117647058765e-01 6.745693811685931074e+00
4.274509803921568429e-01 6.604376427668563920e+00
4.313725490196078649e-01 7.454101272680000889e+00
4.352941176470588314e-01 6.384768615086203525e+00
4.392156862745097978e-01 7.837254294623686945e+00
4.431372549019607643e-01 6.628682835950576724e+00
4.470588235294117307e-01 7.122492179473129070e+00
4.509803921568627527e-01 7.823628988400157525e+00
4.549019607843137192e-01 7.271218631989899706e+00
4.588235294117646856e-01 7.770631246745925758e+00
4.627450980392157076e-01 8.822271603586736788e+00
4.666666666666666741e-01 7.921551543250594740e+00
4.705882352941176405e-01 9.798235443690627378e+00
4.745098039215686070e-01 7.380017605551016935e+00
4.784313725490195734e-01 6.939205326004605823e+00
4.823529411764705954e-01 6.356677511525050228e+00
4.862745098039215619e-01 6.916331855453837107e+00
4.901960784313725283e-01 7.231752837945112589e+00
4.941176470588235503e-01 5.173450994431822103e+00
4.980392156862745168e-01 7.000853798427247199e+00
5.019607843137254832e-01 6.742928328010139083e+00
5.058823529411764497e-01 6.605299773748007475e+00
5.098039215686274161e-01 6.370921452557844589e+00
5.137254901960783826e-01 9.407070638396335838e+00
5.176470588235293491e-01 7.917736851627799055e+00
5.215686274509804266e-01 8.272253053361760422e+00
5.254901960784313930e-01 7.896077227370266627e+00
5.294117647058823595e-01 6.749948663740179988e+00
5.333333333333333259e-01 9.203645671964228114e+00
5.372549019607842924e-01 8.483416703960070748e+00
5.411764705882352589e-01 8.089056080595833365e+00
5.450980392156862253e-01 9.576766459518054830e+00
5.490196078431373028e-01 6.821060118653479165e+00
5.529411764705882693e-01 8.245001336994281615e+00
5.568627450980392357e-01 8.379049647880632889e+00
5.607843137254902022e-01 9.275829542780613224e+00
5.647058823529411686e-01 9.392411068151197640e+00
5.686274509803921351e-01 7.924702320059065386e+00
5.725490196078431016e-01 9.664794305147657028e+00
5.764705882352940680e-01 8.997901191519545705e+00
5.803921568627450345e-01 8.034879829745586122e+00
5.843137254901961120e-01 8.956131330874445240e+00
5.882352941176470784e-01 8.999871134186834709e+00
5.921568627450980449e-01 8.919151056014799295e+00
5.960784313725490113e-01 8.806735351841393111e+00
5.999999999999999778e-01 8.680846044268738737e+00
6.039215686274509443e-01 8.117071052816410059e+00
6.078431372549019107e-01 6.998834793899691320e+00
6.117647058823529882e-01 9.852667549744467124e+00
6.156862745098039547e-01 8.239682108483412648e+00
6.196078431372549211e-01 7.395020901015675108e+00
6.235294117647058876e-01 8.971167341518990312e+00
6.274509803921568540e-01 8.842689576708437471e+00
6.313725490196078205e-01 7.191238062073392001e+00
6.352941176470587870e-01 9.807992758715327497e+00
6.392156862745097534e-01 6.679437679831736752e+00
6.431372549019607199e-01 1.050269438606303396e+01
6.470588235294117974e-01 1.065714662866275120e+01
6.509803921568627638e-01 1.098137345025173062e+01
6.549019607843137303e-01 9.109704346386568119e+00
6.588235294117646967e-01 7.750580460324478338e+00
6.627450980392156632e-01 8.889238348480926533e+00
6.666666666666666297e-01 8.951688990495037856e+00
6.705882352941175961e-01 1.082704544493887155e+01
6.745098039215686736e-01 9.283665641819196068e+00
6.784313725490196401e-01 8.030719554015076866e+00
6.823529411764706065e-01 8.312508704921805602e+00
6.862745098039215730e-01 1.023699288737724089e+01
6.901960784313725394e-01 9.530173041715164217e+00
6.941176470588235059e-01 9.293843161947197729e+00
6.980392156862744724e-01 8.584840178128843036e+00
7.019607843137254388e-01 9.148770853156964478e+00
7.058823529411764053e-01 9.290193482417622661e+00
7.098039215686274828e-01 9.299795907978330334e+00
7.137254901960784492e-01 9.181800337639634435e+00
7.176470588235294157e-01 1.085163354947476044e+01
7.215686274509803821e-01 9.585882590265839553e+00
7.254901960784313486e-01 8.935348412256942652e+00
7.294117647058823151e-01 1.005554578860659909e+01
7.333333333333332815e-01 8.565402105862155224e+00
7.372549019607843590e-01 8.538231944550181751e+00
7.411764705882353255e-01 7.171130155641444404e+00
7.450980392156862919e-01 7.539494282416487003e+00
7.490196078431372584e-01 7.616571512170062341e+00
7.529411764705882248e-01 8.034585385266924007e+00
7.568627450980391913e-01 8.161572267530379676e+00
7.607843137254901578e-01 8.456160551830789629e+00
7.647058823529411242e-01 8.182387224052085628e+00
7.686274509803920907e-01 9.462157458094162976e+00
7.725490196078431682e-01 1.004687563673367734e+01
7.764705882352941346e-01 8.759246569557538109e+00
7.803921568627451011e-01 1.009090092737263689e+01
7.843137254901960675e-01 9.133372652342961473e+00
7.882352941176470340e-01 8.681494784742946891e+00
7.921568627450980005e-01 7.871021665603220363e+00
7.960784313725489669e-01 1.088366589298403930e+01
8.000000000000000444e-01 9.523484604385373586e+00
8.039215686274510109e-01 8.703193041797735674e+00
8.078431372549019773e-01 8.462682888237367251e+00
8.117647058823529438e-01 8.377461649276638056e+00
8.156862745098039102e-01 7.452104573555914158e+00
8.196078431372548767e-01 9.458784521131454071e+00
8.235294117647058432e-01 8.900579739992078743e+00
8.274509803921568096e-01 9.116601093351320628e+00
8.313725490196077761e-01 8.583289187607412885e+00
8.352941176470588536e-01 8.937759606677319724e+00
8.392156862745098200e-01 7.073061882940921308e+00
8.431372549019607865e-01 8.984119216509810713e+00
8.470588235294117530e-01 9.512870649710654547e+00
8.509803921568627194e-01 7.458647864829465846e+00
8.549019607843136859e-01 1.016360424090081160e+01
8.588235294117646523e-01 9.563538371860042631e+00
8.627450980392157298e-01 7.763503471604811246e+00
8.666666666666666963e-01 7.121277436726871635e+00
8.705882352941176627e-01 8.047198881205423149e+00
8.745098039215686292e-01 8.373196658143818638e+00
8.784313725490195957e-01 8.102479051683346256e+00
8.823529411764705621e-01 7.107446452041727092e+00
8.862745098039215286e-01 8.559900524579100889e+00
8.901960784313724950e-01 7.476500189086778825e+00
8.941176470588234615e-01 9.296987977593275332e+00
8.980392156862745390e-01 8.703202577336879742e+00
9.019607843137255054e-01 9.908027113368452987e+00
9.058823529411764719e-01 8.986643429535485339e+00
9.098039215686274384e-01 8.435219406938202269e+00
9.137254901960784048e-01 9.078208837539754938e+00
9.176470588235293713e-01 8.613267070048175711e+00
9.215686274509803377e-01 1.008015031396868544e+01
9.254901960784314152e-01 5.852599050348033849e+00
9.294117647058823817e-01 8.320320785393368723e+00
9.333333333333333481e-01 7.572084300663425083e+00
9.372549019607843146e-01 6.692253176227167977e+00
9.411764705882352811e-01 9.913971754897229260e+00
9.450980392156862475e-01 8.771731040547075864e+00
9.490196078431372140e-01 8.977563190686044692e+00
9.529411764705881804e-01 7.060511378186983045e+00
9.568627450980391469e-01 7.598106339514556495e+00
9.607843137254902244e-01 8.222250592628565613e+00
9.647058823529411908e-01 7.542876523018636981e+00
9.686274509803921573e-01 8.458474250124588423e+00
9.725490196078431238e-01 4.417006105422590423e+00
9.764705882352940902e-01 6.946998260104370715e+00
9.803921568627450567e-01 7.899284695652902144e+00
9.843137254901960231e-01 7.052530603656125052e+00
9.882352941176471006e-01 7.911975973514475236e+00
9.921568627450980671e-01 6.008478091862457404e+00
9.960784313725490335e-01 5.175412337684592856e+00
1.000000000000000000e+00 6.955331297085319164e+00
