0.000000000000000000e+00 1.387584922817005184e+00
3.921568627450980338e-03 1.469565745650414312e+00
7.843137254901960675e-03 1.694954734773211680e+00
1.176470588235294101e-02 2.170827345076430159e+00
1.568627450980392135e-02 3.400463736182155916e+00
1.960784313725490169e-02 1.965947414374166424e+00
2.352941176470588203e-02 2.805450173995704954e+00
2.745098039215686236e-02 3.607755711310779212e+00
3.137254901960784270e-02 4.432663352335787010e+00
3.529411764705882304e-02 1.975887051159023411e+00
3.921568627450980338e-02 6.522837373947152351e-01
4.313725490196078372e-02 1.986248603956567438e+00
4.705882352941176405e-02 3.179315497255143619e+00
5.098039215686274439e-02 2.997454957681221721e+00
5.490196078431372473e-02 1.807585959069885284e+00
5.882352941176470507e-02 8.569858788444402187e-01
6.274509803921568540e-02 1.860333806100813447e+00
6.666666666666666574e-02 1.674706428517911405e-01
7.058823529411764608e-02 2.945003406213189123e+00
7.450980392156862642e-02 1.255922182155504441e+00
7.843137254901960675e-02 2.998556787074910357e+00
8.235294117647058709e-02 1.913627922940652093e+00
8.627450980392156743e-02 8.018276972788642709e-01
9.019607843137254777e-02 4.268642728902305450e-02
9.411764705882352811e-02 2.549046248448627594e-02
9.803921568627450844e-02 2.867076655073441671e+00
1.019607843137254888e-01 1.901573304864411451e+00
1.058823529411764691e-01 4.705460663795188125e+00
1.098039215686274495e-01 2.228600353740397111e+00
1.137254901960784298e-01 2.450148840903465075e+00
1.176470588235294101e-01 9.897497840291331617e-01
1.215686274509803905e-01 -1.062258518086162340e+00
1.254901960784313708e-01 1.029969211759206305e+00
1.294117647058823373e-01 4.156568745718045577e+00
1.333333333333333315e-01 5.045430541152384762e+00
1.372549019607843257e-01 3.084891696280683160e+00
1.411764705882352922e-01 2.125009059034434156e+00
1.450980392156862586e-01 2.548563973820644257e+00
1.490196078431372528e-01 1.403527835899125664e+00
1.529411764705882470e-01 4.534668723736212215e+00
1.568627450980392135e-01 2.440585724282206215e+00
1.607843137254901800e-01 2.770566324098567179e+00
1.647058823529411742e-01 2.878615514315369328e+00
1.686274509803921684e-01 2.453192894084797793e+00
1.725490196078431349e-01 3.588550922606010829e+00
1.764705882352941013e-01 1.744912230436628464e+00
1.803921568627450955e-01 2.632397496052250929e+00
1.843137254901960898e-01 3.142760360354221572e+00
1.882352941176470562e-01 4.888754145978111865e+00
1.921568627450980227e-01 3.896945984600493684e+00
1.960784313725490169e-01 1.189637822358119212e+00
2.000000000000000111e-01 2.893743893357226149e+00
2.039215686274509776e-01 2.610167749148631700e+00
2.078431372549019440e-01 3.634476906947110564e+00
2.117647058823529382e-01 4.510574182135578702e+00
2.156862745098039325e-01 3.409489338268863357e+00
2.196078431372548989e-01 3.896528196638929131e+00
2.235294117647058654e-01 2.659463151897178079e+00
2.274509803921568596e-01 2.530036513217413408e+00
2.313725490196078538e-01 3.715071054433703335e+00
2.352941176470588203e-01 3.894017200791958455e+00
2.392156862745097867e-01 4.066306246617838127e+00
2.431372549019607809e-01 4.690103670527240531e+00
2.470588235294117752e-01 3.258815002171843389e+00
2.509803921568627416e-01 1.211697361574806564e+00
2.549019607843137081e-01 4.283787537062742956e+00
2.588235294117646745e-01 3.738714628037276722e+00
2.627450980392156965e-01 4.166757902370324729e+00
2.666666666666666630e-01 5.250863568784132518e+00
2.705882352941176294e-01 5.817595696138265993e+00
2.745098039215686514e-01 4.446560311478676475e+00
2.784313725490196179e-01 3.791853453549315578e+00
2.823529411764705843e-01 6.152370310435221867e+00
2.862745098039215508e-01 4.063014405283330355e+00
2.901960784313725172e-01 6.883472461729533975e+00
2.941176470588235392e-01 6.514144819681535026e+00
2.980392156862745057e-01 6.468970313437465869e+00
3.019607843137254721e-01 7.287098925533062044e+00
3.058823529411764941e-01 5.649738447552696385e+00
3.098039215686274606e-01 4.013970543091806675e+00
3.137254901960784270e-01 4.025199015497884503e+00
3.176470588235293935e-01 4.337606163508903379e+00
3.215686274509803599e-01 6.498334567658968552e+00
3.254901960784313819e-01 7.974006570712999675e+00
3.294117647058823484e-01 5.652666902527796466e+00
3.333333333333333148e-01 4.806906274477536378e+00
3.372549019607843368e-01 4.041860030710066276e+00
3.411764705882353033e-01 4.860441583072510063e+00
3.450980392156862697e-01 4.763003719791561785e+00
3.490196078431372362e-01 7.534688069380510278e+00
3.529411764705882026e-01 5.523449892066504496e+00
3.568627450980392246e-01 4.416968261824686159e+00
3.607843137254901911e-01 4.845277875157969483e+00
3.647058823529411575e-01 5.902492848774377521e+00
3.686274509803921795e-01 7.406369468319399019e+00
3.725490196078431460e-01 5.529962087122978431e+00
3.764705882352941124e-01 5.217675412871255247e+00
3.803921568627450789e-01 3.162523415147779016e+00
3.843137254901960453e-01 2.895682104734181639e+00
3.882352941176470673e-01 6.437658964171327547e+00
3.921568627450980338e-01 5.895242569308395630e+00
3.960784313725490002e-01 5.132179052938584007e+00
4.000000000000000222e-01 6.252586753146512244e+00
4.039215686274509887e-01 5.393034476845826930e+00
4.078431372549019551e-01 6.129741132539097137e+00
4.117647058823529216e-01 4.337529586458968467e+00
4.156862745098038880e-01 5.856360012852452890e+00
4.196078431372549100e-01 8.279006292679259360e+00
4.235294117647058765e-01 9.881642099425528514e+00
4.274509803921568429e-01 7.282107977053287939e+00
4.313725490196078649e-01 6.674530474617593079e+00
4.352941176470588314e-01 5.123369561954979723e+00
4.392156862745097978e-01 6.830834708579200942e+00
4.431372549019607643e-01 1.003674073105356257e+01
4.470588235294117307e-01 9.712801247652603109e+00
4.509803921568627527e-01 9.996645043889902382e+00
4.549019607843137192e-01 6.600397531479661239e+00
4.588235294117646856e-01 6.157757309110579946e+00
4.627450980392157076e-01 9.025370802030252548e+00
4.666666666666666741e-01 8.014215725171458971e+00
4.705882352941176405e-01 9.554631337200868657e+00
4.745098039215686070e-01 1.034883945528303961e+01
4.784313725490195734e-01 9.033442154879811170e+00
4.823529411764705954e-01 6.385959650320248038e+00
4.862745098039215619e-01 6.890246120130126606e+00
4.901960784313725283e-01 7.704089412801857328e+00
4.941176470588235503e-01 7.843654478424805454e+00
4.980392156862745168e-01 9.900588043495902824e+00
5.019607843137254832e-01 1.164633548181648237e+01
5.058823529411764497e-01 6.857309398596183492e+00
5.098039215686274161e-01 7.074391023120687905e+00
5.137254901960783826e-01 7.318865093923814236e+00
5.176470588235293491e-01 9.619831123232872372e+00
5.215686274509804266e-01 9.306085936228466693e+00
5.254901960784313930e-01 1.082123961762753694e+01
5.294117647058823595e-01 9.545902075855419611e+00
5.333333333333333259e-01 7.970740541590967787e+00
5.372549019607842924e-01 8.684031998195266056e+00
5.411764705882352589e-01 8.850240280459273023e+00
5.450980392156862253e-01 9.137537621271800248e+00
5.490196078431373028e-01 8.189592572802897763e+00
5.529411764705882693e-01 7.541904669429118080e+00
5.568627450980392357e-01 9.668010681111278259e+00
5.607843137254902022e-01 7.757317437055300857e+00
5.647058823529411686e-01 1.001125934666013428e+01
5.686274509803921351e-01 7.835991113651792794e+00
5.725490196078431016e-01 7.526331676558176476e+00
5.764705882352940680e-01 7.851456837485965679e+00
5.803921568627450345e-01 9.083746475368810636e+00
5.843137254901961120e-01 6.628641978872988005e+00
5.882352941176470784e-01 6.873661729706976864e+00
5.921568627450980449e-01 9.310384249739605877e+00
5.960784313725490113e-01 9.960762155901885961e+00
5.999999999999999778e-01 1.069183759210180362e+01
6.039215686274509443e-01 8.756696441722121804e+00
6.078431372549019107e-01 1.104541073635002491e+01
6.117647058823529882e-01 6.443055360057629244e+00
6.156862745098039547e-01 8.424556816129626924e+00
6.196078431372549211e-01 9.174722140646398572e+00
6.235294117647058876e-01 1.203951386610613028e+01
6.274509803921568540e-01 8.083500221985952194e+00
6.313725490196078205e-01 1.075050268763737193e+01
6.352941176470587870e-01 8.896722404472294343e+00
6.392156862745097534e-01 9.532039995077731476e+00
6.431372549019607199e-01 9.796943974876098693e+00
6.470588235294117974e-01 1.035135125666367450e+01
6.509803921568627638e-01 1.003232188971323957e+01
6.549019607843137303e-01 7.535965756495649259e+00
6.588235294117646967e-01 9.929940556478216607e+00
6.627450980392156632e-01 7.337475596850966397e+00
6.666666666666666297e-01 9.633907426734081625e+00
6.705882352941175961e-01 8.513958394685023023e+00
6.745098039215686736e-01 9.258146878162399673e+00
6.784313725490196401e-01 1.017659709131001478e+01
6.823529411764706065e-01 8.390068256263347735e+00
6.862745098039215730e-01 8.518359368138302301e+00
6.901960784313725394e-01 7.471783226480670947e+00
6.941176470588235059e-01 8.686165689355547670e+00
6.980392156862744724e-01 9.220886377948172452e+00
7.019607843137254388e-01 9.243572443306600661e+00
7.058823529411764053e-01 8.979158369695733555e+00
7.098039215686274828e-01 8.804375003800611665e+00
7.137254901960784492e-01 8.368137984594751444e+00
7.176470588235294157e-01 6.868661371048494502e+00
7.215686274509803821e-01 9.697109636974094116e+00
7.254901960784313486e-01 9.451428971857449568e+00
7.294117647058823151e-01 1.003299169456066409e+01
7.333333333333332815e-01 1.100887763605290814e+01
7.372549019607843590e-01 7.246025305786158555e+00
7.411764705882353255e-01 1.007531796884841313e+01
7.450980392156862919e-01 8.592834732997641112e+00
7.490196078431372584e-01 1.016980287656591564e+01
7.529411764705882248e-01 1.101822319593174804e+01
7.568627450980391913e-01 1.012481138030090477e+01
7.607843137254901578e-01 7.901284546218128924e+00
7.647058823529411242e-01 7.522793355668305537e+00
7.686274509803920907e-01 9.040074614638383466e+00
7.725490196078431682e-01 1.060357248125733953e+01
7.764705882352941346e-01 9.939490787430283802e+00
7.803921568627451011e-01 1.063359855947479815e+01
7.843137254901960675e-01 9.218101357020094255e+00
7.882352941176470340e-01 9.355766243782221991e+00
7.921568627450980005e-01 7.027180787225582037e+00
7.960784313725489669e-01 1.130554968336248400e+01
8.000000000000000444e-01 9.465736919019406059e+00
8.039215686274510109e-01 1.072252343831596555e+01
8.078431372549019773e-01 1.003817311977355331e+01
8.117647058823529438e-01 8.877753893679701136e+00
8.156862745098039102e-01 9.367531846037921994e+00
8.196078431372548767e-01 8.728962099102410832e+00
8.235294117647058432e-01 9.232018895660381474e+00
8.274509803921568096e-01 1.058739102241588625e+01
8.313725490196077761e-01 8.335948650988630249e+00
8.352941176470588536e-01 7.567213497499732711e+00
8.392156862745098200e-01 1.035266726477558663e+01
8.431372549019607865e-01 9.832520984502824746e+00
8.470588235294117530e-01 1.030081021876369540e+01
8.509803921568627194e-01 9.347483817702814335e+00
8.549019607843136859e-01 6.566395308522590568e+00
8.588235294117646523e-01 1.058433347157552262e+01
8.627450980392157298e-01 9.493814855308066569e+00
8.666666666666666963e-01 1.021219522534820889e+01
8.705882352941176627e-01 8.695979187386086551e+00
8.745098039215686292e-01 5.881882830013437591e+00
8.784313725490195957e-01 7.779889163977219191e+00
8.823529411764705621e-01 8.985476138611325325e+00
8.862745098039215286e-01 1.062019729453810868e+01
8.901960784313724950e-01 9.659637916135363156e+00
8.941176470588234615e-01 8.531266674639985226e+00
8.980392156862745390e-01 1.073269777499694833e+01
9.019607843137255054e-01 8.075936905377901098e+00
9.058823529411764719e-01 8.563489379251691958e+00
9.098039215686274384e-01 7.052414648430991306e+00
9.137254901960784048e-01 8.716417675114323416e+00
9.176470588235293713e-01 9.873638887911065254e+00
9.215686274509803377e-01 7.457455350916523784e+00
9.254901960784314152e-01 6.838600446565145319e+00
9.294117647058823817e-01 8.127286177382933019e+00
9.333333333333333481e-01 8.988345507466336315e+00
9.372549019607843146e-01 8.732232578613427165e+00
9.411764705882352811e-01 7.101909348211322026e+00
9.450980392156862475e-01 6.476262281507060514e+00
9.490196078431372140e-01 8.440734687385054613e+00
9.529411764705881804e-01 6.995460564563047434e+00
9.568627450980391469e-01 8.693252224914829185e+00
9.607843137254902244e-01 8.573910979411689226e+00
9.647058823529411908e-01 9.960009189835821175e+00
9.686274509803921573e-01 6.855374410749679015e+00
9.725490196078431238e-01 8.725639208408050962e+00
9.764705882352940902e-01 9.958631106231910834e+00
9.803921568627450567e-01 8.514864164686699155e+00
9.843137254901960231e-01 8.462841133004273431e+00
9.882352941176471006e-01 7.398527881653179428e+00
9.921568627450980671e-01 8.153445639054920591e+00
9.960784313725490335e-01 7.082989584838744079e+00
1.000000000000000000e+00 9.130430524545134929e+00
