0.000000000000000000e+00 5.417981169105159367e+00
3.921568627450980338e-03 1.189633009087930571e+00
7.843137254901960675e-03 2.266732171179207889e+00
1.176470588235294101e-02 4.761954409039483416e+00
1.568627450980392135e-02 6.249536513084597011e-01
1.960784313725490169e-02 2.881185105514966871e+00
2.352941176470588203e-02 2.960337610429463417e+00
2.745098039215686236e-02 4.356397571682376402e+00
3.137254901960784270e-02 2.522483057304336640e+00
3.529411764705882304e-02 4.040172851808417676e+00
3.921568627450980338e-02 3.983355476102103943e+00
4.313725490196078372e-02 2.616428816727833784e+00
4.705882352941176405e-02 2.831121326530205096e+00
5.098039215686274439e-02 4.261361804291401434e+00
5.490196078431372473e-02 4.321498606809315746e+00
5.882352941176470507e-02 3.270076665226723467e+00
6.274509803921568540e-02 3.321088198664602142e+00
6.666666666666666574e-02 2.756474463317230672e+00
7.058823529411764608e-02 3.265876761306873099e+00
7.450980392156862642e-02 2.727876462893996212e+00
7.843137254901960675e-02 3.544269412228758576e+00
8.235294117647058709e-02 2.019905913693897048e+00
8.627450980392156743e-02 2.600568034223618152e+00
9.019607843137254777e-02 3.260582627011828549e+00
9.411764705882352811e-02 2.389336470454725081e+00
9.803921568627450844e-02 4.779988234531968416e+00
1.019607843137254888e-01 3.658527195154630540e+00
1.058823529411764691e-01 4.300666550701954804e+00
1.098039215686274495e-01 3.712041272147610371e+00
1.137254901960784298e-01 2.330743670976290982e+00
1.176470588235294101e-01 3.846963200564549545e+00
1.215686274509803905e-01 1.994604525091408398e+00
1.254901960784313708e-01 3.062370688468206481e+00
1.294117647058823373e-01 3.018265762011076436e+00
1.333333333333333315e-01 3.525388213511039037e+00
1.372549019607843257e-01 1.613412009896973531e+00
1.411764705882352922e-01 3.589168594285541580e+00
1.450980392156862586e-01 1.797925493137376485e+00
1.490196078431372528e-01 3.278801840882861640e+00
1.529411764705882470e-01 1.577441369526621617e+00
1.568627450980392135e-01 1.271849285481283509e+00
1.607843137254901800e-01 2.423170525564537936e+00
1.647058823529411742e-01 5.179605711189950057e+00
1.686274509803921684e-01 3.956512783129496391e+00
1.725490196078431349e-01 2.302377828698209061e+00
1.764705882352941013e-01 4.280965795630500281e+00
1.803921568627450955e-01 2.678565704809998227e+00
1.843137254901960898e-01 2.538332174528099117e+00
1.882352941176470562e-01 5.751898438702996330e+00
1.921568627450980227e-01 2.038006376457742519e+00
1.960784313725490169e-01 3.754022641643979696e+00
2.000000000000000111e-01 5.692732122396908956e+00
2.039215686274509776e-01 3.130078195684932396e+00
2.078431372549019440e-01 2.577093443463741806e+00
2.117647058823529382e-01 3.793772769505267206e+00
2.156862745098039325e-01 3.346282888098703889e+00
2.196078431372548989e-01 4.075028740947619355e+00
2.235294117647058654e-01 4.313394577345457392e+00
2.274509803921568596e-01 5.022131948101593579e+00
2.313725490196078538e-01 4.894544647339687415e+00
2.352941176470588203e-01 3.918867810733879686e+00
2.392156862745097867e-01 4.816270362975294539e+00
2.431372549019607809e-01 3.678747269221704475e+00
2.470588235294117752e-01 2.717243738097896433e+00
2.509803921568627416e-01 2.304048772734070383e+00
2.549019607843137081e-01 2.454290296443747188e+00
2.588235294117646745e-01 1.430241975632626783e+00
2.627450980392156965e-01 2.450485164853062336e+00
2.666666666666666630e-01 4.157319906106632601e+00
2.705882352941176294e-01 4.632705735589892626e+00
2.745098039215686514e-01 3.873867708967372980e+00
2.784313725490196179e-01 3.126166725286926518e+00
2.823529411764705843e-01 3.981599689305530543e+00
2.862745098039215508e-01 4.811075088212295903e+00
2.901960784313725172e-01 4.606215471507537629e+00
2.941176470588235392e-01 2.444636521796345718e+00
2.980392156862745057e-01 2.189568565588901450e+00
3.019607843137254721e-01 3.424734122027591532e+00
3.058823529411764941e-01 3.141661780594252384e+00
3.098039215686274606e-01 3.099621533013560803e+00
3.137254901960784270e-01 2.087146276491318897e+00
3.176470588235293935e-01 2.517381361480602209e+00
3.215686274509803599e-01 1.948330596386369740e+00
3.254901960784313819e-01 3.324636246021804187e+00
3.294117647058823484e-01 4.562434000112749466e+00
3.333333333333333148e-01 2.680558418068446080e+00
3.372549019607843368e-01 6.823854389642093565e+00
3.411764705882353033e-01 4.423449201416095100e+00
3.450980392156862697e-01 4.547536654649211307e+00
3.490196078431372362e-01 3.954855329544004316e+00
3.529411764705882026e-01 1.246131199625098773e+00
3.568627450980392246e-01 3.021893847828049040e+00
3.607843137254901911e-01 1.884782225039982162e+00
3.647058823529411575e-01 2.219103029173458363e+00
3.686274509803921795e-01 2.871812360354874194e+00
3.725490196078431460e-01 3.878644182778795191e+00
3.764705882352941124e-01 5.361994224021783495e+00
3.803921568627450789e-01 6.020281141157615146e+00
3.843137254901960453e-01 4.549544075522595321e+00
3.882352941176470673e-01 5.896671713962672534e+00
3.921568627450980338e-01 5.603597617755289306e+00
3.960784313725490002e-01 4.995468702718615539e+00
4.000000000000000222e-01 5.440942754088045952e+00
4.039215686274509887e-01 2.881622386616948805e+00
4.078431372549019551e-01 1.365934778536858296e+00
4.117647058823529216e-01 2.876605735228985328e+00
4.156862745098038880e-01 2.740222056074591350e+00
4.196078431372549100e-01 2.504133307347374604e+00
4.235294117647058765e-01 5.028727053162083571e+00
4.274509803921568429e-01 3.952747694296354641e+00
4.313725490196078649e-01 4.630286884065193398e+00
4.352941176470588314e-01 5.095519363079787034e+00
4.392156862745097978e-01 2.789061469760130585e+00
4.431372549019607643e-01 5.440588373066995054e+00
4.470588235294117307e-01 4.673854813001456776e+00
4.509803921568627527e-01 5.528854631459752866e+00
4.549019607843137192e-01 2.981223483988553191e+00
4.588235294117646856e-01 5.059636790230815251e+00
4.627450980392157076e-01 6.149085707200682371e+00
4.666666666666666741e-01 3.741682104904441086e+00
4.705882352941176405e-01 4.786905810360051028e+00
4.745098039215686070e-01 4.313529045839787024e+00
4.784313725490195734e-01 4.570588730493146734e+00
4.823529411764705954e-01 5.912654673937350225e+00
4.862745098039215619e-01 6.126931243273711303e+00
4.901960784313725283e-01 6.797078391046856183e+00
4.941176470588235503e-01 7.974558526736166719e+00
4.980392156862745168e-01 3.859878078139499458e+00
5.019607843137254832e-01 6.050088090647502526e+00
5.058823529411764497e-01 4.219397276098556304e+00
5.098039215686274161e-01 6.959417605481725388e+00
5.137254901960783826e-01 4.090724837381404910e+00
5.176470588235293491e-01 3.083037366874908702e+00
5.215686274509804266e-01 4.083049492226114907e+00
5.254901960784313930e-01 4.403946672196012990e+00
5.294117647058823595e-01 5.472463228918653222e+00
5.333333333333333259e-01 3.272321448377534026e+00
5.372549019607842924e-01 5.078759321913723923e+00
5.411764705882352589e-01 4.488105001575156905e+00
5.450980392156862253e-01 5.380149275469259251e+00
5.490196078431373028e-01 4.743283170198912657e+00
5.529411764705882693e-01 4.106784023711736786e+00
5.568627450980392357e-01 6.150410091084518527e+00
5.607843137254902022e-01 5.000264751956207121e+00
5.647058823529411686e-01 3.972254816505021324e+00
5.686274509803921351e-01 4.207925690120795537e+00
5.725490196078431016e-01 4.995329340554214959e+00
5.764705882352940680e-01 5.778459499487923701e+00
5.803921568627450345e-01 6.699135338853299260e+00
5.843137254901961120e-01 4.551076983710162338e+00
5.882352941176470784e-01 4.581583974569101159e+00
5.921568627450980449e-01 3.575129685954333780e+00
5.960784313725490113e-01 6.057437746794699152e+00
5.999999999999999778e-01 6.778822904440911401e+00
6.039215686274509443e-01 5.440020301554752358e+00
6.078431372549019107e-01 5.826197629708493864e+00
6.117647058823529882e-01 4.115751286512277396e+00
6.156862745098039547e-01 4.771465748698106246e+00
6.196078431372549211e-01 7.011926975556473707e+00
6.235294117647058876e-01 7.087765430138416534e+00
6.274509803921568540e-01 4.325967301384475050e+00
6.313725490196078205e-01 4.899721863479249429e+00
6.352941176470587870e-01 5.597685934793402929e+00
6.392156862745097534e-01 5.208804091820202764e+00
6.431372549019607199e-01 6.581933816574243146e+00
6.470588235294117974e-01 3.643616096203804666e+00
6.509803921568627638e-01 4.476467388921568258e+00
6.549019607843137303e-01 4.340978947971084523e+00
6.588235294117646967e-01 6.441787805413510704e+00
6.627450980392156632e-01 4.958930876732975612e+00
6.666666666666666297e-01 5.760402234536328159e+00
6.705882352941175961e-01 5.959509331368554541e+00
6.745098039215686736e-01 5.290509259143934884e+00
6.784313725490196401e-01 4.955682312963949343e+00
6.823529411764706065e-01 4.951953122793343987e+00
6.862745098039215730e-01 6.265887299759545392e+00
6.901960784313725394e-01 6.042624433747150192e+00
6.941176470588235059e-01 4.929229659623647564e+00
6.980392156862744724e-01 4.207611996560138401e+00
7.019607843137254388e-01 2.990553781011505041e+00
7.058823529411764053e-01 4.206740838695508522e+00
7.098039215686274828e-01 4.481127084539532568e+00
7.137254901960784492e-01 5.011897577843476448e+00
7.176470588235294157e-01 3.897483925177191555e+00
7.215686274509803821e-01 4.173572978456478566e+00
7.254901960784313486e-01 4.366777063097833533e+00
7.294117647058823151e-01 6.412024170627975472e+00
7.333333333333332815e-01 5.600681966304720483e+00
7.372549019607843590e-01 3.212193604597630259e+00
7.411764705882353255e-01 3.994708370102113548e+00
7.450980392156862919e-01 4.804787665416706766e+00
7.490196078431372584e-01 4.396718971258500197e+00
7.529411764705882248e-01 4.037722928220603968e+00
7.568627450980391913e-01 5.439081666175670016e+00
7.607843137254901578e-01 2.862930277288906922e+00
7.647058823529411242e-01 4.374974116271689972e+00
7.686274509803920907e-01 6.856741358207619541e+00
7.725490196078431682e-01 3.762429795934043142e+00
7.764705882352941346e-01 5.002282563415286987e+00
7.803921568627451011e-01 5.350443878235692452e+00
7.843137254901960675e-01 5.369326975289993698e+00
7.882352941176470340e-01 4.650001272252889173e+00
7.921568627450980005e-01 5.919084902623836797e+00
7.960784313725489669e-01 4.267810634143408777e+00
8.000000000000000444e-01 5.177987440886477444e+00
8.039215686274510109e-01 4.208510600744941321e+00
8.078431372549019773e-01 4.157165398438988468e+00
8.117647058823529438e-01 4.184318613637245221e+00
8.156862745098039102e-01 3.438931301321816569e+00
8.196078431372548767e-01 4.410400703897832564e+00
8.235294117647058432e-01 2.536004689761221176e+00
8.274509803921568096e-01 2.067201628116789980e+00
8.313725490196077761e-01 4.033471502625759264e+00
8.352941176470588536e-01 4.064939031523506330e+00
8.392156862745098200e-01 4.382384234112133292e+00
8.431372549019607865e-01 2.507998047968106548e+00
8.470588235294117530e-01 3.489145555185291236e+00
8.509803921568627194e-01 4.599944421126826555e+00
8.549019607843136859e-01 4.379029318700101925e+00
8.588235294117646523e-01 5.213058951238527250e+00
8.627450980392157298e-01 4.044045052866611201e+00
8.666666666666666963e-01 3.850813607453026588e+00
8.705882352941176627e-01 3.250008596854118803e+00
8.745098039215686292e-01 3.770637285633584579e+00
8.784313725490195957e-01 2.916235781283148754e+00
8.823529411764705621e-01 3.039600871439874119e+00
8.862745098039215286e-01 3.375611403392522636e+00
8.901960784313724950e-01 2.981127131790428209e+00
8.941176470588234615e-01 2.140546254623583167e+00
8.980392156862745390e-01 3.207597088119992002e+00
9.019607843137255054e-01 4.221868442398350574e+00
9.058823529411764719e-01 5.257465362033627798e+00
9.098039215686274384e-01 4.485892617550403472e+00
9.137254901960784048e-01 3.007272673868165214e+00
9.176470588235293713e-01 4.826128780482658698e+00
9.215686274509803377e-01 4.633268228290942758e+00
9.254901960784314152e-01 4.040920266914399761e+00
9.294117647058823817e-01 3.613363725993475217e+00
9.333333333333333481e-01 1.895689781501636917e+00
9.372549019607843146e-01 2.948119134433350386e+00
9.411764705882352811e-01 3.520585181378857786e+00
9.450980392156862475e-01 5.689584950619799741e+00
9.490196078431372140e-01 1.803953310724607961e+00
9.529411764705881804e-01 2.202263553521738970e+00
9.568627450980391469e-01 2.688569013846224376e+00
9.607843137254902244e-01 3.258397374826460080e+00
9.647058823529411908e-01 4.005134175125753870e+00
9.686274509803921573e-01 2.340779467125283730e+00
9.725490196078431238e-01 3.724301461830125337e+00
9.764705882352940902e-01 4.694133372711942975e+00
9.803921568627450567e-01 5.498746783478723366e+00
9.843137254901960231e-01 4.686959732730795025e+00
9.882352941176471006e-01 4.363413079259622407e+00
9.921568627450980671e-01 2.673296349439839403e+00
9.960784313725490335e-01 3.544851578334700992e+00
1.000000000000000000e+00 3.012904711790904688e+00
