0.000000000000000000e+00 6.403251621373282632e+00
3.921568627450980338e-03 2.908598340501384882e+00
7.843137254901960675e-03 3.349998965629739534e+00
1.176470588235294101e-02 6.640988077430174386e+00
1.568627450980392135e-02 4.017509048358870238e+00
1.960784313725490169e-02 4.305378043332185101e+00
2.352941176470588203e-02 4.772427231924431190e+00
2.745098039215686236e-02 5.106889562905186253e+00
3.137254901960784270e-02 2.473602908228786035e+00
3.529411764705882304e-02 4.136755350523638519e+00
3.921568627450980338e-02 4.592866163877701524e+00
4.313725490196078372e-02 3.616727601536052994e+00
4.705882352941176405e-02 4.825166229355233760e+00
5.098039215686274439e-02 3.433945625235654830e+00
5.490196078431372473e-02 4.275947957945286149e+00
5.882352941176470507e-02 3.856713979687336202e+00
6.274509803921568540e-02 6.620971898091739583e+00
6.666666666666666574e-02 3.566152613791429005e+00
7.058823529411764608e-02 4.056403929371788841e+00
7.450980392156862642e-02 7.024976981190603098e+00
7.843137254901960675e-02 5.018566840406553098e+00
8.235294117647058709e-02 5.579126014210363138e+00
8.627450980392156743e-02 7.071276053552239205e+00
9.019607843137254777e-02 6.169860049913218347e+00
9.411764705882352811e-02 6.356378691829078775e+00
9.803921568627450844e-02 3.262354511730038542e+00
1.019607843137254888e-01 2.969281115500714385e+00
1.058823529411764691e-01 3.249563200625768200e+00
1.098039215686274495e-01 2.152226853449703992e+00
1.137254901960784298e-01 4.165706729370757699e+00
1.176470588235294101e-01 5.790356372505391036e+00
1.215686274509803905e-01 6.432794039296852340e+00
1.254901960784313708e-01 3.573559916434410511e+00
1.294117647058823373e-01 2.846531722509929807e+00
1.333333333333333315e-01 4.141301236795229102e+00
1.372549019607843257e-01 2.138534563325028337e+00
1.411764705882352922e-01 4.784046879540769126e+00
1.450980392156862586e-01 5.974114638283007928e+00
1.490196078431372528e-01 3.891796465132896010e+00
1.529411764705882470e-01 3.377668162686302544e+00
1.568627450980392135e-01 3.714946825591849411e+00
1.607843137254901800e-01 3.108375370969775453e+00
1.647058823529411742e-01 3.247856163591785972e+00
1.686274509803921684e-01 3.958599694166014871e+00
1.725490196078431349e-01 5.001307160548082997e+00
1.764705882352941013e-01 4.929521034563636661e+00
1.803921568627450955e-01 4.935110984028568737e+00
1.843137254901960898e-01 5.066228493363200691e+00
1.882352941176470562e-01 5.863510266398108683e+00
1.921568627450980227e-01 4.706027388873121886e+00
1.960784313725490169e-01 5.156315314997225840e+00
2.000000000000000111e-01 6.185437179788761952e+00
2.039215686274509776e-01 6.913517149645686644e+00
2.078431372549019440e-01 6.305231422415215725e+00
2.117647058823529382e-01 6.228107885118726372e+00
2.156862745098039325e-01 4.373925284623378928e+00
2.196078431372548989e-01 6.735489774823354203e+00
2.235294117647058654e-01 4.025054387046466786e+00
2.274509803921568596e-01 6.158271409132127339e+00
2.313725490196078538e-01 5.812790998252504338e+00
2.352941176470588203e-01 7.640060022366784942e+00
2.392156862745097867e-01 7.302219173143959630e+00
2.431372549019607809e-01 5.877621948992034717e+00
2.470588235294117752e-01 5.378068858209887892e+00
2.509803921568627416e-01 7.799635710988867210e+00
2.549019607843137081e-01 6.554975758081841519e+00
2.588235294117646745e-01 6.621702478748015430e+00
2.627450980392156965e-01 4.564949410711241384e+00
2.666666666666666630e-01 5.362981420183281500e+00
2.705882352941176294e-01 7.124917890947748411e+00
2.745098039215686514e-01 3.920706490894443785e+00
2.784313725490196179e-01 4.552272857105835513e+00
2.823529411764705843e-01 5.501955692437579870e+00
2.862745098039215508e-01 3.460486236824720674e+00
2.901960784313725172e-01 7.203141676302442953e+00
2.941176470588235392e-01 7.820276534518450617e+00
2.980392156862745057e-01 7.496008349299078333e+00
3.019607843137254721e-01 7.898873282557977937e+00
3.058823529411764941e-01 5.255000007627719683e+00
3.098039215686274606e-01 6.350053450476288219e+00
3.137254901960784270e-01 5.772513410874858586e+00
3.176470588235293935e-01 6.932825428815451829e+00
3.215686274509803599e-01 6.983243709871747917e+00
3.254901960784313819e-01 8.129003239544818626e+00
3.294117647058823484e-01 8.253088942707542230e+00
3.333333333333333148e-01 6.270073053605910829e+00
3.372549019607843368e-01 6.242222448595433626e+00
3.411764705882353033e-01 4.729711458076420350e+00
3.450980392156862697e-01 5.500890493741958487e+00
3.490196078431372362e-01 5.174803388183553565e+00
3.529411764705882026e-01 8.620857687603388442e+00
3.568627450980392246e-01 6.198585459261677144e+00
3.607843137254901911e-01 7.894621610173437887e+00
3.647058823529411575e-01 8.149427719025487349e+00
3.686274509803921795e-01 6.074508972381120309e+00
3.725490196078431460e-01 6.289079709536400387e+00
3.764705882352941124e-01 7.239605702487913241e+00
3.803921568627450789e-01 6.407258111021884694e+00
3.843137254901960453e-01 7.677773919016078530e+00
3.882352941176470673e-01 7.679571988862179843e+00
3.921568627450980338e-01 5.811640268347718852e+00
3.960784313725490002e-01 5.668143735963402818e+00
4.000000000000000222e-01 6.703884067377495093e+00
4.039215686274509887e-01 6.088261278718921865e+00
4.078431372549019551e-01 5.608560478259946080e+00
4.117647058823529216e-01 6.606480059380116288e+00
4.156862745098038880e-01 6.476433811254096895e+00
4.196078431372549100e-01 6.086257454929191901e+00
4.235294117647058765e-01 7.514582257956924138e+00
4.274509803921568429e-01 8.444682625459698500e+00
4.313725490196078649e-01 7.536618900093980500e+00
4.352941176470588314e-01 7.787406582862284488e+00
4.392156862745097978e-01 8.871835913935070650e+00
4.431372549019607643e-01 7.959342833672128137e+00
4.470588235294117307e-01 7.849292220020498867e+00
4.509803921568627527e-01 5.684570515585336992e+00
4.549019607843137192e-01 7.904873868125088521e+00
4.588235294117646856e-01 7.319494203914149288e+00
4.627450980392157076e-01 6.322001821240781361e+00
4.666666666666666741e-01 8.999019979615059839e+00
4.705882352941176405e-01 1.038211012450148019e+01
4.745098039215686070e-01 7.060308084025635367e+00
4.784313725490195734e-01 9.494208918305751865e+00
4.823529411764705954e-01 9.501166075133376410e+00
4.862745098039215619e-01 7.963169495433485956e+00
4.901960784313725283e-01 7.282720688704114487e+00
4.941176470588235503e-01 9.071293772301801894e+00
4.980392156862745168e-01 6.849411572084712851e+00
5.019607843137254832e-01 7.376774761810666270e+00
5.058823529411764497e-01 6.561755959924536086e+00
5.098039215686274161e-01 8.154230809851076955e+00
5.137254901960783826e-01 8.405991938413855280e+00
5.176470588235293491e-01 6.951296161135966045e+00
5.215686274509804266e-01 6.074146475319963656e+00
5.254901960784313930e-01 7.577738869226153362e+00
5.294117647058823595e-01 6.889297799597397187e+00
5.333333333333333259e-01 7.657208807060552402e+00
5.372549019607842924e-01 8.743152470394370823e+00
5.411764705882352589e-01 7.446765120531642523e+00
5.450980392156862253e-01 8.112244572811512455e+00
5.490196078431373028e-01 5.150058711663943356e+00
5.529411764705882693e-01 7.701021831885667801e+00
5.568627450980392357e-01 8.192955222791594494e+00
5.607843137254902022e-01 8.915235292690564251e+00
5.647058823529411686e-01 6.085736348713653321e+00
5.686274509803921351e-01 6.219743602254188097e+00
5.725490196078431016e-01 5.683981796369302231e+00
5.764705882352940680e-01 7.649492678679491675e+00
5.803921568627450345e-01 7.599592350309120725e+00
5.843137254901961120e-01 6.357901682063404891e+00
5.882352941176470784e-01 7.639349503108154416e+00
5.921568627450980449e-01 7.561387925335627536e+00
5.960784313725490113e-01 7.628930124843348537e+00
5.999999999999999778e-01 9.373041082267896229e+00
6.039215686274509443e-01 8.454367064027499268e+00
6.078431372549019107e-01 8.744597271639376501e+00
6.117647058823529882e-01 7.689422470145033550e+00
6.156862745098039547e-01 6.972020605032453133e+00
6.196078431372549211e-01 6.081525944337925260e+00
6.235294117647058876e-01 7.777607628252972027e+00
6.274509803921568540e-01 6.084293798467764525e+00
6.313725490196078205e-01 8.387402842217625221e+00
6.352941176470587870e-01 6.652422313181377334e+00
6.392156862745097534e-01 6.424658896430743837e+00
6.431372549019607199e-01 5.626911610383652729e+00
6.470588235294117974e-01 6.796520202131643984e+00
6.509803921568627638e-01 7.329475003735096195e+00
6.549019607843137303e-01 7.906440812207433666e+00
6.588235294117646967e-01 8.271588489477005979e+00
6.627450980392156632e-01 4.874815350221957999e+00
6.666666666666666297e-01 4.585089386246202992e+00
6.705882352941175961e-01 7.972035408173448801e+00
6.745098039215686736e-01 6.749938776308013644e+00
6.784313725490196401e-01 7.342504042246568829e+00
6.823529411764706065e-01 8.140207429520936344e+00
6.862745098039215730e-01 6.987862794432615487e+00
6.901960784313725394e-01 7.082089636135540545e+00
6.941176470588235059e-01 7.974443524978658715e+00
6.980392156862744724e-01 8.144588836181362979e+00
7.019607843137254388e-01 8.535318354937752261e+00
7.058823529411764053e-01 5.076499073599530121e+00
7.098039215686274828e-01 5.478339614395482116e+00
7.137254901960784492e-01 7.431105051041186904e+00
7.176470588235294157e-01 5.224938403467264791e+00
7.215686274509803821e-01 6.213935106316990087e+00
7.254901960784313486e-01 7.880379958660959971e+00
7.294117647058823151e-01 5.887417249887130666e+00
7.333333333333332815e-01 4.599175621045212381e+00
7.372549019607843590e-01 5.172313894314344296e+00
7.411764705882353255e-01 4.041014947945774871e+00
7.450980392156862919e-01 3.798095095122236309e+00
7.490196078431372584e-01 4.564414651095498598e+00
7.529411764705882248e-01 5.292344661095667924e+00
7.568627450980391913e-01 7.261654188726264891e+00
7.607843137254901578e-01 5.117421650356600793e+00
7.647058823529411242e-01 5.011371538881574494e+00
7.686274509803920907e-01 5.547784839186222783e+00
7.725490196078431682e-01 4.403609344974849904e+00
7.764705882352941346e-01 3.950498781944215665e+00
7.803921568627451011e-01 5.528790711757074483e+00
7.843137254901960675e-01 6.103316655942642832e+00
7.882352941176470340e-01 3.642894066200164094e+00
7.921568627450980005e-01 6.267430148708316828e+00
7.960784313725489669e-01 6.687236835580475436e+00
8.000000000000000444e-01 4.875900909335562972e+00
8.039215686274510109e-01 4.300818838884019613e+00
8.078431372549019773e-01 3.633724917713225366e+00
8.117647058823529438e-01 4.996626560590392785e+00
8.156862745098039102e-01 4.327321914004233605e+00
8.196078431372548767e-01 5.480806202849571207e+00
8.235294117647058432e-01 4.104147680765223072e+00
8.274509803921568096e-01 3.393923769648347744e+00
8.313725490196077761e-01 5.204929079066098474e+00
8.352941176470588536e-01 5.737010059659298555e+00
8.392156862745098200e-01 5.161002123210398196e+00
8.431372549019607865e-01 4.662478533381732682e+00
8.470588235294117530e-01 6.601301435232431736e+00
8.509803921568627194e-01 7.754631488443232357e+00
8.549019607843136859e-01 4.887722227711200240e+00
8.588235294117646523e-01 5.224373629091631166e+00
8.627450980392157298e-01 5.243610805156997401e+00
8.666666666666666963e-01 3.869650021344023472e+00
8.705882352941176627e-01 3.040871792862490430e+00
8.745098039215686292e-01 5.182180906236019347e+00
8.784313725490195957e-01 5.966645353927792605e+00
8.823529411764705621e-01 3.504897490140816529e+00
8.862745098039215286e-01 4.776658297722277347e+00
8.901960784313724950e-01 4.211504752725652168e+00
8.941176470588234615e-01 5.651061166090189047e+00
8.980392156862745390e-01 6.239872508747483337e+00
9.019607843137255054e-01 5.056561889157451084e+00
9.058823529411764719e-01 4.219306769178198024e+00
9.098039215686274384e-01 4.972343939266072432e+00
9.137254901960784048e-01 2.755491601920007305e+00
9.176470588235293713e-01 4.012408527358945598e+00
9.215686274509803377e-01 5.554193683820900951e+00
9.254901960784314152e-01 5.395143478006764859e+00
9.294117647058823817e-01 7.833881228341882164e+00
9.333333333333333481e-01 5.719864919136271375e+00
9.372549019607843146e-01 6.409946310473758402e+00
9.411764705882352811e-01 6.159834216196026446e+00
9.450980392156862475e-01 4.854317933470068347e+00
9.490196078431372140e-01 7.007411048917038698e+00
9.529411764705881804e-01 7.339656517861603113e+00
9.568627450980391469e-01 6.916142421363800530e+00
9.607843137254902244e-01 4.713370910680297676e+00
9.647058823529411908e-01 4.652899719774065801e+00
9.686274509803921573e-01 4.137370336717992814e+00
9.725490196078431238e-01 4.752335774855491302e+00
9.764705882352940902e-01 6.028606853971849588e+00
9.803921568627450567e-01 9.046277443728810042e+00
9.843137254901960231e-01 6.730566673047175819e+00
9.882352941176471006e-01 4.627438424793761662e+00
9.921568627450980671e-01 5.780720108399366453e+00
9.960784313725490335e-01 5.714359265061056625e+00
1.000000000000000000e+00 6.192537076500366666e+00
