0.000000000000000000e+00 2.736181969501535693e+00
3.921568627450980338e-03 4.615504893161509692e+00
7.843137254901960675e-03 2.668927374579205924e+00
1.176470588235294101e-02 3.834944021048844576e+00
1.568627450980392135e-02 4.264993271002929909e+00
1.960784313725490169e-02 4.429933522199632989e+00
2.352941176470588203e-02 5.582902000875133552e+00
2.745098039215686236e-02 3.830346245803081029e+00
3.137254901960784270e-02 2.608206044521416800e+00
3.529411764705882304e-02 2.082951005422867929e+00
3.921568627450980338e-02 3.167727957347917567e+00
4.313725490196078372e-02 3.303813070509031835e+00
4.705882352941176405e-02 3.777198097862797255e+00
5.098039215686274439e-02 4.720650748848853162e+00
5.490196078431372473e-02 1.688583112089342642e+00
5.882352941176470507e-02 3.623565298120707823e+00
6.274509803921568540e-02 3.735457773280344895e+00
6.666666666666666574e-02 2.526296713716097209e+00
7.058823529411764608e-02 4.675341735955671041e+00
7.450980392156862642e-02 3.464968588171992270e+00
7.843137254901960675e-02 4.010223464919214109e+00
8.235294117647058709e-02 4.437921802611989541e+00
8.627450980392156743e-02 4.472251185537784224e+00
9.019607843137254777e-02 2.198284636556747440e+00
9.411764705882352811e-02 3.471181851860190459e+00
9.803921568627450844e-02 2.788421304798041511e+00
1.019607843137254888e-01 4.709650801927371511e+00
1.058823529411764691e-01 3.828179082338109662e+00
1.098039215686274495e-01 2.302197402073137944e+00
1.137254901960784298e-01 2.618814548041286994e+00
1.176470588235294101e-01 3.466912757624716068e+00
1.215686274509803905e-01 3.937814086710249128e+00
1.254901960784313708e-01 3.797241500821133542e+00
1.294117647058823373e-01 2.457243029982535631e+00
1.333333333333333315e-01 5.970294694493487597e+00
1.372549019607843257e-01 4.939230624476753206e+00
1.411764705882352922e-01 5.124034160375364522e+00
1.450980392156862586e-01 2.329407590841115372e+00
1.490196078431372528e-01 5.125910892536605701e+00
1.529411764705882470e-01 4.309574281896172643e+00
1.568627450980392135e-01 4.141728330807481484e+00
1.607843137254901800e-01 3.494453779077820066e+00
1.647058823529411742e-01 3.460551035837982514e+00
1.686274509803921684e-01 4.581222134274760549e+00
1.725490196078431349e-01 1.901075437533553680e+00
1.764705882352941013e-01 3.494114100412885726e+00
1.803921568627450955e-01 3.452955149102398202e+00
1.843137254901960898e-01 3.479046500527080532e+00
1.882352941176470562e-01 5.529657826335364845e+00
1.921568627450980227e-01 4.698342788047685126e+00
1.960784313725490169e-01 4.758002053172633694e+00
2.000000000000000111e-01 4.672919689123776088e+00
2.039215686274509776e-01 4.430022126646806946e+00
2.078431372549019440e-01 2.252043799623292042e+00
2.117647058823529382e-01 5.010091828981517281e+00
2.156862745098039325e-01 3.996771004132919636e+00
2.196078431372548989e-01 1.581891100576853670e+00
2.235294117647058654e-01 3.973863026062547821e+00
2.274509803921568596e-01 3.032153150139460962e+00
2.313725490196078538e-01 4.087235252517498196e-01
2.352941176470588203e-01 2.474687540161772503e+00
2.392156862745097867e-01 1.699253906489139432e+00
2.431372549019607809e-01 3.772678173171641891e+00
2.470588235294117752e-01 2.443907235468221639e+00
2.509803921568627416e-01 3.383894330367984260e+00
2.549019607843137081e-01 3.649942348868792319e+00
2.588235294117646745e-01 1.975220502683903590e+00
2.627450980392156965e-01 3.024563269654680475e+00
2.666666666666666630e-01 5.381878452147393688e+00
2.705882352941176294e-01 3.873038333552345058e+00
2.745098039215686514e-01 4.096580123934166373e+00
2.784313725490196179e-01 4.795219839375914894e+00
2.823529411764705843e-01 5.664965700607843324e+00
2.862745098039215508e-01 5.158493651822087855e+00
2.901960784313725172e-01 2.367324143800745517e+00
2.941176470588235392e-01 8.105496208152849213e-01
2.980392156862745057e-01 3.459625531950301980e+00
3.019607843137254721e-01 2.510018206177632827e+00
3.058823529411764941e-01 2.063624137049834495e+00
3.098039215686274606e-01 3.010879339358424112e+00
3.137254901960784270e-01 4.388265790581847625e+00
3.176470588235293935e-01 4.883270829943090696e+00
3.215686274509803599e-01 3.817970796504104314e+00
3.254901960784313819e-01 4.976810184335877629e+00
3.294117647058823484e-01 4.289697243765892232e+00
3.333333333333333148e-01 4.419751886085339088e+00
3.372549019607843368e-01 4.365597691978375217e+00
3.411764705882353033e-01 5.112728241988593325e+00
3.450980392156862697e-01 2.869826086413513444e+00
3.490196078431372362e-01 2.723437675092135635e+00
3.529411764705882026e-01 2.369986803388095975e+00
3.568627450980392246e-01 3.051553366013828317e+00
3.607843137254901911e-01 1.753145320618779035e+00
3.647058823529411575e-01 6.735466555542743983e-01
3.686274509803921795e-01 3.834027295632131072e+00
3.725490196078431460e-01 4.490562240593864551e+00
3.764705882352941124e-01 4.687719220384891194e+00
3.803921568627450789e-01 4.586235238399961389e+00
3.843137254901960453e-01 2.253780094746851592e+00
3.882352941176470673e-01 3.862675805668375872e+00
3.921568627450980338e-01 3.444426095144107691e+00
3.960784313725490002e-01 4.248159456056786354e+00
4.000000000000000222e-01 4.263279302855102593e+00
4.039215686274509887e-01 3.837715671556617636e+00
4.078431372549019551e-01 5.555799425334638997e+00
4.117647058823529216e-01 5.021829134691007113e+00
4.156862745098038880e-01 5.257212704713950302e+00
4.196078431372549100e-01 4.890204986347848504e+00
4.235294117647058765e-01 3.266917945814816093e+00
4.274509803921568429e-01 3.983944878997862649e+00
4.313725490196078649e-01 5.039521747397952112e+00
4.352941176470588314e-01 4.887394903041414551e+00
4.392156862745097978e-01 3.313997397590254579e+00
4.431372549019607643e-01 4.597952688834694435e+00
4.470588235294117307e-01 4.565136063954642331e+00
4.509803921568627527e-01 4.867336970088390835e+00
4.549019607843137192e-01 3.547431748910184535e+00
4.588235294117646856e-01 3.513400896507834936e+00
4.627450980392157076e-01 4.036167019002472323e+00
4.666666666666666741e-01 4.566431948370282434e+00
4.705882352941176405e-01 3.067735794030918228e+00
4.745098039215686070e-01 4.182755857800692034e+00
4.784313725490195734e-01 2.563903637132372015e+00
4.823529411764705954e-01 4.546864407722370771e+00
4.862745098039215619e-01 4.930405476796352993e+00
4.901960784313725283e-01 3.921800262416575311e+00
4.941176470588235503e-01 4.916098740182031079e+00
4.980392156862745168e-01 6.893086717570150235e+00
5.019607843137254832e-01 4.216338694677592258e+00
5.058823529411764497e-01 6.139748924661256879e+00
5.098039215686274161e-01 4.545329374506882125e+00
5.137254901960783826e-01 7.391876671703258239e+00
5.176470588235293491e-01 4.615220840325699569e+00
5.215686274509804266e-01 3.864922066799346467e+00
5.254901960784313930e-01 3.335686527544039492e+00
5.294117647058823595e-01 3.776363234884991371e+00
5.333333333333333259e-01 4.933267902506075053e+00
5.372549019607842924e-01 3.947261882198089822e+00
5.411764705882352589e-01 4.592695030972874903e+00
5.450980392156862253e-01 4.534639956967529528e+00
5.490196078431373028e-01 5.696765060044929996e+00
5.529411764705882693e-01 4.508091858589473588e+00
5.568627450980392357e-01 5.110608277943812894e+00
5.607843137254902022e-01 5.154805354407117512e+00
5.647058823529411686e-01 4.292247465102319914e+00
5.686274509803921351e-01 4.676247887005781756e+00
5.725490196078431016e-01 3.881345945292109079e+00
5.764705882352940680e-01 4.163487946453085620e+00
5.803921568627450345e-01 4.869878112826350858e+00
5.843137254901961120e-01 4.530842683412680927e+00
5.882352941176470784e-01 6.068647867176940380e+00
5.921568627450980449e-01 3.719230452301531820e+00
5.960784313725490113e-01 4.936019221540195900e+00
5.999999999999999778e-01 5.807554405705648293e+00
6.039215686274509443e-01 4.824114539254330758e+00
6.078431372549019107e-01 3.483504472809312524e+00
6.117647058823529882e-01 5.036093380291311483e+00
6.156862745098039547e-01 3.510931079665045473e+00
6.196078431372549211e-01 4.220690784050163735e+00
6.235294117647058876e-01 5.551035925903581081e+00
6.274509803921568540e-01 5.179298920029387077e+00
6.313725490196078205e-01 4.744085121428982532e+00
6.352941176470587870e-01 4.414991333947687835e+00
6.392156862745097534e-01 4.839275004192209906e+00
6.431372549019607199e-01 4.145417200983720463e+00
6.470588235294117974e-01 4.518770820919320030e+00
6.509803921568627638e-01 5.556099084291484580e+00
6.549019607843137303e-01 6.550679010964525872e+00
6.588235294117646967e-01 5.195126121828373300e+00
6.627450980392156632e-01 5.150588970093496144e+00
6.666666666666666297e-01 4.056769934047521176e+00
6.705882352941175961e-01 2.835352052734149808e+00
6.745098039215686736e-01 5.070148512302784738e+00
6.784313725490196401e-01 4.999289943386855839e+00
6.823529411764706065e-01 3.763279647734111943e+00
6.862745098039215730e-01 4.491704529676384894e+00
6.901960784313725394e-01 5.239547601113619280e+00
6.941176470588235059e-01 4.758915969284209346e+00
6.980392156862744724e-01 5.009131739776748304e+00
7.019607843137254388e-01 2.714881500845994111e+00
7.058823529411764053e-01 5.084138063479682224e+00
7.098039215686274828e-01 5.296804556626049987e+00
7.137254901960784492e-01 4.790518574522133477e+00
7.176470588235294157e-01 5.287011292666907281e+00
7.215686274509803821e-01 2.897752922925112884e+00
7.254901960784313486e-01 6.016153062811948615e+00
7.294117647058823151e-01 3.150523859264239501e+00
7.333333333333332815e-01 4.025158977209513544e+00
7.372549019607843590e-01 3.011053242020991227e+00
7.411764705882353255e-01 6.120825927115626897e+00
7.450980392156862919e-01 2.987895053253712963e+00
7.490196078431372584e-01 4.338952778888201856e+00
7.529411764705882248e-01 3.012162622083674801e+00
7.568627450980391913e-01 3.673186478751220285e+00
7.607843137254901578e-01 4.291989990831482693e+00
7.647058823529411242e-01 5.191799965494761970e+00
7.686274509803920907e-01 4.373168461035535692e+00
7.725490196078431682e-01 3.873021995076350699e+00
7.764705882352941346e-01 3.254812259372442895e+00
7.803921568627451011e-01 4.903757760700425017e+00
7.843137254901960675e-01 4.272876038609894955e+00
7.882352941176470340e-01 5.016064754685959137e+00
7.921568627450980005e-01 3.460221075404640967e+00
7.960784313725489669e-01 4.069082428553342012e+00
8.000000000000000444e-01 2.775485077440261961e+00
8.039215686274510109e-01 2.995927357970420868e+00
8.078431372549019773e-01 3.938425807174128046e+00
8.117647058823529438e-01 5.206121490007104669e+00
8.156862745098039102e-01 3.949846215330075072e+00
8.196078431372548767e-01 3.098392862959306715e+00
8.235294117647058432e-01 4.835033544707409980e+00
8.274509803921568096e-01 2.140042665960711687e+00
8.313725490196077761e-01 3.996163063489019063e+00
8.352941176470588536e-01 5.970013192385785317e+00
8.392156862745098200e-01 4.328826520494851948e+00
8.431372549019607865e-01 3.443981390793247499e+00
8.470588235294117530e-01 4.144708670823253449e+00
8.509803921568627194e-01 3.173432716131296072e+00
8.549019607843136859e-01 2.827656797729737104e+00
8.588235294117646523e-01 4.317269628473605181e+00
8.627450980392157298e-01 4.701033768894521181e+00
8.666666666666666963e-01 1.985287265217477115e+00
8.705882352941176627e-01 3.266463504858825306e+00
8.745098039215686292e-01 2.915191704907583947e+00
8.784313725490195957e-01 2.664274975675273271e+00
8.823529411764705621e-01 3.454139279811943464e+00
8.862745098039215286e-01 4.199202691366171081e+00
8.901960784313724950e-01 4.293503148579241646e+00
8.941176470588234615e-01 4.064645830986119535e+00
8.980392156862745390e-01 3.540300520387307692e+00
9.019607843137255054e-01 5.114150451819768683e+00
9.058823529411764719e-01 3.224376647136744101e+00
9.098039215686274384e-01 1.653995703006135631e+00
9.137254901960784048e-01 1.691911721376363031e+00
9.176470588235293713e-01 5.486183866970378631e+00
9.215686274509803377e-01 1.840447346034112641e+00
9.254901960784314152e-01 3.071096665497898393e+00
9.294117647058823817e-01 2.846968459923429062e+00
9.333333333333333481e-01 4.677521242612417751e+00
9.372549019607843146e-01 2.334306082356765621e+00
9.411764705882352811e-01 3.759956997597143413e+00
9.450980392156862475e-01 1.124372121241581812e+00
9.490196078431372140e-01 2.106457353804671584e+00
9.529411764705881804e-01 4.125092622520384111e+00
9.568627450980391469e-01 1.633347448447930672e+00
9.607843137254902244e-01 1.214122842112279610e+00
9.647058823529411908e-01 2.099435547562598980e+00
9.686274509803921573e-01 2.498231377552641241e+00
9.725490196078431238e-01 3.059189930619175879e+00
9.764705882352940902e-01 4.364697252427970575e+00
9.803921568627450567e-01 3.860569871384380569e+00
9.843137254901960231e-01 1.346347794334005199e+00
9.882352941176471006e-01 1.737008392819658686e+00
9.921568627450980671e-01 2.883219930620112503e+00
9.960784313725490335e-01 2.032931741726915931e+00
1.000000000000000000e+00 1.739111494171238448e+00
