0.000000000000000000e+00 1.041475869003397614e+00
3.921568627450980338e-03 2.534521531461460864e+00
7.843137254901960675e-03 1.982004812889440082e+00
1.176470588235294101e-02 7.285674576317747730e-01
1.568627450980392135e-02 3.245155276477507567e+00
1.960784313725490169e-02 2.370091383910641891e+00
2.352941176470588203e-02 1.622258783910200508e+00
2.745098039215686236e-02 -8.982494022621707597e-01
3.137254901960784270e-02 1.465086439635943982e+00
3.529411764705882304e-02 5.323029360685915812e-01
3.921568627450980338e-02 4.033652615576485800e+00
4.313725490196078372e-02 -5.258415325124476958e-02
4.705882352941176405e-02 1.050178259941294989e+00
5.098039215686274439e-02 4.125591494482026000e+00
5.490196078431372473e-02 2.536900376704167126e+00
5.882352941176470507e-02 1.735313488527480130e+00
6.274509803921568540e-02 1.157093057513692180e+00
6.666666666666666574e-02 -1.911187525495977813e+00
7.058823529411764608e-02 -3.271168751793660512e-01
7.450980392156862642e-02 2.408792166113944422e+00
7.843137254901960675e-02 3.209704439378279872e+00
8.235294117647058709e-02 6.914151323493282764e-01
8.627450980392156743e-02 4.752037714917213940e+00
9.019607843137254777e-02 2.183276171686449274e+00
9.411764705882352811e-02 1.532197702049978183e+00
9.803921568627450844e-02 3.324636250287627881e+00
1.019607843137254888e-01 7.010109983521022325e-01
1.058823529411764691e-01 2.981615595391891027e+00
1.098039215686274495e-01 3.893946458669417243e+00
1.137254901960784298e-01 3.190032285429287739e+00
1.176470588235294101e-01 5.850002728708740829e-01
1.215686274509803905e-01 3.310584097291570771e+00
1.254901960784313708e-01 2.041016315922354885e+00
1.294117647058823373e-01 3.375086875687852928e+00
1.333333333333333315e-01 4.452062469729685112e+00
1.372549019607843257e-01 8.847799821616810778e-01
1.411764705882352922e-01 4.811979428436693240e+00
1.450980392156862586e-01 2.921738243840932725e+00
1.490196078431372528e-01 3.149976748768408275e+00
1.529411764705882470e-01 2.867954532201830720e+00
1.568627450980392135e-01 1.608207621043632685e+00
1.607843137254901800e-01 2.506796669174264469e+00
1.647058823529411742e-01 3.179303919307130855e+00
1.686274509803921684e-01 3.035996371089969781e+00
1.725490196078431349e-01 2.756212501058646680e+00
1.764705882352941013e-01 2.663342131672659097e+00
1.803921568627450955e-01 1.893344309527438707e+00
1.843137254901960898e-01 2.014562229829563123e+00
1.882352941176470562e-01 3.595563189078261779e+00
1.921568627450980227e-01 3.805269568838873351e+00
1.960784313725490169e-01 5.583064220633715102e+00
2.000000000000000111e-01 4.087181162154235992e+00
2.039215686274509776e-01 3.377378068138770395e+00
2.078431372549019440e-01 2.720662957433591878e+00
2.117647058823529382e-01 2.414998342058004788e+00
2.156862745098039325e-01 4.378671136133855057e+00
2.196078431372548989e-01 3.356266138148699785e+00
2.235294117647058654e-01 4.940878381836038002e+00
2.274509803921568596e-01 2.851069900391465683e+00
2.313725490196078538e-01 4.331811158794611316e+00
2.352941176470588203e-01 2.587419617603431199e+00
2.392156862745097867e-01 3.036669088689403218e+00
2.431372549019607809e-01 3.288542023450679253e+00
2.470588235294117752e-01 2.862153822356313881e+00
2.509803921568627416e-01 2.799752272657102026e+00
2.549019607843137081e-01 5.141697039363855914e+00
2.588235294117646745e-01 3.956214306041371032e+00
2.627450980392156965e-01 5.530619358747852488e+00
2.666666666666666630e-01 3.367429763920926966e+00
2.705882352941176294e-01 5.062391209092837130e+00
2.745098039215686514e-01 5.256063683360509664e+00
2.784313725490196179e-01 6.034697540388101800e+00
2.823529411764705843e-01 3.372979490086185361e+00
2.862745098039215508e-01 5.940622404245792687e+00
2.901960784313725172e-01 5.571911779229700379e+00
2.941176470588235392e-01 6.636056522045123529e+00
2.980392156862745057e-01 4.605634948465637812e+00
3.019607843137254721e-01 5.891172088953592123e+00
3.058823529411764941e-01 3.634010388002267611e+00
3.098039215686274606e-01 4.465069272305742132e+00
3.137254901960784270e-01 6.198754411776955742e+00
3.176470588235293935e-01 3.904983084237072521e+00
3.215686274509803599e-01 3.625109330194772550e+00
3.254901960784313819e-01 4.294811719972763342e+00
3.294117647058823484e-01 6.127285884667539761e+00
3.333333333333333148e-01 4.734376636030376950e+00
3.372549019607843368e-01 5.527260985042141250e+00
3.411764705882353033e-01 4.359402867655203018e+00
3.450980392156862697e-01 5.499245081248041345e+00
3.490196078431372362e-01 5.522522659598050332e+00
3.529411764705882026e-01 4.842342863352321558e+00
3.568627450980392246e-01 5.154211368552478412e+00
3.607843137254901911e-01 5.312288374770346877e+00
3.647058823529411575e-01 4.211182819828401591e+00
3.686274509803921795e-01 5.199142636234869386e+00
3.725490196078431460e-01 5.610129800034693304e+00
3.764705882352941124e-01 6.841531422697903153e+00
3.803921568627450789e-01 5.577046715270776112e+00
3.843137254901960453e-01 6.085221735182689606e+00
3.882352941176470673e-01 6.847007389913509101e+00
3.921568627450980338e-01 5.022649181617135028e+00
3.960784313725490002e-01 5.456541060015377198e+00
4.000000000000000222e-01 6.091186185741758408e+00
4.039215686274509887e-01 5.223791772125469635e+00
4.078431372549019551e-01 4.132377539696916458e+00
4.117647058823529216e-01 7.465937794373343372e+00
4.156862745098038880e-01 5.952088396656924019e+00
4.196078431372549100e-01 5.359912891912027355e+00
4.235294117647058765e-01 6.075390585873314819e+00
4.274509803921568429e-01 6.110130653020486413e+00
4.313725490196078649e-01 5.760641169305952047e+00
4.352941176470588314e-01 7.257600791421574549e+00
4.392156862745097978e-01 4.639862078252363631e+00
4.431372549019607643e-01 5.312049415954843035e+00
4.470588235294117307e-01 4.472014369272079293e+00
4.509803921568627527e-01 7.448682600710228030e+00
4.549019607843137192e-01 6.126172490385098257e+00
4.588235294117646856e-01 6.256954947209903750e+00
4.627450980392157076e-01 5.048299566736675459e+00
4.666666666666666741e-01 6.492811173557828219e+00
4.705882352941176405e-01 7.519498614285149429e+00
4.745098039215686070e-01 5.353601039055520872e+00
4.784313725490195734e-01 5.267979066137526090e+00
4.823529411764705954e-01 5.742512182191548575e+00
4.862745098039215619e-01 6.826461784453304205e+00
4.901960784313725283e-01 5.257901794897865244e+00
4.941176470588235503e-01 6.970839134188923758e+00
4.980392156862745168e-01 6.452611440566337286e+00
5.019607843137254832e-01 5.932619066184249057e+00
5.058823529411764497e-01 4.494530467385836836e+00
5.098039215686274161e-01 6.353624488614496357e+00
5.137254901960783826e-01 6.099312728294748354e+00
5.176470588235293491e-01 5.533851807357367925e+00
5.215686274509804266e-01 4.555874675773545768e+00
5.254901960784313930e-01 5.921557341712183842e+00
5.294117647058823595e-01 7.054076287488219243e+00
5.333333333333333259e-01 7.920120155932373507e+00
5.372549019607842924e-01 6.754490952358659150e+00
5.411764705882352589e-01 7.136032570082067039e+00
5.450980392156862253e-01 6.045219726282953232e+00
5.490196078431373028e-01 5.685080819143434105e+00
5.529411764705882693e-01 4.625662072115059864e+00
5.568627450980392357e-01 4.274763210644402456e+00
5.607843137254902022e-01 4.415816841166922302e+00
5.647058823529411686e-01 5.916998252943066916e+00
5.686274509803921351e-01 4.180065526352846561e+00
5.725490196078431016e-01 7.893284578485426195e+00
5.764705882352940680e-01 5.628042940889764978e+00
5.803921568627450345e-01 6.066508754321888297e+00
5.843137254901961120e-01 6.056680343996462490e+00
5.882352941176470784e-01 4.897613472432093218e+00
5.921568627450980449e-01 3.894313753225933095e+00
5.960784313725490113e-01 3.402014601058164889e+00
5.999999999999999778e-01 4.448032006775497926e+00
6.039215686274509443e-01 6.186491154934766534e+00
6.078431372549019107e-01 4.504369716131266799e+00
6.117647058823529882e-01 4.871930111363705684e+00
6.156862745098039547e-01 6.346839582116110101e+00
6.196078431372549211e-01 6.407625210327246634e+00
6.235294117647058876e-01 6.603394101799600513e+00
6.274509803921568540e-01 6.735408188596841761e+00
6.313725490196078205e-01 5.983554923738920728e+00
6.352941176470587870e-01 7.192317889726673741e+00
6.392156862745097534e-01 6.206849713309789962e+00
6.431372549019607199e-01 5.617635461359394178e+00
6.470588235294117974e-01 5.271631162689308425e+00
6.509803921568627638e-01 5.733118761375400219e+00
6.549019607843137303e-01 4.346670973144657779e+00
6.588235294117646967e-01 4.668626459141710150e+00
6.627450980392156632e-01 6.458833548578498451e+00
6.666666666666666297e-01 7.525714719471309877e+00
6.705882352941175961e-01 5.723297967675570419e+00
6.745098039215686736e-01 5.845391685890470868e+00
6.784313725490196401e-01 6.183313157372763769e+00
6.823529411764706065e-01 8.056681018566870023e+00
6.862745098039215730e-01 7.604986766479330917e+00
6.901960784313725394e-01 6.218872258760090865e+00
6.941176470588235059e-01 4.895599383388442583e+00
6.980392156862744724e-01 6.568507610798341112e+00
7.019607843137254388e-01 5.953257884300153790e+00
7.058823529411764053e-01 4.851216564608463955e+00
7.098039215686274828e-01 5.675597976751423523e+00
7.137254901960784492e-01 4.413657737146963633e+00
7.176470588235294157e-01 3.932155695093554559e+00
7.215686274509803821e-01 6.988298893802443956e+00
7.254901960784313486e-01 6.241727609550534517e+00
7.294117647058823151e-01 4.418188421516656916e+00
7.333333333333332815e-01 6.116967109495102584e+00
7.372549019607843590e-01 5.816770543211532640e+00
7.411764705882353255e-01 5.279527438631411940e+00
7.450980392156862919e-01 7.310479863544919077e+00
7.490196078431372584e-01 6.271937103847357697e+00
7.529411764705882248e-01 8.194329569719753792e+00
7.568627450980391913e-01 6.067243686610686026e+00
7.607843137254901578e-01 5.467026288406500178e+00
7.647058823529411242e-01 6.975888767186483541e+00
7.686274509803920907e-01 6.004937292191906195e+00
7.725490196078431682e-01 7.881807535219290450e+00
7.764705882352941346e-01 4.965149755043340107e+00
7.803921568627451011e-01 6.409540605969951343e+00
7.843137254901960675e-01 5.384031711923467078e+00
7.882352941176470340e-01 3.294155557781693666e+00
7.921568627450980005e-01 3.847570633978887322e+00
7.960784313725489669e-01 4.213757931232267495e+00
8.000000000000000444e-01 4.440021548969388832e+00
8.039215686274510109e-01 6.745952503094134300e+00
8.078431372549019773e-01 6.385285069285712822e+00
8.117647058823529438e-01 6.721091276567406680e+00
8.156862745098039102e-01 6.680759505145566379e+00
8.196078431372548767e-01 6.416947728626587910e+00
8.235294117647058432e-01 7.060539454702825068e+00
8.274509803921568096e-01 3.182083379582847815e+00
8.313725490196077761e-01 4.841891560880802636e+00
8.352941176470588536e-01 5.107622675204717133e+00
8.392156862745098200e-01 5.872182399359675564e+00
8.431372549019607865e-01 4.937341474760915894e+00
8.470588235294117530e-01 4.336173932330035896e+00
8.509803921568627194e-01 6.004481429776957313e+00
8.549019607843136859e-01 4.828075264267965849e+00
8.588235294117646523e-01 5.157818548997270547e+00
8.627450980392157298e-01 5.845976530243209623e+00
8.666666666666666963e-01 5.838572699393190568e+00
8.705882352941176627e-01 6.704370284469475472e+00
8.745098039215686292e-01 3.074119368042281586e+00
8.784313725490195957e-01 3.985736460337225839e+00
8.823529411764705621e-01 5.051113945762318203e+00
8.862745098039215286e-01 3.833450018397788206e+00
8.901960784313724950e-01 4.547275366075139047e+00
8.941176470588234615e-01 3.614542251373481285e+00
8.980392156862745390e-01 5.550511496673259160e+00
9.019607843137255054e-01 7.132827310927562614e+00
9.058823529411764719e-01 7.428499010814354264e+00
9.098039215686274384e-01 5.846130833638889079e+00
9.137254901960784048e-01 6.280508891868242571e+00
9.176470588235293713e-01 6.066467737265832660e+00
9.215686274509803377e-01 3.148491815415797035e+00
9.254901960784314152e-01 4.050510618439383315e+00
9.294117647058823817e-01 4.984949366469251686e+00
9.333333333333333481e-01 4.130647410745572401e+00
9.372549019607843146e-01 4.607082914814477625e+00
9.411764705882352811e-01 5.479773005154442878e+00
9.450980392156862475e-01 4.720891569707670321e+00
9.490196078431372140e-01 4.342395872608705076e+00
9.529411764705881804e-01 6.048169113665918140e+00
9.568627450980391469e-01 6.455203889605465761e+00
9.607843137254902244e-01 7.619827064822311868e+00
9.647058823529411908e-01 7.077500238803088983e+00
9.686274509803921573e-01 5.912713698609345592e+00
9.725490196078431238e-01 5.537356888932585264e+00
9.764705882352940902e-01 4.168429996127676063e+00
9.803921568627450567e-01 7.835695077503439521e+00
9.843137254901960231e-01 7.258025669201180641e+00
9.882352941176471006e-01 5.870052578386739661e+00
9.921568627450980671e-01 5.362859953000408630e+00
9.960784313725490335e-01 5.203792785212421279e+00
1.000000000000000000e+00 7.476107467233247483e+00
