0.000000000000000000e+00 3.954352391880336270e+00
3.921568627450980338e-03 3.921746721453318152e+00
7.843137254901960675e-03 2.852834754981070642e+00
1.176470588235294101e-02 1.701147630124660859e+00
1.568627450980392135e-02 3.231130329442010840e+00
1.960784313725490169e-02 9.764149475680503620e-01
2.352941176470588203e-02 2.648338088816626357e+00
2.745098039215686236e-02 4.473682953000297502e+00
3.137254901960784270e-02 2.769772035028037038e+00
3.529411764705882304e-02 2.761574894599017949e+00
3.921568627450980338e-02 1.868416437420074683e+00
4.313725490196078372e-02 2.892241885754671671e+00
4.705882352941176405e-02 2.760470921056763061e+00
5.098039215686274439e-02 1.535162269960755221e+00
5.490196078431372473e-02 1.803525689103597340e+00
5.882352941176470507e-02 2.149892595014581964e+00
6.274509803921568540e-02 5.957697729555986754e+00
6.666666666666666574e-02 2.772772962600450697e+00
7.058823529411764608e-02 5.292580269135726212e+00
7.450980392156862642e-02 4.380792943169828924e+00
7.843137254901960675e-02 1.961459403920123190e+00
8.235294117647058709e-02 4.629201964743861808e+00
8.627450980392156743e-02 3.743443125523461035e+00
9.019607843137254777e-02 4.291655206973254977e+00
9.411764705882352811e-02 1.847820744199206944e+00
9.803921568627450844e-02 1.676825507207467147e+00
1.019607843137254888e-01 3.990863049448443611e+00
1.058823529411764691e-01 3.032354373594413843e+00
1.098039215686274495e-01 2.587144820075075291e+00
1.137254901960784298e-01 3.433348869978387174e+00
1.176470588235294101e-01 4.062714875863542296e+00
1.215686274509803905e-01 3.349297281768822021e+00
1.254901960784313708e-01 3.808517729998487589e+00
1.294117647058823373e-01 4.558264964735089464e+00
1.333333333333333315e-01 3.499546658325408455e+00
1.372549019607843257e-01 3.671147909692295208e+00
1.411764705882352922e-01 4.824238730705174838e+00
1.450980392156862586e-01 2.904791515612927366e+00
1.490196078431372528e-01 2.969713654562760041e+00
1.529411764705882470e-01 4.670934549156200433e+00
1.568627450980392135e-01 2.993298233976885214e+00
1.607843137254901800e-01 1.421652754447047862e+00
1.647058823529411742e-01 4.285330965459591468e+00
1.686274509803921684e-01 6.105488704267875377e+00
1.725490196078431349e-01 4.376274431574131540e+00
1.764705882352941013e-01 3.946045021131571851e+00
1.803921568627450955e-01 2.401990725964278539e+00
1.843137254901960898e-01 1.881525020878956900e+00
1.882352941176470562e-01 3.002745817183620769e+00
1.921568627450980227e-01 3.052321826662834248e+00
1.960784313725490169e-01 4.067644897317942210e+00
2.000000000000000111e-01 2.734673695486731226e+00
2.039215686274509776e-01 4.511891005090532758e+00
2.078431372549019440e-01 2.728095255090226878e+00
2.117647058823529382e-01 4.594147013795407908e+00
2.156862745098039325e-01 3.519320522702686915e+00
2.196078431372548989e-01 5.345609644448265030e+00
2.235294117647058654e-01 3.690456568789676872e+00
2.274509803921568596e-01 3.843006717067013689e+00
2.313725490196078538e-01 4.218168242210261099e+00
2.352941176470588203e-01 2.993002461407685111e+00
2.392156862745097867e-01 3.551216412107221387e+00
2.431372549019607809e-01 3.987456789242341593e+00
2.470588235294117752e-01 3.484657550187951536e+00
2.509803921568627416e-01 3.780103425361092562e+00
2.549019607843137081e-01 3.087033055693603867e+00
2.588235294117646745e-01 4.330703411686128490e+00
2.627450980392156965e-01 2.329737179715232642e+00
2.666666666666666630e-01 3.584678569197246922e+00
2.705882352941176294e-01 3.410320836645600373e+00
2.745098039215686514e-01 4.300963301489029611e+00
2.784313725490196179e-01 4.944651562435322667e+00
2.823529411764705843e-01 5.076528163155223261e+00
2.862745098039215508e-01 2.502895143328679239e+00
2.901960784313725172e-01 3.611606763802861941e+00
2.941176470588235392e-01 4.698679331458507136e+00
2.980392156862745057e-01 5.285893110648665072e+00
3.019607843137254721e-01 4.399187417632417052e+00
3.058823529411764941e-01 3.693446185038233409e+00
3.098039215686274606e-01 3.878116184900908259e+00
3.137254901960784270e-01 5.022114984964655804e+00
3.176470588235293935e-01 5.209490878634915667e+00
3.215686274509803599e-01 4.703514675994515670e+00
3.254901960784313819e-01 5.294715692476826163e+00
3.294117647058823484e-01 5.465881788134912433e+00
3.333333333333333148e-01 8.154344832012036193e+00
3.372549019607843368e-01 6.597734998018230712e+00
3.411764705882353033e-01 6.617485651009409331e+00
3.450980392156862697e-01 6.910560508633453836e+00
3.490196078431372362e-01 4.784535011692627293e+00
3.529411764705882026e-01 5.664040584619782770e+00
3.568627450980392246e-01 3.951817503970464607e+00
3.607843137254901911e-01 5.025730957495708751e+00
3.647058823529411575e-01 5.735349012270896552e+00
3.686274509803921795e-01 5.623539044216418148e+00
3.725490196078431460e-01 8.116018323106841237e+00
3.764705882352941124e-01 7.162886388902445667e+00
3.803921568627450789e-01 8.148900320422011845e+00
3.843137254901960453e-01 5.901649071133968860e+00
3.882352941176470673e-01 8.163435806892898938e+00
3.921568627450980338e-01 7.667341732612193539e+00
3.960784313725490002e-01 7.665165194712885821e+00
4.000000000000000222e-01 7.358413689249347911e+00
4.039215686274509887e-01 7.242075951154991031e+00
4.078431372549019551e-01 4.704369806011129640e+00
4.117647058823529216e-01 5.849329913788344548e+00
4.156862745098038880e-01 7.710542828600728704e+00
4.196078431372549100e-01 5.485396761607079341e+00
4.235294117647058765e-01 5.232648652628542507e+00
4.274509803921568429e-01 5.003572038183414783e+00
4.313725490196078649e-01 5.874420268106415932e+00
4.352941176470588314e-01 7.282939222435914850e+00
4.392156862745097978e-01 5.826982736749896752e+00
4.431372549019607643e-01 8.265978266339553571e+00
4.470588235294117307e-01 7.472099122631801649e+00
4.509803921568627527e-01 9.553529885545144040e+00
4.549019607843137192e-01 7.535248718023188630e+00
4.588235294117646856e-01 6.536490104512966859e+00
4.627450980392157076e-01 8.420697002609665915e+00
4.666666666666666741e-01 8.013497668737254997e+00
4.705882352941176405e-01 8.004426151171202264e+00
4.745098039215686070e-01 8.457262485221416881e+00
4.784313725490195734e-01 6.416862840933029055e+00
4.823529411764705954e-01 7.777675927767215391e+00
4.862745098039215619e-01 6.737827080496472831e+00
4.901960784313725283e-01 7.691192102464595948e+00
4.941176470588235503e-01 5.658483230204051750e+00
4.980392156862745168e-01 8.392021503979982811e+00
5.019607843137254832e-01 8.384648433455843985e+00
5.058823529411764497e-01 8.920193878409182986e+00
5.098039215686274161e-01 8.582248939965165135e+00
5.137254901960783826e-01 1.058338817700458989e+01
5.176470588235293491e-01 9.208632923277500382e+00
5.215686274509804266e-01 7.621416981870101637e+00
5.254901960784313930e-01 8.292395206888073744e+00
5.294117647058823595e-01 7.380016550521856011e+00
5.333333333333333259e-01 7.551071825346335586e+00
5.372549019607842924e-01 7.615576747403655311e+00
5.411764705882352589e-01 6.082674408850627046e+00
5.450980392156862253e-01 8.286924614493925034e+00
5.490196078431373028e-01 8.168383319661035813e+00
5.529411764705882693e-01 8.360613840310213263e+00
5.568627450980392357e-01 9.531058508931463891e+00
5.607843137254902022e-01 9.492711042554777379e+00
5.647058823529411686e-01 9.569678597127975195e+00
5.686274509803921351e-01 1.010208374250713703e+01
5.725490196078431016e-01 8.521668152953484565e+00
5.764705882352940680e-01 9.058157861780498976e+00
5.803921568627450345e-01 8.066010738301999439e+00
5.843137254901961120e-01 8.905960722068185120e+00
5.882352941176470784e-01 8.321154893491570448e+00
5.921568627450980449e-01 1.006279025788379933e+01
5.960784313725490113e-01 1.023284881558409332e+01
5.999999999999999778e-01 8.169739079785960811e+00
6.039215686274509443e-01 8.234080701409434155e+00
6.078431372549019107e-01 8.703680049595350354e+00
6.117647058823529882e-01 1.072453483166871457e+01
6.156862745098039547e-01 9.467368704130260326e+00
6.196078431372549211e-01 8.644423592826759872e+00
6.235294117647058876e-01 8.476255217776763828e+00
6.274509803921568540e-01 9.247776062288345145e+00
6.313725490196078205e-01 9.355923971345125878e+00
6.352941176470587870e-01 8.775400740121879650e+00
6.392156862745097534e-01 8.733175310506927858e+00
6.431372549019607199e-01 8.992857029078940911e+00
6.470588235294117974e-01 8.067055372665485891e+00
6.509803921568627638e-01 8.735226937461160190e+00
6.549019607843137303e-01 1.007206551759773561e+01
6.588235294117646967e-01 8.153047942852401420e+00
6.627450980392156632e-01 1.069758607332950895e+01
6.666666666666666297e-01 9.540329158068557192e+00
6.705882352941175961e-01 9.542902395623888978e+00
6.745098039215686736e-01 9.469497809973773883e+00
6.784313725490196401e-01 9.844581836196477198e+00
6.823529411764706065e-01 8.062801687398787109e+00
6.862745098039215730e-01 9.877275622857204951e+00
6.901960784313725394e-01 1.016662382943220599e+01
6.941176470588235059e-01 9.747915258001446759e+00
6.980392156862744724e-01 9.313353994699799188e+00
7.019607843137254388e-01 1.014770729603640298e+01
7.058823529411764053e-01 1.052298722083691729e+01
7.098039215686274828e-01 9.310750128694701644e+00
7.137254901960784492e-01 1.135233350461327717e+01
7.176470588235294157e-01 1.095453071854193894e+01
7.215686274509803821e-01 1.074091949196771090e+01
7.254901960784313486e-01 1.069203948823471606e+01
7.294117647058823151e-01 1.087703599159094026e+01
7.333333333333332815e-01 1.079027339268331076e+01
7.372549019607843590e-01 8.641101667268635822e+00
7.411764705882353255e-01 1.009488406505550984e+01
7.450980392156862919e-01 9.528606882170752357e+00
7.490196078431372584e-01 1.024889536646842281e+01
7.529411764705882248e-01 9.233926411801158807e+00
7.568627450980391913e-01 7.992762528109405906e+00
7.607843137254901578e-01 1.031921403997201736e+01
7.647058823529411242e-01 7.846772109048552046e+00
7.686274509803920907e-01 8.968317988512220396e+00
7.725490196078431682e-01 9.919653215865979590e+00
7.764705882352941346e-01 9.681142951622749848e+00
7.803921568627451011e-01 9.159340312730735789e+00
7.843137254901960675e-01 1.062340030618496201e+01
7.882352941176470340e-01 1.136410907158910533e+01
7.921568627450980005e-01 9.799701449712115320e+00
7.960784313725489669e-01 9.697750968354212020e+00
8.000000000000000444e-01 1.070699875746979757e+01
8.039215686274510109e-01 9.128859219146152171e+00
8.078431372549019773e-01 1.196185093181226122e+01
8.117647058823529438e-01 1.041726801954742498e+01
8.156862745098039102e-01 9.268075265382700323e+00
8.196078431372548767e-01 1.042431699483807250e+01
8.235294117647058432e-01 1.119391297290590970e+01
8.274509803921568096e-01 1.017340698374529318e+01
8.313725490196077761e-01 8.864466421928476336e+00
8.352941176470588536e-01 9.569528227915578000e+00
8.392156862745098200e-01 1.020693703719275014e+01
8.431372549019607865e-01 1.055957174996300552e+01
8.470588235294117530e-01 1.014247547385106785e+01
8.509803921568627194e-01 9.633732486976279930e+00
8.549019607843136859e-01 8.085070718880238871e+00
8.588235294117646523e-01 9.755472213138148163e+00
8.627450980392157298e-01 1.008870086264700916e+01
8.666666666666666963e-01 7.440308130237003326e+00
8.705882352941176627e-01 1.004334672853843635e+01
8.745098039215686292e-01 8.548296379737152506e+00
8.784313725490195957e-01 8.679459826201146200e+00
8.823529411764705621e-01 8.454764084835495908e+00
8.862745098039215286e-01 5.823941762974950365e+00
8.901960784313724950e-01 9.257681188319873300e+00
8.941176470588234615e-01 7.179369263063438922e+00
8.980392156862745390e-01 6.615148693967592308e+00
9.019607843137255054e-01 9.036578595121772750e+00
9.058823529411764719e-01 7.542226532086344193e+00
9.098039215686274384e-01 7.600310749254893139e+00
9.137254901960784048e-01 6.803063536725236560e+00
9.176470588235293713e-01 8.762883651202329816e+00
9.215686274509803377e-01 1.038393478470070797e+01
9.254901960784314152e-01 9.760115336153486254e+00
9.294117647058823817e-01 8.409675143243882545e+00
9.333333333333333481e-01 1.020339797208129085e+01
9.372549019607843146e-01 9.085870713252477415e+00
9.411764705882352811e-01 8.762634624673864892e+00
9.450980392156862475e-01 7.614245082733328118e+00
9.490196078431372140e-01 8.095386416644156924e+00
9.529411764705881804e-01 8.546392009084970098e+00
9.568627450980391469e-01 9.239740363390295030e+00
9.607843137254902244e-01 9.646041398122184418e+00
9.647058823529411908e-01 5.116093414798241312e+00
9.686274509803921573e-01 6.287830477955060893e+00
9.725490196078431238e-01 7.124477988565683262e+00
9.764705882352940902e-01 8.914916739907848608e+00
9.803921568627450567e-01 9.713030666550407588e+00
9.843137254901960231e-01 8.922348088205009020e+00
9.882352941176471006e-01 9.018447399389760477e+00
9.921568627450980671e-01 7.128927516382976393e+00
9.960784313725490335e-01 7.158922983296780451e+00
1.000000000000000000e+00 7.980995240781660449e+00
