0.000000000000000000e+00 5.229157687267965038e+00
3.921568627450980338e-03 4.216555741608276620e+00
7.843137254901960675e-03 4.038968868968643378e+00
1.176470588235294101e-02 2.595404675287754426e+00
1.568627450980392135e-02 3.077548000980667720e+00
1.960784313725490169e-02 3.354582790342938381e+00
2.352941176470588203e-02 2.616064482400869640e+00
2.745098039215686236e-02 3.967158145406680880e+00
3.137254901960784270e-02 2.766582302563830975e+00
3.529411764705882304e-02 2.128993250336578047e+00
3.921568627450980338e-02 5.385661597725332150e+00
4.313725490196078372e-02 4.331644414618279093e+00
4.705882352941176405e-02 4.091684508806382681e+00
5.098039215686274439e-02 6.209544626821420721e+00
5.490196078431372473e-02 5.975508265829869714e-01
5.882352941176470507e-02 2.851491005290856862e+00
6.274509803921568540e-02 1.929800581623177358e+00
6.666666666666666574e-02 1.047594540873292068e+00
7.058823529411764608e-02 1.219910620492643094e+00
7.450980392156862642e-02 8.948462917051829280e-01
7.843137254901960675e-02 1.943839224572546875e+00
8.235294117647058709e-02 1.888472095911209347e+00
8.627450980392156743e-02 2.834229035725993828e+00
9.019607843137254777e-02 1.733274704512703046e+00
9.411764705882352811e-02 2.288723452516918222e+00
9.803921568627450844e-02 3.988636422813485627e+00
1.019607843137254888e-01 3.502692603600532806e+00
1.058823529411764691e-01 3.684767977953468332e+00
1.098039215686274495e-01 2.550037693476085110e+00
1.137254901960784298e-01 1.763328111217429051e+00
1.176470588235294101e-01 2.160001121880850139e+00
1.215686274509803905e-01 -9.750949965139028563e-01
1.254901960784313708e-01 -6.468534598050412754e-02
1.294117647058823373e-01 1.980708479262052180e-01
1.333333333333333315e-01 3.314460123835131000e+00
1.372549019607843257e-01 2.863198166597529237e+00
1.411764705882352922e-01 2.991709608174220048e+00
1.450980392156862586e-01 4.460460836602373469e+00
1.490196078431372528e-01 5.882768164422534696e+00
1.529411764705882470e-01 5.963628037823751171e+00
1.568627450980392135e-01 2.401781057416603637e+00
1.607843137254901800e-01 4.610517039616564894e+00
1.647058823529411742e-01 2.097338137506816746e+00
1.686274509803921684e-01 3.948201935501800097e+00
1.725490196078431349e-01 2.602062542860493544e+00
1.764705882352941013e-01 1.980335289806230303e+00
1.803921568627450955e-01 1.712666277743037924e-01
1.843137254901960898e-01 2.979794755442881637e+00
1.882352941176470562e-01 3.932910930929603310e+00
1.921568627450980227e-01 3.134701376301962661e+00
1.960784313725490169e-01 3.992893216514511234e+00
2.000000000000000111e-01 4.409282251586891910e+00
2.039215686274509776e-01 5.788907832019272170e+00
2.078431372549019440e-01 3.111124448177140067e+00
2.117647058823529382e-01 4.227241742518248913e+00
2.156862745098039325e-01 5.551163733228143826e+00
2.196078431372548989e-01 3.376727194992921177e+00
2.235294117647058654e-01 3.277976828533050835e+00
2.274509803921568596e-01 5.755521964856741057e+00
2.313725490196078538e-01 2.273057363296180355e+00
2.352941176470588203e-01 2.735729149446972208e+00
2.392156862745097867e-01 2.243210602482289318e+00
2.431372549019607809e-01 7.152241383750110870e-01
2.470588235294117752e-01 2.840542595796431868e+00
2.509803921568627416e-01 2.919075476789417589e+00
2.549019607843137081e-01 2.651767886976430511e+00
2.588235294117646745e-01 3.970662064569097982e+00
2.627450980392156965e-01 4.510890180928457838e+00
2.666666666666666630e-01 4.115315399655003148e+00
2.705882352941176294e-01 3.588330542788954247e+00
2.745098039215686514e-01 4.516869866963021174e+00
2.784313725490196179e-01 3.657208034552655640e+00
2.823529411764705843e-01 2.484936813235808728e+00
2.862745098039215508e-01 4.108467456331511336e+00
2.901960784313725172e-01 3.644780902972877712e+00
2.941176470588235392e-01 2.256801793780133458e+00
2.980392156862745057e-01 4.555204454906407463e+00
3.019607843137254721e-01 4.784940868169781147e+00
3.058823529411764941e-01 4.395140763044560472e+00
3.098039215686274606e-01 5.085172519422591186e+00
3.137254901960784270e-01 7.089171890217143890e+00
3.176470588235293935e-01 5.969535429686793293e+00
3.215686274509803599e-01 5.681010405988677903e+00
3.254901960784313819e-01 7.429861782647253499e+00
3.294117647058823484e-01 4.074925430747176058e+00
3.333333333333333148e-01 4.964818862112228892e+00
3.372549019607843368e-01 3.442531115817039744e+00
3.411764705882353033e-01 6.026924592784577150e+00
3.450980392156862697e-01 4.742684514912566485e+00
3.490196078431372362e-01 5.079309840680654276e+00
3.529411764705882026e-01 5.627646326379776021e+00
3.568627450980392246e-01 3.371054156384215350e+00
3.607843137254901911e-01 4.989102188282680928e+00
3.647058823529411575e-01 7.500021104774820202e+00
3.686274509803921795e-01 7.696685630717928106e+00
3.725490196078431460e-01 5.655423785310080831e+00
3.764705882352941124e-01 6.175650440095483695e+00
3.803921568627450789e-01 7.642918839372168982e+00
3.843137254901960453e-01 7.160126954875860150e+00
3.882352941176470673e-01 8.187738797659267931e+00
3.921568627450980338e-01 6.733185015914099125e+00
3.960784313725490002e-01 5.699891194404655081e+00
4.000000000000000222e-01 7.326749802405816858e+00
4.039215686274509887e-01 7.007173501519792680e+00
4.078431372549019551e-01 4.389203376768875842e+00
4.117647058823529216e-01 6.611691556927036473e+00
4.156862745098038880e-01 6.833911369628955512e+00
4.196078431372549100e-01 7.651777169217654162e+00
4.235294117647058765e-01 7.350579539839124266e+00
4.274509803921568429e-01 7.588995897210958574e+00
4.313725490196078649e-01 7.644479271647753649e+00
4.352941176470588314e-01 8.392863358292727227e+00
4.392156862745097978e-01 8.575780011747113463e+00
4.431372549019607643e-01 7.415712392718028845e+00
4.470588235294117307e-01 7.925691730960348735e+00
4.509803921568627527e-01 5.836751094413011209e+00
4.549019607843137192e-01 8.680523547334887624e+00
4.588235294117646856e-01 7.465966894695368339e+00
4.627450980392157076e-01 7.856167739969539099e+00
4.666666666666666741e-01 8.730513917729266993e+00
4.705882352941176405e-01 7.877603057386002305e+00
4.745098039215686070e-01 6.856614536830909046e+00
4.784313725490195734e-01 6.676281919559033717e+00
4.823529411764705954e-01 8.603876771521646205e+00
4.862745098039215619e-01 6.860062634224711076e+00
4.901960784313725283e-01 1.055166122906016923e+01
4.941176470588235503e-01 8.616543956635673851e+00
4.980392156862745168e-01 8.399057661034369460e+00
5.019607843137254832e-01 1.048858139420572044e+01
5.058823529411764497e-01 6.541730709725764648e+00
5.098039215686274161e-01 7.441043076619914487e+00
5.137254901960783826e-01 7.005262441351372438e+00
5.176470588235293491e-01 6.655473068482230303e+00
5.215686274509804266e-01 4.452564924238017419e+00
5.254901960784313930e-01 6.379131810136434488e+00
5.294117647058823595e-01 4.908878875171300393e+00
5.333333333333333259e-01 7.530086069515581570e+00
5.372549019607842924e-01 7.750230445143204250e+00
5.411764705882352589e-01 8.288333465303345804e+00
5.450980392156862253e-01 9.400941400708095586e+00
5.490196078431373028e-01 9.687568311984049885e+00
5.529411764705882693e-01 9.506923611438450550e+00
5.568627450980392357e-01 9.048226186200327703e+00
5.607843137254902022e-01 7.943689729365249086e+00
5.647058823529411686e-01 8.415657187741839351e+00
5.686274509803921351e-01 8.409361264856974216e+00
5.725490196078431016e-01 5.537413895732925084e+00
5.764705882352940680e-01 5.566694233507519129e+00
5.803921568627450345e-01 7.088775775204447349e+00
5.843137254901961120e-01 9.019165364627818704e+00
5.882352941176470784e-01 6.642686331887937889e+00
5.921568627450980449e-01 9.410175754669545256e+00
5.960784313725490113e-01 7.783682928620091701e+00
5.999999999999999778e-01 1.116838335764643375e+01
6.039215686274509443e-01 8.136876453835958145e+00
6.078431372549019107e-01 1.001247095847440249e+01
6.117647058823529882e-01 8.054494244534890157e+00
6.156862745098039547e-01 6.212965823256604736e+00
6.196078431372549211e-01 4.912992394288963283e+00
6.235294117647058876e-01 6.785543718183411954e+00
6.274509803921568540e-01 6.316688795920057942e+00
6.313725490196078205e-01 6.430803319149600128e+00
6.352941176470587870e-01 9.343145418360478516e+00
6.392156862745097534e-01 5.672237927111067890e+00
6.431372549019607199e-01 7.317374237661389280e+00
6.470588235294117974e-01 8.423963281207221598e+00
6.509803921568627638e-01 1.030379215539310955e+01
6.549019607843137303e-01 9.946398481684225246e+00
6.588235294117646967e-01 1.036272678223920707e+01
6.627450980392156632e-01 8.789864504518551058e+00
6.666666666666666297e-01 8.597892930322723615e+00
6.705882352941175961e-01 9.009434284114888669e+00
6.745098039215686736e-01 9.935920246327206939e+00
6.784313725490196401e-01 9.360077227376001119e+00
6.823529411764706065e-01 8.955772034698654238e+00
6.862745098039215730e-01 7.662214442261957359e+00
6.901960784313725394e-01 7.537960313294094661e+00
6.941176470588235059e-01 8.103544874334112080e+00
6.980392156862744724e-01 9.519017074412417401e+00
7.019607843137254388e-01 8.653615391879618812e+00
7.058823529411764053e-01 8.967103771283408520e+00
7.098039215686274828e-01 9.743670502180602710e+00
7.137254901960784492e-01 7.645009549206863930e+00
7.176470588235294157e-01 8.310060789495290479e+00
7.215686274509803821e-01 9.281328683076292663e+00
7.254901960784313486e-01 7.082757830760948004e+00
7.294117647058823151e-01 7.928376583616578266e+00
7.333333333333332815e-01 5.669003208313223574e+00
7.372549019607843590e-01 8.410655214068837537e+00
7.411764705882353255e-01 8.611995270348057119e+00
7.450980392156862919e-01 6.808227439231433031e+00
7.490196078431372584e-01 8.333698712702194200e+00
7.529411764705882248e-01 1.083477473751794129e+01
7.568627450980391913e-01 9.367559349694630555e+00
7.607843137254901578e-01 7.481156622586137672e+00
7.647058823529411242e-01 8.320134176030039797e+00
7.686274509803920907e-01 7.033784414908281768e+00
7.725490196078431682e-01 7.056451583902379809e+00
7.764705882352941346e-01 7.435262855910613311e+00
7.803921568627451011e-01 7.795034719443256321e+00
7.843137254901960675e-01 7.367899756157263447e+00
7.882352941176470340e-01 8.748531915333602527e+00
7.921568627450980005e-01 6.867002541391395987e+00
7.960784313725489669e-01 7.305924903139863424e+00
8.000000000000000444e-01 5.982158559876396886e+00
8.039215686274510109e-01 7.576003934645287430e+00
8.078431372549019773e-01 5.218456984682393163e+00
8.117647058823529438e-01 6.854372178899544643e+00
8.156862745098039102e-01 6.479427795772305210e+00
8.196078431372548767e-01 7.302766078194738775e+00
8.235294117647058432e-01 9.084820165787578006e+00
8.274509803921568096e-01 7.269607780604228964e+00
8.313725490196077761e-01 7.665557069153345005e+00
8.352941176470588536e-01 7.761370771160762239e+00
8.392156862745098200e-01 6.638729943963237012e+00
8.431372549019607865e-01 6.629904136895867772e+00
8.470588235294117530e-01 7.696597772711927021e+00
8.509803921568627194e-01 8.352156039423324074e+00
8.549019607843136859e-01 8.639126652560198849e+00
8.588235294117646523e-01 6.185945611914640985e+00
8.627450980392157298e-01 6.636065307455641715e+00
8.666666666666666963e-01 6.780126011509066686e+00
8.705882352941176627e-01 6.407718602685671172e+00
8.745098039215686292e-01 8.343531707961147958e+00
8.784313725490195957e-01 8.296688549568935755e+00
8.823529411764705621e-01 9.817262717782304193e+00
8.862745098039215286e-01 7.592029756043334743e+00
8.901960784313724950e-01 7.464033130821839279e+00
8.941176470588234615e-01 5.710312566542009804e+00
8.980392156862745390e-01 6.606221121422502840e+00
9.019607843137255054e-01 7.774805254450978254e+00
9.058823529411764719e-01 6.387948587954014101e+00
9.098039215686274384e-01 8.445606098388408256e+00
9.137254901960784048e-01 7.959858729420425050e+00
9.176470588235293713e-01 8.837791395341270118e+00
9.215686274509803377e-01 1.005668317332611750e+01
9.254901960784314152e-01 9.514823065190741502e+00
9.294117647058823817e-01 8.456081751675862179e+00
9.333333333333333481e-01 8.402532294693086712e+00
9.372549019607843146e-01 6.725178120782637770e+00
9.411764705882352811e-01 6.150717889538517724e+00
9.450980392156862475e-01 9.904600318712409646e+00
9.490196078431372140e-01 7.808345688245256433e+00
9.529411764705881804e-01 9.809479631023149793e+00
9.568627450980391469e-01 8.813019740667332513e+00
9.607843137254902244e-01 6.546428185970851743e+00
9.647058823529411908e-01 9.738573082421222438e+00
9.686274509803921573e-01 9.383565713031945421e+00
9.725490196078431238e-01 8.925472869409802001e+00
9.764705882352940902e-01 7.780158402908176285e+00
9.803921568627450567e-01 6.078611021620138111e+00
9.843137254901960231e-01 6.829599888105940764e+00
9.882352941176471006e-01 8.703361535744496891e+00
9.921568627450980671e-01 7.021617836768912824e+00
9.960784313725490335e-01 6.850942450279798202e+00
1.000000000000000000e+00 7.210568407999748075e+00
