0.000000000000000000e+00 3.113395002361462272e+00
3.921568627450980338e-03 4.998420738058985791e+00
7.843137254901960675e-03 5.981028028375863670e+00
1.176470588235294101e-02 4.371988455987837696e+00
1.568627450980392135e-02 5.707455914119938356e+00
1.960784313725490169e-02 7.505838029755255825e+00
2.352941176470588203e-02 8.073931958271650444e+00
2.745098039215686236e-02 6.373266540362349630e+00
3.137254901960784270e-02 6.194477376430597815e+00
3.529411764705882304e-02 3.124832878705332995e+00
3.921568627450980338e-02 3.923363663923495004e+00
4.313725490196078372e-02 3.820234444178083777e+00
4.705882352941176405e-02 7.746594840357964529e+00
5.098039215686274439e-02 7.262017425070664167e+00
5.490196078431372473e-02 6.754124686735501371e+00
5.882352941176470507e-02 7.805558849988360137e+00
6.274509803921568540e-02 5.632809258464993363e+00
6.666666666666666574e-02 4.830332043580944479e+00
7.058823529411764608e-02 4.300353793996443130e+00
7.450980392156862642e-02 2.661999538071653237e+00
7.843137254901960675e-02 2.919246373053098864e+00
8.235294117647058709e-02 4.855180055481859824e+00
8.627450980392156743e-02 6.728437900403904770e+00
9.019607843137254777e-02 5.958300496736496754e+00
9.411764705882352811e-02 6.334122728663656332e+00
9.803921568627450844e-02 5.315743833592770251e+00
1.019607843137254888e-01 4.637981294429662782e+00
1.058823529411764691e-01 3.507408822670992077e+00
1.098039215686274495e-01 4.081120600412210919e+00
1.137254901960784298e-01 3.704320525364556804e+00
1.176470588235294101e-01 5.134553395012177113e+00
1.215686274509803905e-01 6.199821864415953954e+00
1.254901960784313708e-01 5.039579574764631253e+00
1.294117647058823373e-01 6.486255996307795257e+00
1.333333333333333315e-01 7.335409099091558360e+00
1.372549019607843257e-01 5.599536387905636126e+00
1.411764705882352922e-01 5.092143802438348743e+00
1.450980392156862586e-01 5.794169171178318756e+00
1.490196078431372528e-01 5.513559081176381049e+00
1.529411764705882470e-01 5.739447747903161812e+00
1.568627450980392135e-01 7.140660262647293699e+00
1.607843137254901800e-01 7.816741852404612168e+00
1.647058823529411742e-01 7.237346798479067367e+00
1.686274509803921684e-01 6.703983296277598036e+00
1.725490196078431349e-01 5.179134801373386665e+00
1.764705882352941013e-01 7.405013494547023178e+00
1.803921568627450955e-01 5.193791238464055660e+00
1.843137254901960898e-01 5.701519273745894623e+00
1.882352941176470562e-01 6.884005218463730813e+00
1.921568627450980227e-01 7.505039193238604689e+00
1.960784313725490169e-01 4.456221073455835402e+00
2.000000000000000111e-01 6.223987425531312567e+00
2.039215686274509776e-01 6.054147566077901388e+00
2.078431372549019440e-01 7.266434632886245915e+00
2.117647058823529382e-01 8.881646627532663985e+00
2.156862745098039325e-01 4.947696770232616892e+00
2.196078431372548989e-01 8.569510475758381318e+00
2.235294117647058654e-01 6.626587958151782587e+00
2.274509803921568596e-01 5.328509683388837459e+00
2.313725490196078538e-01 8.399025417012374817e+00
2.352941176470588203e-01 5.938838670628139305e+00
2.392156862745097867e-01 6.155176257628017567e+00
2.431372549019607809e-01 7.103329475040840890e+00
2.470588235294117752e-01 7.362437123672940231e+00
2.509803921568627416e-01 8.290880166246090255e+00
2.549019607843137081e-01 6.258036346086530699e+00
2.588235294117646745e-01 6.576957173851193161e+00
2.627450980392156965e-01 5.195043990204398554e+00
2.666666666666666630e-01 7.118885422335732294e+00
2.705882352941176294e-01 6.411869708455028238e+00
2.745098039215686514e-01 5.508316513157817340e+00
2.784313725490196179e-01 7.741246062469311795e+00
2.823529411764705843e-01 5.674130393451714660e+00
2.862745098039215508e-01 5.937467869253453934e+00
2.901960784313725172e-01 6.842446207068259234e+00
2.941176470588235392e-01 7.286218707116900006e+00
2.980392156862745057e-01 7.252909032294404312e+00
3.019607843137254721e-01 8.981713847093924841e+00
3.058823529411764941e-01 8.441048911906385399e+00
3.098039215686274606e-01 8.659674006901164844e+00
3.137254901960784270e-01 5.918873976075824217e+00
3.176470588235293935e-01 4.008389207333783233e+00
3.215686274509803599e-01 6.087493118496526634e+00
3.254901960784313819e-01 4.887634335003387065e+00
3.294117647058823484e-01 7.923123043747203553e+00
3.333333333333333148e-01 7.933671956108300449e+00
3.372549019607843368e-01 8.607902489868479279e+00
3.411764705882353033e-01 7.944202264569651284e+00
3.450980392156862697e-01 6.181343446414855336e+00
3.490196078431372362e-01 7.136064851884288629e+00
3.529411764705882026e-01 6.441878467714219347e+00
3.568627450980392246e-01 7.186589261081173241e+00
3.607843137254901911e-01 7.075531224199186120e+00
3.647058823529411575e-01 8.220579040528816606e+00
3.686274509803921795e-01 8.128088394397018135e+00
3.725490196078431460e-01 8.338303355339977685e+00
3.764705882352941124e-01 6.694540211210902036e+00
3.803921568627450789e-01 5.690000752588080246e+00
3.843137254901960453e-01 6.833225085477620198e+00
3.882352941176470673e-01 4.612573549627152047e+00
3.921568627450980338e-01 6.252019034226934835e+00
3.960784313725490002e-01 7.538572036133620813e+00
4.000000000000000222e-01 6.444883047290326239e+00
4.039215686274509887e-01 7.267040554125591356e+00
4.078431372549019551e-01 4.896514625756819505e+00
4.117647058823529216e-01 6.157129198447679919e+00
4.156862745098038880e-01 5.784241601929340781e+00
4.196078431372549100e-01 5.533044765846260482e+00
4.235294117647058765e-01 8.836787784319902528e+00
4.274509803921568429e-01 6.844052388002964449e+00
4.313725490196078649e-01 7.522178712662464406e+00
4.352941176470588314e-01 7.480837748051173186e+00
4.392156862745097978e-01 5.741047333820747944e+00
4.431372549019607643e-01 6.706812995995965920e+00
4.470588235294117307e-01 6.878641386718002515e+00
4.509803921568627527e-01 5.855619705610708436e+00
4.549019607843137192e-01 7.392162273831727859e+00
4.588235294117646856e-01 6.359487367469172092e+00
4.627450980392157076e-01 8.514264030787234816e+00
4.666666666666666741e-01 7.373327446203345126e+00
4.705882352941176405e-01 5.738968949167323252e+00
4.745098039215686070e-01 2.059177870522451936e+00
4.784313725490195734e-01 8.163758272082329626e+00
4.823529411764705954e-01 6.729191618080299087e+00
4.862745098039215619e-01 8.529257409255414757e+00
4.901960784313725283e-01 6.445993915969983945e+00
4.941176470588235503e-01 9.456344044530920812e+00
4.980392156862745168e-01 7.264807753401491652e+00
5.019607843137254832e-01 6.704659954624579754e+00
5.058823529411764497e-01 3.876653755831323878e+00
5.098039215686274161e-01 4.350064904750066574e+00
5.137254901960783826e-01 3.942878633779430153e+00
5.176470588235293491e-01 4.617077066457696333e+00
5.215686274509804266e-01 4.913273409753859511e+00
5.254901960784313930e-01 4.629758219318762968e+00
5.294117647058823595e-01 6.096859998734449171e+00
5.333333333333333259e-01 6.019453271305120090e+00
5.372549019607842924e-01 7.424103598896246048e+00
5.411764705882352589e-01 4.112297357616268023e+00
5.450980392156862253e-01 2.475196572509942516e+00
5.490196078431373028e-01 3.815084679793488753e+00
5.529411764705882693e-01 3.018345161790916720e+00
5.568627450980392357e-01 5.508342255130141751e+00
5.607843137254902022e-01 5.620570248674412461e+00
5.647058823529411686e-01 3.552888903625034178e+00
5.686274509803921351e-01 5.260414325945036218e+00
5.725490196078431016e-01 4.554328478589357410e+00
5.764705882352940680e-01 5.664263008085923090e+00
5.803921568627450345e-01 4.309350731689107761e+00
5.843137254901961120e-01 5.776181492715183552e+00
5.882352941176470784e-01 4.969877557981434713e+00
5.921568627450980449e-01 4.873763662707321309e+00
5.960784313725490113e-01 6.077678114021259681e+00
5.999999999999999778e-01 5.720558055147722420e+00
6.039215686274509443e-01 5.148867398420852837e+00
6.078431372549019107e-01 3.557832613163410151e+00
6.117647058823529882e-01 3.053137578471998292e+00
6.156862745098039547e-01 3.706727000771340208e+00
6.196078431372549211e-01 4.497195561948404752e+00
6.235294117647058876e-01 6.174110633641472390e+00
6.274509803921568540e-01 6.318567023650301095e+00
6.313725490196078205e-01 6.445840472376588082e+00
6.352941176470587870e-01 6.131848310280465064e+00
6.392156862745097534e-01 4.988744787035555461e+00
6.431372549019607199e-01 4.403583738354298838e+00
6.470588235294117974e-01 4.781695906195342793e+00
6.509803921568627638e-01 4.166746941882623290e+00
6.549019607843137303e-01 4.399786630426264722e+00
6.588235294117646967e-01 5.759787386932229580e+00
6.627450980392156632e-01 4.858128472756611416e+00
6.666666666666666297e-01 6.245689785388732318e+00
6.705882352941175961e-01 4.592036312754301797e+00
6.745098039215686736e-01 2.294276587963378411e+00
6.784313725490196401e-01 2.545288164015123922e+00
6.823529411764706065e-01 2.694316532041685086e+00
6.862745098039215730e-01 1.482090496660166234e+00
6.901960784313725394e-01 4.269276985102740340e+00
6.941176470588235059e-01 1.992006287440662327e+00
6.980392156862744724e-01 4.188433827320531044e+00
7.019607843137254388e-01 4.030100207067757623e+00
7.058823529411764053e-01 1.283283070503727252e+00
7.098039215686274828e-01 9.996336041233258030e-01
7.137254901960784492e-01 4.007249515249426963e-01
7.176470588235294157e-01 1.882564969520404308e+00
7.215686274509803821e-01 3.969627594313585472e+00
7.254901960784313486e-01 4.962028324699817361e+00
7.294117647058823151e-01 4.752416546023447097e+00
7.333333333333332815e-01 2.815015998461618096e+00
7.372549019607843590e-01 4.740341416639558325e+00
7.411764705882353255e-01 3.735837322487694401e+00
7.450980392156862919e-01 3.713017664151186281e+00
7.490196078431372584e-01 3.750049006899058845e+00
7.529411764705882248e-01 4.673014200631456561e+00
7.568627450980391913e-01 3.883071367589839618e+00
7.607843137254901578e-01 1.377494017440226370e+00
7.647058823529411242e-01 3.553206628672719525e+00
7.686274509803920907e-01 2.343148934411778850e+00
7.725490196078431682e-01 3.394577643883836426e+00
7.764705882352941346e-01 2.346159182033757507e+00
7.803921568627451011e-01 7.596268290717214100e-01
7.843137254901960675e-01 5.351050322962949579e+00
7.882352941176470340e-01 3.742663236005168592e+00
7.921568627450980005e-01 4.271572181424660997e+00
7.960784313725489669e-01 1.674018150165075713e+00
8.000000000000000444e-01 2.214641118485233040e+00
8.039215686274510109e-01 1.937268008269754871e+00
8.078431372549019773e-01 2.183172247017690637e+00
8.117647058823529438e-01 2.570665267455543024e+00
8.156862745098039102e-01 4.324223946917110872e+00
8.196078431372548767e-01 1.891513535394832246e+00
8.235294117647058432e-01 3.032760024687244815e+00
8.274509803921568096e-01 4.460553515432009952e+00
8.313725490196077761e-01 2.867773187094802001e+00
8.352941176470588536e-01 3.346950757279041788e+00
8.392156862745098200e-01 2.018589480729179542e+00
8.431372549019607865e-01 2.843248954098847925e+00
8.470588235294117530e-01 5.081910692044086630e+00
8.509803921568627194e-01 5.167172042576652302e+00
8.549019607843136859e-01 2.797194948687309335e+00
8.588235294117646523e-01 8.806840287791151134e-01
8.627450980392157298e-01 1.186292291259500864e+00
8.666666666666666963e-01 6.278405942354670088e-01
8.705882352941176627e-01 9.628518994799957209e-01
8.745098039215686292e-01 2.253076392859159061e+00
8.784313725490195957e-01 2.090465175863071678e+00
8.823529411764705621e-01 2.214989604410650070e+00
8.862745098039215286e-01 1.871267820117173297e+00
8.901960784313724950e-01 6.607204398712731575e-01
8.941176470588234615e-01 2.060499818573444664e+00
8.980392156862745390e-01 1.617712092177261418e-01
9.019607843137255054e-01 1.384742679532355636e+00
9.058823529411764719e-01 4.030651396411871090e+00
9.098039215686274384e-01 1.725617491887443400e+00
9.137254901960784048e-01 6.514173330745633983e-01
9.176470588235293713e-01 4.833741625678600329e-01
9.215686274509803377e-01 2.074356994747277305e+00
9.254901960784314152e-01 1.082702045659324375e+00
9.294117647058823817e-01 2.314192671994460326e+00
9.333333333333333481e-01 2.062272776792228868e+00
9.372549019607843146e-01 1.824073295604454525e+00
9.411764705882352811e-01 1.954582276428164400e+00
9.450980392156862475e-01 9.546137936145009384e-01
9.490196078431372140e-01 2.718252868674048361e+00
9.529411764705881804e-01 2.698907194438946444e+00
9.568627450980391469e-01 2.116305431273220350e+00
9.607843137254902244e-01 6.548588074178862684e-01
9.647058823529411908e-01 1.351849780326226602e+00
9.686274509803921573e-01 2.264953624637937146e+00
9.725490196078431238e-01 2.700707530468475781e+00
9.764705882352940902e-01 4.258022208131166941e+00
9.803921568627450567e-01 2.271541009319582027e+00
9.843137254901960231e-01 3.863101462360924110e+00
9.882352941176471006e-01 4.750940676501435256e+00
9.921568627450980671e-01 5.741804539784074457e+00
9.960784313725490335e-01 2.585522621938944887e+00
1.000000000000000000e+00 1.445037366893065611e+00
