0.000000000000000000e+00 4.575945392105810861e+00
3.921568627450980338e-03 3.689140023615389730e+00
7.843137254901960675e-03 6.047165266224768132e+00
1.176470588235294101e-02 4.816849742979700366e+00
1.568627450980392135e-02 4.035664591273125268e+00
1.960784313725490169e-02 4.888041438639630698e+00
2.352941176470588203e-02 4.405496888628400498e+00
2.745098039215686236e-02 5.018932315018706625e+00
3.137254901960784270e-02 2.479022623240161316e+00
3.529411764705882304e-02 3.360438200399152642e+00
3.921568627450980338e-02 2.329261153024826392e+00
4.313725490196078372e-02 2.773743863317531311e+00
4.705882352941176405e-02 3.678662472334472522e+00
5.098039215686274439e-02 6.535000312289414026e+00
5.490196078431372473e-02 4.300573374710238816e+00
5.882352941176470507e-02 3.360311261830372764e+00
6.274509803921568540e-02 3.987441589896028038e+00
6.666666666666666574e-02 1.372119183026900835e+00
7.058823529411764608e-02 4.745674975181902511e+00
7.450980392156862642e-02 2.953965072472877651e+00
7.843137254901960675e-02 3.366677471371108066e+00
8.235294117647058709e-02 3.820876270749753889e+00
8.627450980392156743e-02 2.733450194142971412e+00
9.019607843137254777e-02 2.634064960564471480e+00
9.411764705882352811e-02 1.813987062082423662e+00
9.803921568627450844e-02 1.801890087371564642e+00
1.019607843137254888e-01 2.498314353671566401e+00
1.058823529411764691e-01 1.568448391587869750e+00
1.098039215686274495e-01 4.804144327452684493e+00
1.137254901960784298e-01 3.038187255512071694e+00
1.176470588235294101e-01 3.374826984604274660e+00
1.215686274509803905e-01 1.810541995227815004e+00
1.254901960784313708e-01 3.133457283630291634e+00
1.294117647058823373e-01 9.973781349010777397e-01
1.333333333333333315e-01 2.919938398894058817e+00
1.372549019607843257e-01 1.613093094178838616e+00
1.411764705882352922e-01 2.278587137904947379e+00
1.450980392156862586e-01 3.675086988080825012e+00
1.490196078431372528e-01 3.506827303274003160e+00
1.529411764705882470e-01 1.790591175384680378e+00
1.568627450980392135e-01 1.248516758659363290e+00
1.607843137254901800e-01 7.862003287511742933e-01
1.647058823529411742e-01 4.207213170435787575e+00
1.686274509803921684e-01 3.221990678842584277e+00
1.725490196078431349e-01 4.360312518538520088e+00
1.764705882352941013e-01 2.671586959065392008e+00
1.803921568627450955e-01 3.577323940745475550e+00
1.843137254901960898e-01 2.979741685495452597e+00
1.882352941176470562e-01 1.794018602242962057e+00
1.921568627450980227e-01 2.996183375283457906e+00
1.960784313725490169e-01 2.698569774026340351e+00
2.000000000000000111e-01 4.572645505466922167e+00
2.039215686274509776e-01 5.189919459038335070e+00
2.078431372549019440e-01 3.849484649981123496e+00
2.117647058823529382e-01 4.868655544410295910e+00
2.156862745098039325e-01 5.034240379396497822e+00
2.196078431372548989e-01 3.670783403727170935e+00
2.235294117647058654e-01 4.397528930692987892e+00
2.274509803921568596e-01 4.620592834362257761e+00
2.313725490196078538e-01 6.594190944560081036e+00
2.352941176470588203e-01 7.526484571119116396e+00
2.392156862745097867e-01 7.203622252105773782e+00
2.431372549019607809e-01 4.112387307246347490e+00
2.470588235294117752e-01 4.641444482646212677e+00
2.509803921568627416e-01 4.502325613082637901e+00
2.549019607843137081e-01 3.394255117114630238e+00
2.588235294117646745e-01 5.263860750283446244e+00
2.627450980392156965e-01 8.447316862606374599e+00
2.666666666666666630e-01 6.786324094071331636e+00
2.705882352941176294e-01 5.686907108624682294e+00
2.745098039215686514e-01 6.155945309707824720e+00
2.784313725490196179e-01 5.438634924884140354e+00
2.823529411764705843e-01 4.477845375422393026e+00
2.862745098039215508e-01 6.085055148752153364e+00
2.901960784313725172e-01 5.926104405907286932e+00
2.941176470588235392e-01 5.617435776339966935e+00
2.980392156862745057e-01 7.060640284079707563e+00
3.019607843137254721e-01 7.219172951713334285e+00
3.058823529411764941e-01 4.867836382023504882e+00
3.098039215686274606e-01 6.204589277242209988e+00
3.137254901960784270e-01 5.194167227930278408e+00
3.176470588235293935e-01 7.095911761008318663e+00
3.215686274509803599e-01 6.270099024460832560e+00
3.254901960784313819e-01 5.527565455597700961e+00
3.294117647058823484e-01 7.006160851631449304e+00
3.333333333333333148e-01 9.091047538510196091e+00
3.372549019607843368e-01 9.079805222679363297e+00
3.411764705882353033e-01 7.720800502815469812e+00
3.450980392156862697e-01 7.196588393840716691e+00
3.490196078431372362e-01 7.627350469094457353e+00
3.529411764705882026e-01 7.628075335393128320e+00
3.568627450980392246e-01 5.986672838358680693e+00
3.607843137254901911e-01 8.424592229142078281e+00
3.647058823529411575e-01 8.419949535889131198e+00
3.686274509803921795e-01 1.081574976768096263e+01
3.725490196078431460e-01 7.294668830061876719e+00
3.764705882352941124e-01 8.300807284368818983e+00
3.803921568627450789e-01 7.637894134988465922e+00
3.843137254901960453e-01 7.926828978666994985e+00
3.882352941176470673e-01 7.462953138877474579e+00
3.921568627450980338e-01 6.498022952790906359e+00
3.960784313725490002e-01 7.723440484669331418e+00
4.000000000000000222e-01 7.695393918993715943e+00
4.039215686274509887e-01 8.055883242743234973e+00
4.078431372549019551e-01 8.458393474414314994e+00
4.117647058823529216e-01 6.597951957752629326e+00
4.156862745098038880e-01 7.716039133507661241e+00
4.196078431372549100e-01 8.983066284189758832e+00
4.235294117647058765e-01 7.605237570375536826e+00
4.274509803921568429e-01 7.716329279668302732e+00
4.313725490196078649e-01 8.730792764336333889e+00
4.352941176470588314e-01 7.399227419778010351e+00
4.392156862745097978e-01 7.875877121776698075e+00
4.431372549019607643e-01 6.406682661605972662e+00
4.470588235294117307e-01 7.312215496182436603e+00
4.509803921568627527e-01 9.236234700964542910e+00
4.549019607843137192e-01 8.521324707145831567e+00
4.588235294117646856e-01 6.830851404758968570e+00
4.627450980392157076e-01 7.294739765150208832e+00
4.666666666666666741e-01 8.013181167893998591e+00
4.705882352941176405e-01 8.502994678788548200e+00
4.745098039215686070e-01 8.686251467329448417e+00
4.784313725490195734e-01 8.986605976071366797e+00
4.823529411764705954e-01 9.852239837496453490e+00
4.862745098039215619e-01 8.481703755736919703e+00
4.901960784313725283e-01 8.704503924555922367e+00
4.941176470588235503e-01 5.134205115594783209e+00
4.980392156862745168e-01 1.051173789222130139e+01
5.019607843137254832e-01 7.739450460163681988e+00
5.058823529411764497e-01 9.716905340173330075e+00
5.098039215686274161e-01 6.592660456944959613e+00
5.137254901960783826e-01 7.424303951302680282e+00
5.176470588235293491e-01 7.786475872239567053e+00
5.215686274509804266e-01 6.945337953943748310e+00
5.254901960784313930e-01 7.560918776850182432e+00
5.294117647058823595e-01 9.998652155389020635e+00
5.333333333333333259e-01 7.760543102404345639e+00
5.372549019607842924e-01 9.562784645489474045e+00
5.411764705882352589e-01 1.010132422023944976e+01
5.450980392156862253e-01 9.197088163780067660e+00
5.490196078431373028e-01 7.892176582089565073e+00
5.529411764705882693e-01 8.515180926070616607e+00
5.568627450980392357e-01 8.107520040010919971e+00
5.607843137254902022e-01 8.668728162957869188e+00
5.647058823529411686e-01 6.565090943589549255e+00
5.686274509803921351e-01 7.777926092126809188e+00
5.725490196078431016e-01 8.615840812282179684e+00
5.764705882352940680e-01 1.120668078139587465e+01
5.803921568627450345e-01 8.054608888003844669e+00
5.843137254901961120e-01 7.229738832378707514e+00
5.882352941176470784e-01 6.545497004748263237e+00
5.921568627450980449e-01 6.237110102254249000e+00
5.960784313725490113e-01 7.834002400546003386e+00
5.999999999999999778e-01 7.324072648717337763e+00
6.039215686274509443e-01 1.023262003250846242e+01
6.078431372549019107e-01 9.576225148901702511e+00
6.117647058823529882e-01 8.531107988350450810e+00
6.156862745098039547e-01 9.183823938827424982e+00
6.196078431372549211e-01 6.669730612585590634e+00
6.235294117647058876e-01 6.272820411525559692e+00
6.274509803921568540e-01 7.569152980805421649e+00
6.313725490196078205e-01 1.034849932944605122e+01
6.352941176470587870e-01 9.947694722467874229e+00
6.392156862745097534e-01 8.943389851658874790e+00
6.431372549019607199e-01 9.548672579006895589e+00
6.470588235294117974e-01 1.046567610641010049e+01
6.509803921568627638e-01 9.275954858647411427e+00
6.549019607843137303e-01 5.538804151476933058e+00
6.588235294117646967e-01 9.143489371216322326e+00
6.627450980392156632e-01 8.776292674337090816e+00
6.666666666666666297e-01 6.937669741442935134e+00
6.705882352941175961e-01 7.412480041174685397e+00
6.745098039215686736e-01 9.132366284711196158e+00
6.784313725490196401e-01 7.901238580963596547e+00
6.823529411764706065e-01 5.977955266977051707e+00
6.862745098039215730e-01 8.697866867532606960e+00
6.901960784313725394e-01 7.687746650750977295e+00
6.941176470588235059e-01 8.722811938310961466e+00
6.980392156862744724e-01 7.940587077390428128e+00
7.019607843137254388e-01 7.154433134444765585e+00
7.058823529411764053e-01 7.497353966003802661e+00
7.098039215686274828e-01 9.583930444767537082e+00
7.137254901960784492e-01 7.614721994742586375e+00
7.176470588235294157e-01 1.003634361736543035e+01
7.215686274509803821e-01 7.487470815277299963e+00
7.254901960784313486e-01 8.336174453810651030e+00
7.294117647058823151e-01 6.330981542397069006e+00
7.333333333333332815e-01 8.621295741377394961e+00
7.372549019607843590e-01 9.347264313185110751e+00
7.411764705882353255e-01 9.642549292386108917e+00
7.450980392156862919e-01 1.025863949188992308e+01
7.490196078431372584e-01 7.708385168280646127e+00
7.529411764705882248e-01 1.052912754588492206e+01
7.568627450980391913e-01 9.951213141044680910e+00
7.607843137254901578e-01 8.379187440318787594e+00
7.647058823529411242e-01 7.843754768078744277e+00
7.686274509803920907e-01 6.908530799494128516e+00
7.725490196078431682e-01 1.170161967917847612e+01
7.764705882352941346e-01 9.773933893753733670e+00
7.803921568627451011e-01 9.042436575503618457e+00
7.843137254901960675e-01 8.622745629877082152e+00
7.882352941176470340e-01 8.933281008884717878e+00
7.921568627450980005e-01 8.299021771600209263e+00
7.960784313725489669e-01 9.671564617911567296e+00
8.000000000000000444e-01 8.931622089120875074e+00
8.039215686274510109e-01 9.111961088420295951e+00
8.078431372549019773e-01 8.095363021664038428e+00
8.117647058823529438e-01 6.814929527496994766e+00
8.156862745098039102e-01 9.107987053176451298e+00
8.196078431372548767e-01 8.663801447082830620e+00
8.235294117647058432e-01 7.754328762105723527e+00
8.274509803921568096e-01 7.155195317720821180e+00
8.313725490196077761e-01 8.491859732521650272e+00
8.352941176470588536e-01 8.156379839294597645e+00
8.392156862745098200e-01 1.077665701589269887e+01
8.431372549019607865e-01 1.022523871100333537e+01
8.470588235294117530e-01 1.012086923162867436e+01
8.509803921568627194e-01 9.770721706069755541e+00
8.549019607843136859e-01 8.128406692257897248e+00
8.588235294117646523e-01 8.382621210042012549e+00
8.627450980392157298e-01 9.237939344404630049e+00
8.666666666666666963e-01 9.924200410019262009e+00
8.705882352941176627e-01 1.017932565575576476e+01
8.745098039215686292e-01 9.843766835880407129e+00
8.784313725490195957e-01 1.184351574958192010e+01
8.823529411764705621e-01 1.007777515931409695e+01
8.862745098039215286e-01 1.039298667731253012e+01
8.901960784313724950e-01 9.056345613903967973e+00
8.941176470588234615e-01 8.603557655807257731e+00
8.980392156862745390e-01 7.151949948156461012e+00
9.019607843137255054e-01 8.371990296594944425e+00
9.058823529411764719e-01 7.875348985865434415e+00
9.098039215686274384e-01 9.564778383034109766e+00
9.137254901960784048e-01 8.866966174400257472e+00
9.176470588235293713e-01 9.301464577411309165e+00
9.215686274509803377e-01 1.014091450511207171e+01
9.254901960784314152e-01 9.233736183163486544e+00
9.294117647058823817e-01 1.024835056774633735e+01
9.333333333333333481e-01 7.115812816337756530e+00
9.372549019607843146e-01 1.002616309282383611e+01
9.411764705882352811e-01 1.054629887979123026e+01
9.450980392156862475e-01 1.137407983316107440e+01
9.490196078431372140e-01 1.017493472594194515e+01
9.529411764705881804e-01 1.073948419255433073e+01
9.568627450980391469e-01 9.257187191132992155e+00
9.607843137254902244e-01 9.561010528867422309e+00
9.647058823529411908e-01 8.277986151314067342e+00
9.686274509803921573e-01 8.224789605970006079e+00
9.725490196078431238e-01 7.834223045872689362e+00
9.764705882352940902e-01 1.092063073447374855e+01
9.803921568627450567e-01 1.093086651292250089e+01
9.843137254901960231e-01 1.038860480576279777e+01
9.882352941176471006e-01 1.010120161158617691e+01
9.921568627450980671e-01 1.022152457350764188e+01
9.960784313725490335e-01 8.077589325628794725e+00
1.000000000000000000e+00 1.127399986408130950e+01
