0.000000000000000000e+00 2.410164418779670914e+00
3.921568627450980338e-03 2.678930434644928749e+00
7.843137254901960675e-03 2.099186109466899985e+00
1.176470588235294101e-02 1.725024537795691870e+00
1.568627450980392135e-02 2.831467114006834151e+00
1.960784313725490169e-02 6.635287915630980748e-01
2.352941176470588203e-02 1.617510718658502711e+00
2.745098039215686236e-02 2.717957460054108765e+00
3.137254901960784270e-02 1.059964166254264040e+00
3.529411764705882304e-02 2.295225076445345014e+00
3.921568627450980338e-02 1.624589623108272374e+00
4.313725490196078372e-02 3.864110870739726700e+00
4.705882352941176405e-02 2.777883503607400328e+00
5.098039215686274439e-02 2.597570300995306170e+00
5.490196078431372473e-02 2.267684649999488933e+00
5.882352941176470507e-02 1.579355554592018152e+00
6.274509803921568540e-02 3.678771481953818423e+00
6.666666666666666574e-02 3.315675781009337797e+00
7.058823529411764608e-02 4.618269818218831979e+00
7.450980392156862642e-02 2.972634623761056361e+00
7.843137254901960675e-02 5.257339334538626119e+00
8.235294117647058709e-02 3.219870269375977756e+00
8.627450980392156743e-02 4.998306465615580230e+00
9.019607843137254777e-02 3.314219446241790212e+00
9.411764705882352811e-02 3.097723234763797073e+00
9.803921568627450844e-02 1.155695296505461656e+00
1.019607843137254888e-01 4.517022244867253122e-01
1.058823529411764691e-01 3.795577752316503517e-02
1.098039215686274495e-01 -3.536394319540858699e-01
1.137254901960784298e-01 6.400499073140534234e-01
1.176470588235294101e-01 2.651839997900828472e+00
1.215686274509803905e-01 5.802624766135164869e-01
1.254901960784313708e-01 5.395347993724090019e-01
1.294117647058823373e-01 1.080039077309846496e+00
1.333333333333333315e-01 2.432346702007700756e+00
1.372549019607843257e-01 1.469605276356332757e+00
1.411764705882352922e-01 1.553316017483448830e+00
1.450980392156862586e-01 1.844687776979842431e+00
1.490196078431372528e-01 2.052390428583197757e+00
1.529411764705882470e-01 2.506297260000013516e+00
1.568627450980392135e-01 4.242815548107246926e+00
1.607843137254901800e-01 3.027404686093293940e+00
1.647058823529411742e-01 6.796555128648052779e+00
1.686274509803921684e-01 4.778793991403762931e+00
1.725490196078431349e-01 5.782791406864327577e+00
1.764705882352941013e-01 2.071459187883617936e+00
1.803921568627450955e-01 1.945976623409846118e+00
1.843137254901960898e-01 1.802477888888542434e+00
1.882352941176470562e-01 1.389206793343756186e+00
1.921568627450980227e-01 -1.671397383262302583e+00
1.960784313725490169e-01 -1.935872558949197408e+00
2.000000000000000111e-01 -2.457248884712135428e-01
2.039215686274509776e-01 -2.577658748184585846e-02
2.078431372549019440e-01 1.580816576856268973e+00
2.117647058823529382e-01 1.192074340755998829e+00
2.156862745098039325e-01 7.252773892058028693e-02
2.196078431372548989e-01 2.974740179973455412e+00
2.235294117647058654e-01 1.510072422911462819e+00
2.274509803921568596e-01 2.790796829366041454e+00
2.313725490196078538e-01 4.470491681159741937e+00
2.352941176470588203e-01 3.067175793013984464e+00
2.392156862745097867e-01 3.513552526542575105e+00
2.431372549019607809e-01 3.762715976098283122e+00
2.470588235294117752e-01 3.376640992450859358e+00
2.509803921568627416e-01 4.474625654783501716e+00
2.549019607843137081e-01 2.102688429754072441e+00
2.588235294117646745e-01 9.935280471170648831e-01
2.627450980392156965e-01 2.629748667685238406e+00
2.666666666666666630e-01 -1.432752688870309044e-02
2.705882352941176294e-01 2.266444651105349539e+00
2.745098039215686514e-01 -1.242444962132328357e+00
2.784313725490196179e-01 -5.475087169498009665e-01
2.823529411764705843e-01 1.344549695256271882e-01
2.862745098039215508e-01 -1.782835521570339754e+00
2.901960784313725172e-01 -2.566118376094547404e+00
2.941176470588235392e-01 -6.891489991690402661e-01
2.980392156862745057e-01 -1.735472850150814317e-01
3.019607843137254721e-01 -2.694518776773606739e-01
3.058823529411764941e-01 -1.671337598454190054e+00
3.098039215686274606e-01 1.244646236032584952e+00
3.137254901960784270e-01 -7.792582915550823053e-01
3.176470588235293935e-01 -4.631719047973317238e-01
3.215686274509803599e-01 8.998308786694826367e-01
3.254901960784313819e-01 -6.668168037302022455e-01
3.294117647058823484e-01 2.137136338772214650e+00
3.333333333333333148e-01 3.158184238584828218e+00
3.372549019607843368e-01 2.410440063021432433e+00
3.411764705882353033e-01 1.714939257969773756e+00
3.450980392156862697e-01 3.005685678764822288e+00
3.490196078431372362e-01 3.421335554041704974e+00
3.529411764705882026e-01 1.233598098777834329e+00
3.568627450980392246e-01 1.475392077537744040e+00
3.607843137254901911e-01 5.010052081202736041e-01
3.647058823529411575e-01 2.058475215398980485e+00
3.686274509803921795e-01 2.597308545909799093e+00
3.725490196078431460e-01 3.647075114245401650e-01
3.764705882352941124e-01 6.089465584062621062e-01
3.803921568627450789e-01 -1.978846735916750532e-02
3.843137254901960453e-01 -6.557430229277732003e-01
3.882352941176470673e-01 1.485610231065432219e+00
3.921568627450980338e-01 -4.400440741030298142e-01
3.960784313725490002e-01 -7.157703044586418706e-01
4.000000000000000222e-01 -5.098979370295904090e-01
4.039215686274509887e-01 -3.524687439690077362e-01
4.078431372549019551e-01 2.332424754004633893e+00
4.117647058823529216e-01 -8.774636105363198268e-01
4.156862745098038880e-01 2.119482818615232134e+00
4.196078431372549100e-01 2.539368251367265739e+00
4.235294117647058765e-01 1.707404726120900440e+00
4.274509803921568429e-01 3.442564442626289356e+00
4.313725490196078649e-01 4.429455771564655642e+00
4.352941176470588314e-01 1.937806082055143708e+00
4.392156862745097978e-01 3.319623040972223382e+00
4.431372549019607643e-01 1.740203341082370514e+00
4.470588235294117307e-01 9.695370341180025164e-01
4.509803921568627527e-01 1.822104395734929216e+00
4.549019607843137192e-01 1.971999411596898177e+00
4.588235294117646856e-01 1.140718638259042628e+00
4.627450980392157076e-01 3.288396065902898791e-01
4.666666666666666741e-01 5.058431547889039592e-01
4.705882352941176405e-01 5.812103530818362174e-01
4.745098039215686070e-01 1.160789521052110640e+00
4.784313725490195734e-01 1.881303552327511674e+00
4.823529411764705954e-01 2.576150219518087425e+00
4.862745098039215619e-01 1.025020934275789664e+00
4.901960784313725283e-01 2.371501917817288696e+00
4.941176470588235503e-01 2.432590321098576869e+00
4.980392156862745168e-01 2.687607657182732535e+00
5.019607843137254832e-01 7.400431958352369222e-01
5.058823529411764497e-01 1.269152790043464929e+00
5.098039215686274161e-01 3.205575692661013942e+00
5.137254901960783826e-01 2.665539667746272379e+00
5.176470588235293491e-01 2.925063481508100693e+00
5.215686274509804266e-01 2.949085676051523386e+00
5.254901960784313930e-01 3.001368399194095815e+00
5.294117647058823595e-01 3.283096171614825476e+00
5.333333333333333259e-01 4.132043372074282850e+00
5.372549019607842924e-01 2.770957770498766237e+00
5.411764705882352589e-01 2.279618253067726918e+00
5.450980392156862253e-01 2.305890271637999867e+00
5.490196078431373028e-01 4.293001903882537995e+00
5.529411764705882693e-01 3.504827532084768382e+00
5.568627450980392357e-01 2.838572509793432008e+00
5.607843137254902022e-01 1.728984420426743718e+00
5.647058823529411686e-01 3.039420054736988064e+00
5.686274509803921351e-01 4.042715092346552019e+00
5.725490196078431016e-01 2.420060763182816821e+00
5.764705882352940680e-01 1.302352220641332714e+00
5.803921568627450345e-01 3.255992078696062997e+00
5.843137254901961120e-01 2.306038005028093085e+00
5.882352941176470784e-01 4.352003616778693740e+00
5.921568627450980449e-01 3.610092203529217780e+00
5.960784313725490113e-01 2.006803864207702404e+00
5.999999999999999778e-01 2.554808036128896731e+00
6.039215686274509443e-01 2.336300297745703247e+00
6.078431372549019107e-01 4.696346539420396482e+00
6.117647058823529882e-01 5.991240615345352793e+00
6.156862745098039547e-01 2.450283638969722677e+00
6.196078431372549211e-01 4.877899124125741004e+00
6.235294117647058876e-01 4.944256627234681289e+00
6.274509803921568540e-01 4.769055141649980456e+00
6.313725490196078205e-01 3.307815824839666519e+00
6.352941176470587870e-01 3.985220363765061169e+00
6.392156862745097534e-01 3.028583772280501574e+00
6.431372549019607199e-01 5.081119958751188825e+00
6.470588235294117974e-01 3.078756876060305459e+00
6.509803921568627638e-01 3.258529420619596273e+00
6.549019607843137303e-01 5.576500058675954108e+00
6.588235294117646967e-01 4.963560494184184435e+00
6.627450980392156632e-01 4.294724856411177072e+00
6.666666666666666297e-01 3.822802733540834108e+00
6.705882352941175961e-01 4.823823317062804428e+00
6.745098039215686736e-01 2.904768231409844415e+00
6.784313725490196401e-01 3.906983958872249474e+00
6.823529411764706065e-01 5.498887682897797724e+00
6.862745098039215730e-01 5.407167669219656858e+00
6.901960784313725394e-01 5.475436728997626012e+00
6.941176470588235059e-01 5.502276976797658037e+00
6.980392156862744724e-01 7.005755876928597914e+00
7.019607843137254388e-01 7.410184215928111939e+00
7.058823529411764053e-01 5.423729408411927189e+00
7.098039215686274828e-01 6.276778089458836085e+00
7.137254901960784492e-01 6.628330502678835501e+00
7.176470588235294157e-01 5.037805956705090793e+00
7.215686274509803821e-01 4.421516583503810160e+00
7.254901960784313486e-01 3.447035829334947010e+00
7.294117647058823151e-01 3.796469533084894543e+00
7.333333333333332815e-01 3.294791376679815365e+00
7.372549019607843590e-01 2.343800532401984604e+00
7.411764705882353255e-01 1.410393061667914782e+00
7.450980392156862919e-01 4.235384473238608116e+00
7.490196078431372584e-01 3.541950743840760474e+00
7.529411764705882248e-01 1.501771628502732492e+00
7.568627450980391913e-01 4.525445853277901165e+00
7.607843137254901578e-01 5.580790729899748115e+00
7.647058823529411242e-01 6.140909854845310711e+00
7.686274509803920907e-01 6.711628743622322091e+00
7.725490196078431682e-01 4.473213804508798574e+00
7.764705882352941346e-01 7.501830675526480974e+00
7.803921568627451011e-01 5.887545989930497825e+00
7.843137254901960675e-01 5.837485574143327582e+00
7.882352941176470340e-01 6.205875221037095102e+00
7.921568627450980005e-01 6.242778374306970690e+00
7.960784313725489669e-01 7.191732610797199499e+00
8.000000000000000444e-01 4.787848918496420580e+00
8.039215686274510109e-01 3.820682180866201261e+00
8.078431372549019773e-01 3.868855451327255501e+00
8.117647058823529438e-01 2.907106598953837384e+00
8.156862745098039102e-01 2.009153441413765950e+00
8.196078431372548767e-01 3.659494872652264696e+00
8.235294117647058432e-01 3.675853445544344122e+00
8.274509803921568096e-01 3.625996542966207770e+00
8.313725490196077761e-01 2.820522832757447862e+00
8.352941176470588536e-01 3.677931897156491381e+00
8.392156862745098200e-01 4.255339135737878031e+00
8.431372549019607865e-01 5.631052406085003348e+00
8.470588235294117530e-01 4.082553389681738309e+00
8.509803921568627194e-01 3.185349365088174789e+00
8.549019607843136859e-01 5.741186190030674652e+00
8.588235294117646523e-01 5.324818413603187750e+00
8.627450980392157298e-01 5.479505566017497387e+00
8.666666666666666963e-01 4.482031241230533425e+00
8.705882352941176627e-01 5.714009742563835204e+00
8.745098039215686292e-01 5.139705360326973782e+00
8.784313725490195957e-01 5.395290934698753205e+00
8.823529411764705621e-01 4.160560907974837797e+00
8.862745098039215286e-01 5.614793982931562510e+00
8.901960784313724950e-01 3.386995368119231742e+00
8.941176470588234615e-01 3.546127905818755810e+00
8.980392156862745390e-01 5.508707506576660862e+00
9.019607843137255054e-01 2.393183321361445515e+00
9.058823529411764719e-01 4.742262809089337949e+00
9.098039215686274384e-01 4.637981991547814431e+00
9.137254901960784048e-01 3.900077803475088256e+00
9.176470588235293713e-01 3.267977319927195978e+00
9.215686274509803377e-01 1.200319669618880702e+00
9.254901960784314152e-01 4.026090154553470413e+00
9.294117647058823817e-01 3.747576801048403183e+00
9.333333333333333481e-01 5.784168275145234794e+00
9.372549019607843146e-01 5.053321683287265387e+00
9.411764705882352811e-01 5.114875645725623698e+00
9.450980392156862475e-01 4.095322568703791966e+00
9.490196078431372140e-01 4.537637874706181407e+00
9.529411764705881804e-01 6.674591068134581917e+00
9.568627450980391469e-01 3.258905611422423299e+00
9.607843137254902244e-01 4.021502949437156360e+00
9.647058823529411908e-01 2.797499928566015370e+00
9.686274509803921573e-01 3.519678866873825918e+00
9.725490196078431238e-01 2.483787484832638004e+00
9.764705882352940902e-01 3.224242218528215798e+00
9.803921568627450567e-01 3.286472853633902069e+00
9.843137254901960231e-01 1.525448302913447129e+00
9.882352941176471006e-01 1.464265696010853546e+00
9.921568627450980671e-01 1.338127388835188558e+00
9.960784313725490335e-01 1.672411241508299229e+00
1.000000000000000000e+00 1.646205325228912830e+00
