0.000000000000000000e+00 3.297730270295764043e+00
3.921568627450980338e-03 1.368267292942198621e+00
7.843137254901960675e-03 2.623855737024192614e+00
1.176470588235294101e-02 1.537296334434521405e+00
1.568627450980392135e-02 2.386037530023338959e+00
1.960784313725490169e-02 1.593785231593525253e+00
2.352941176470588203e-02 1.046645645082975307e+00
2.745098039215686236e-02 -1.343578031210324042e-03
3.137254901960784270e-02 1.978291655529643922e+00
3.529411764705882304e-02 2.209198446383353165e+00
3.921568627450980338e-02 1.829158141536328497e+00
4.313725490196078372e-02 -1.169361593172801861e-02
4.705882352941176405e-02 5.931858489361456765e-01
5.098039215686274439e-02 2.207823501869765170e+00
5.490196078431372473e-02 1.291137058115960912e+00
5.882352941176470507e-02 3.753726108541962425e+00
6.274509803921568540e-02 2.230929497873517242e+00
6.666666666666666574e-02 3.460067077179798556e+00
7.058823529411764608e-02 2.530915072730666182e+00
7.450980392156862642e-02 1.209471323064657433e+00
7.843137254901960675e-02 3.439640019104386770e+00
8.235294117647058709e-02 1.190256333962673940e+00
8.627450980392156743e-02 2.504718700013089716e+00
9.019607843137254777e-02 7.203098967782479711e-01
9.411764705882352811e-02 2.593500600397731670e+00
9.803921568627450844e-02 1.715086746463698519e+00
1.019607843137254888e-01 1.591630870123624364e+00
1.058823529411764691e-01 2.031324605057742705e+00
1.098039215686274495e-01 1.282500880626460171e+00
1.137254901960784298e-01 2.248342521391385240e+00
1.176470588235294101e-01 -1.340782772389446098e-01
1.215686274509803905e-01 2.508467254065186225e+00
1.254901960784313708e-01 1.751915735882411784e+00
1.294117647058823373e-01 1.001694384982690700e+00
1.333333333333333315e-01 3.156507809874408821e+00
1.372549019607843257e-01 2.228026688825998303e+00
1.411764705882352922e-01 3.436195590458666960e+00
1.450980392156862586e-01 3.181447447941670781e+00
1.490196078431372528e-01 2.646396781028862222e+00
1.529411764705882470e-01 2.777078594519509558e+00
1.568627450980392135e-01 4.052321525586410011e+00
1.607843137254901800e-01 4.717204749694847266e+00
1.647058823529411742e-01 2.002840816091968623e+00
1.686274509803921684e-01 2.896025014156509592e+00
1.725490196078431349e-01 1.687027679786426759e+00
1.764705882352941013e-01 2.429705676577275320e+00
1.803921568627450955e-01 2.554435035832036682e+00
1.843137254901960898e-01 1.322376362440692343e+00
1.882352941176470562e-01 2.404680365810776266e+00
1.921568627450980227e-01 2.736911293492730213e+00
1.960784313725490169e-01 4.695428606635598356e+00
2.000000000000000111e-01 3.835844343697621728e+00
2.039215686274509776e-01 3.382150381402952100e+00
2.078431372549019440e-01 3.490482761158443026e+00
2.117647058823529382e-01 2.394672325746840968e+00
2.156862745098039325e-01 3.266615157370037714e+00
2.196078431372548989e-01 2.794199745170934168e+00
2.235294117647058654e-01 1.173634149741932919e+00
2.274509803921568596e-01 1.853911283763201912e+00
2.313725490196078538e-01 1.571131948815423840e+00
2.352941176470588203e-01 3.368317760028040286e+00
2.392156862745097867e-01 2.249771142558437464e+00
2.431372549019607809e-01 2.240876525945162179e+00
2.470588235294117752e-01 3.607598155531487549e+00
2.509803921568627416e-01 3.412127133588317207e+00
2.549019607843137081e-01 5.020459328448430014e-01
2.588235294117646745e-01 2.518978684008324809e+00
2.627450980392156965e-01 1.126450673764286758e+00
2.666666666666666630e-01 3.636693954993018618e+00
2.705882352941176294e-01 2.862959886445425095e+00
2.745098039215686514e-01 1.920282626819139082e+00
2.784313725490196179e-01 2.313065721175335376e+00
2.823529411764705843e-01 2.195447715608760397e+00
2.862745098039215508e-01 1.830094051308086334e+00
2.901960784313725172e-01 3.325120887697843308e+00
2.941176470588235392e-01 5.416759882929969905e+00
2.980392156862745057e-01 1.336200128412586619e+00
3.019607843137254721e-01 4.587853155194627774e+00
3.058823529411764941e-01 4.718866875383506354e+00
3.098039215686274606e-01 3.682599370826185936e+00
3.137254901960784270e-01 3.972082537659459511e+00
3.176470588235293935e-01 2.330948726045763308e+00
3.215686274509803599e-01 3.534779439792054667e+00
3.254901960784313819e-01 4.862364915247272990e+00
3.294117647058823484e-01 2.957383596384028479e+00
3.333333333333333148e-01 9.052064211332531141e-01
3.372549019607843368e-01 1.885913947164334026e+00
3.411764705882353033e-01 1.867936450983634034e+00
3.450980392156862697e-01 5.370301382690918501e-01
3.490196078431372362e-01 9.031875078166844428e-01
3.529411764705882026e-01 1.424140277295848023e+00
3.568627450980392246e-01 2.219963131592799677e+00
3.607843137254901911e-01 1.335338823696220034e+00
3.647058823529411575e-01 1.730852470459038672e+00
3.686274509803921795e-01 6.402089777121533487e-01
3.725490196078431460e-01 2.307400965451237518e+00
3.764705882352941124e-01 2.270151115198822733e+00
3.803921568627450789e-01 2.866345991428370876e+00
3.843137254901960453e-01 2.947884876804195642e+00
3.882352941176470673e-01 1.717593611321935221e+00
3.921568627450980338e-01 1.757363250229299512e+00
3.960784313725490002e-01 1.498600257040011430e+00
4.000000000000000222e-01 1.669353848452435063e+00
4.039215686274509887e-01 2.649602558144064091e+00
4.078431372549019551e-01 1.773973470736957658e+00
4.117647058823529216e-01 1.180486710756692759e+00
4.156862745098038880e-01 1.595972514871426773e+00
4.196078431372549100e-01 2.069798643531297166e+00
4.235294117647058765e-01 2.880334581953028383e+00
4.274509803921568429e-01 1.634778618285153362e+00
4.313725490196078649e-01 2.073550777196892625e+00
4.352941176470588314e-01 2.866397421255499456e+00
4.392156862745097978e-01 1.431857290884449130e+00
4.431372549019607643e-01 2.277740697349511123e+00
4.470588235294117307e-01 2.339382687499473867e+00
4.509803921568627527e-01 3.698762239655066342e+00
4.549019607843137192e-01 2.238732600270324724e+00
4.588235294117646856e-01 3.740007640800450339e+00
4.627450980392157076e-01 2.116234450281020418e+00
4.666666666666666741e-01 1.448577761956439502e+00
4.705882352941176405e-01 3.976629794331371315e+00
4.745098039215686070e-01 2.268567824158411295e+00
4.784313725490195734e-01 2.830429484233336179e+00
4.823529411764705954e-01 3.527076213522911896e+00
4.862745098039215619e-01 2.364703710700719608e+00
4.901960784313725283e-01 1.395893142607195436e+00
4.941176470588235503e-01 2.345451268764042752e+00
4.980392156862745168e-01 3.107764978653477339e+00
5.019607843137254832e-01 1.744113801828663934e+00
5.058823529411764497e-01 2.016934700059636043e+00
5.098039215686274161e-01 3.564654356501011367e+00
5.137254901960783826e-01 3.953101779555946660e+00
5.176470588235293491e-01 2.747050888874219776e+00
5.215686274509804266e-01 1.661958972592558759e+00
5.254901960784313930e-01 3.476119315490262984e+00
5.294117647058823595e-01 3.295275109203496644e+00
5.333333333333333259e-01 6.283820378259060035e+00
5.372549019607842924e-01 4.646297265903533535e+00
5.411764705882352589e-01 3.926146800498287348e+00
5.450980392156862253e-01 4.386179624907599717e+00
5.490196078431373028e-01 4.056869578514623598e+00
5.529411764705882693e-01 5.409114266468820986e+00
5.568627450980392357e-01 2.781221480402215285e+00
5.607843137254902022e-01 4.228041344122906331e+00
5.647058823529411686e-01 1.164739854319908119e+00
5.686274509803921351e-01 2.335537089205412364e+00
5.725490196078431016e-01 2.385574623374527192e+00
5.764705882352940680e-01 1.225502456211296831e+00
5.803921568627450345e-01 1.479223497602975446e+00
5.843137254901961120e-01 3.206416002159598211e+00
5.882352941176470784e-01 2.259100796027308622e+00
5.921568627450980449e-01 2.101102159447866491e+00
5.960784313725490113e-01 1.735033477521955358e+00
5.999999999999999778e-01 1.220585479181944155e+00
6.039215686274509443e-01 1.805064265385858180e+00
6.078431372549019107e-01 1.625263919998203299e-01
6.117647058823529882e-01 3.040837483140291564e+00
6.156862745098039547e-01 2.588738042500574377e+00
6.196078431372549211e-01 1.446318003020183873e-01
6.235294117647058876e-01 1.070636480832836579e+00
6.274509803921568540e-01 1.873014272714176975e+00
6.313725490196078205e-01 7.351813839483947177e-01
6.352941176470587870e-01 7.672291553394181562e-01
6.392156862745097534e-01 1.778087118993497695e+00
6.431372549019607199e-01 6.316447671992664326e-01
6.470588235294117974e-01 2.373650786621515962e+00
6.509803921568627638e-01 2.720575737007377981e+00
6.549019607843137303e-01 1.300918570015869857e+00
6.588235294117646967e-01 1.249937131535689971e-01
6.627450980392156632e-01 1.573588538996202324e+00
6.666666666666666297e-01 1.573705892142346574e+00
6.705882352941175961e-01 1.232331774853463457e+00
6.745098039215686736e-01 1.361221748071818283e+00
6.784313725490196401e-01 2.811996479140468352e-01
6.823529411764706065e-01 2.954175980562018911e+00
6.862745098039215730e-01 3.055232783391574891e-01
6.901960784313725394e-01 3.841876282771128359e-01
6.941176470588235059e-01 2.409747092970903726e+00
6.980392156862744724e-01 -1.237102259986689656e+00
7.019607843137254388e-01 -6.722949087211653740e-01
7.058823529411764053e-01 9.724890633577218946e-01
7.098039215686274828e-01 1.945228104471214303e+00
7.137254901960784492e-01 2.708010287765898472e+00
7.176470588235294157e-01 2.255804006498329350e+00
7.215686274509803821e-01 1.288890522787732307e+00
7.254901960784313486e-01 2.634786684854968364e+00
7.294117647058823151e-01 3.845046863074430110e+00
7.333333333333332815e-01 3.379650864504989194e+00
7.372549019607843590e-01 1.951783865998301337e+00
7.411764705882353255e-01 2.292620306104226735e+00
7.450980392156862919e-01 4.622178160054244422e-01
7.490196078431372584e-01 -1.916783708903630146e+00
7.529411764705882248e-01 7.887259910053912026e-01
7.568627450980391913e-01 8.064403141311500267e-01
7.607843137254901578e-01 -1.166093084589441276e+00
7.647058823529411242e-01 9.480756094486428864e-01
7.686274509803920907e-01 8.054423150428635658e-01
7.725490196078431682e-01 1.512255832671072664e+00
7.764705882352941346e-01 1.565222477580818117e+00
7.803921568627451011e-01 1.991842742057280624e+00
7.843137254901960675e-01 1.554106684831241703e+00
7.882352941176470340e-01 7.150182875067048194e-01
7.921568627450980005e-01 2.907307327430749044e+00
7.960784313725489669e-01 3.701127314758780429e+00
8.000000000000000444e-01 1.079770904672251453e+00
8.039215686274510109e-01 1.085589685247048131e+00
8.078431372549019773e-01 9.011330270369373174e-01
8.117647058823529438e-01 1.809672716181387031e+00
8.156862745098039102e-01 1.654970125780921730e+00
8.196078431372548767e-01 -3.086428536326346617e-01
8.235294117647058432e-01 2.701648503935558665e-01
8.274509803921568096e-01 2.767784980131916317e+00
8.313725490196077761e-01 -6.462271545209512524e-01
8.352941176470588536e-01 -7.330071035751908326e-01
8.392156862745098200e-01 3.286669693660257963e+00
8.431372549019607865e-01 1.753735752519782753e+00
8.470588235294117530e-01 2.141183621686552740e+00
8.509803921568627194e-01 8.097814823777997884e-01
8.549019607843136859e-01 -2.198687296908623523e-01
8.588235294117646523e-01 7.385295636448800938e-01
8.627450980392157298e-01 1.399773214934530996e+00
8.666666666666666963e-01 2.084527198503280943e+00
8.705882352941176627e-01 1.274853341477055313e+00
8.745098039215686292e-01 3.070566309197428900e-01
8.784313725490195957e-01 7.501214176305368575e-01
8.823529411764705621e-01 2.336207391597167060e-01
8.862745098039215286e-01 1.334153824366879126e+00
8.901960784313724950e-01 2.403769317963601271e+00
8.941176470588234615e-01 -4.006161294127881245e-01
8.980392156862745390e-01 1.212157763041939784e+00
9.019607843137255054e-01 2.061173142736694164e-01
9.058823529411764719e-01 3.410773966273419333e-01
9.098039215686274384e-01 3.115251240569326452e+00
9.137254901960784048e-01 1.730797193882346541e+00
9.176470588235293713e-01 1.306022929175239877e+00
9.215686274509803377e-01 3.730006385130404389e-01
9.254901960784314152e-01 2.378820639624558808e+00
9.294117647058823817e-01 1.641395926413385498e+00
9.333333333333333481e-01 1.099109563312502980e+00
9.372549019607843146e-01 -1.393277090844507793e+00
9.411764705882352811e-01 -1.135670010333740265e-01
9.450980392156862475e-01 -4.590916222630214705e-02
9.490196078431372140e-01 3.222415605203265976e-01
9.529411764705881804e-01 -2.168996932488428619e+00
9.568627450980391469e-01 -1.087157310343404237e+00
9.607843137254902244e-01 3.497237183549883888e-02
9.647058823529411908e-01 2.876223008663830516e+00
9.686274509803921573e-01 1.644023965217782601e+00
9.725490196078431238e-01 -1.143508321162283625e+00
9.764705882352940902e-01 -6.813488785185417562e-01
9.803921568627450567e-01 6.292653659785234499e-01
9.843137254901960231e-01 2.131260249752948699e+00
9.882352941176471006e-01 -5.556810506724163545e-01
9.921568627450980671e-01 2.847596870678064107e+00
9.960784313725490335e-01 2.065387247706948148e+00
1.000000000000000000e+00 1.936597382715030902e+00
