0.000000000000000000e+00 3.359755638675405720e+00
3.921568627450980338e-03 2.009716598971042600e+00
7.843137254901960675e-03 4.548814921356515661e+00
1.176470588235294101e-02 5.894167438989644126e+00
1.568627450980392135e-02 4.374863473236257683e+00
1.960784313725490169e-02 4.205535435015162804e+00
2.352941176470588203e-02 4.718337772753693038e+00
2.745098039215686236e-02 4.486180836509359615e+00
3.137254901960784270e-02 3.542066510586609152e+00
3.529411764705882304e-02 3.453837209509353912e+00
3.921568627450980338e-02 3.508473198295975592e+00
4.313725490196078372e-02 3.696172390198851243e+00
4.705882352941176405e-02 4.616168285225786150e+00
5.098039215686274439e-02 3.067259878467653689e+00
5.490196078431372473e-02 5.289129419387101017e+00
5.882352941176470507e-02 2.077028043016206915e+00
6.274509803921568540e-02 2.525428422122681038e+00
6.666666666666666574e-02 2.402636521448054729e+00
7.058823529411764608e-02 3.334187149837403386e+00
7.450980392156862642e-02 4.982163258669632278e+00
7.843137254901960675e-02 4.295327787521613594e+00
8.235294117647058709e-02 5.080484776275059566e+00
8.627450980392156743e-02 3.978757413862141323e+00
9.019607843137254777e-02 4.808459202292399759e+00
9.411764705882352811e-02 3.971478017111333969e+00
9.803921568627450844e-02 5.766007088586087903e+00
1.019607843137254888e-01 3.496238127317548461e+00
1.058823529411764691e-01 3.318800564283973742e+00
1.098039215686274495e-01 1.998732394998845363e+00
1.137254901960784298e-01 3.537761185244459483e+00
1.176470588235294101e-01 2.862387957526618898e+00
1.215686274509803905e-01 2.880447410499586969e+00
1.254901960784313708e-01 4.497457097165366235e+00
1.294117647058823373e-01 4.921488537026033505e+00
1.333333333333333315e-01 3.254179262964968622e+00
1.372549019607843257e-01 4.446359605234736279e+00
1.411764705882352922e-01 5.588919893627011248e+00
1.450980392156862586e-01 3.557798780104501901e+00
1.490196078431372528e-01 2.146306773785866984e+00
1.529411764705882470e-01 2.436413390029890991e+00
1.568627450980392135e-01 5.173341505715305821e+00
1.607843137254901800e-01 4.748183317904340228e+00
1.647058823529411742e-01 3.676448430755064667e+00
1.686274509803921684e-01 3.768075343840608937e+00
1.725490196078431349e-01 6.329649057850096128e+00
1.764705882352941013e-01 6.399439665164688762e+00
1.803921568627450955e-01 4.748014086146322477e+00
1.843137254901960898e-01 2.932071795676980841e+00
1.882352941176470562e-01 3.172853830686951593e+00
1.921568627450980227e-01 5.362132433999741821e+00
1.960784313725490169e-01 3.681262533125043035e+00
2.000000000000000111e-01 6.272327422860044521e-01
2.039215686274509776e-01 2.846611396148543083e+00
2.078431372549019440e-01 3.746207297150467408e+00
2.117647058823529382e-01 3.575254827956042103e+00
2.156862745098039325e-01 4.057664220503809815e+00
2.196078431372548989e-01 3.755000307701539253e+00
2.235294117647058654e-01 3.628529860902496740e+00
2.274509803921568596e-01 2.801085104741553256e+00
2.313725490196078538e-01 4.569063175737145599e+00
2.352941176470588203e-01 3.246108814518374963e+00
2.392156862745097867e-01 6.607673632410603126e+00
2.431372549019607809e-01 3.655602395057369502e+00
2.470588235294117752e-01 1.390032808814211318e+00
2.509803921568627416e-01 2.235584706507490971e+00
2.549019607843137081e-01 3.976994499199211663e+00
2.588235294117646745e-01 2.589529881977486792e+00
2.627450980392156965e-01 4.112140410663029932e+00
2.666666666666666630e-01 3.034180916942700090e+00
2.705882352941176294e-01 2.712474863655932378e+00
2.745098039215686514e-01 4.282283143845656781e+00
2.784313725490196179e-01 5.234272056412006435e+00
2.823529411764705843e-01 4.106575959416713495e+00
2.862745098039215508e-01 5.851429552044465687e+00
2.901960784313725172e-01 5.636690365160467842e+00
2.941176470588235392e-01 2.668443538244670954e+00
2.980392156862745057e-01 6.611588819467554501e+00
3.019607843137254721e-01 6.080803198102367801e+00
3.058823529411764941e-01 4.679578209960956414e+00
3.098039215686274606e-01 3.632753037853511557e+00
3.137254901960784270e-01 3.805356014327872849e+00
3.176470588235293935e-01 4.516606308120358904e+00
3.215686274509803599e-01 2.908721727509844701e+00
3.254901960784313819e-01 4.152167075100845040e+00
3.294117647058823484e-01 4.879266815187056849e+00
3.333333333333333148e-01 4.631006878199918297e+00
3.372549019607843368e-01 3.079330175269828551e+00
3.411764705882353033e-01 3.873716360459682484e+00
3.450980392156862697e-01 7.114827490565049928e+00
3.490196078431372362e-01 3.973916346247146070e+00
3.529411764705882026e-01 6.058667899990378913e+00
3.568627450980392246e-01 4.059265733279358912e+00
3.607843137254901911e-01 3.634416283544077864e+00
3.647058823529411575e-01 5.096605656174732601e+00
3.686274509803921795e-01 2.573208485883849761e+00
3.725490196078431460e-01 3.441330125058351452e+00
3.764705882352941124e-01 3.780300097671475790e+00
3.803921568627450789e-01 2.544856666533243050e+00
3.843137254901960453e-01 5.012825518761063748e+00
3.882352941176470673e-01 1.718877048945230968e+00
3.921568627450980338e-01 3.863739303235762090e+00
3.960784313725490002e-01 3.238809982039086321e+00
4.000000000000000222e-01 3.616185916861428318e+00
4.039215686274509887e-01 5.497761904252368659e+00
4.078431372549019551e-01 6.312422872896558346e+00
4.117647058823529216e-01 3.076947052519544812e+00
4.156862745098038880e-01 4.855328298568918122e+00
4.196078431372549100e-01 3.945006388854674917e+00
4.235294117647058765e-01 3.966910345219448519e+00
4.274509803921568429e-01 4.125553592982926787e+00
4.313725490196078649e-01 3.180042401929940699e+00
4.352941176470588314e-01 3.292862997520968449e+00
4.392156862745097978e-01 3.580450065899111856e+00
4.431372549019607643e-01 3.707255462070147889e+00
4.470588235294117307e-01 3.041440620573463427e+00
4.509803921568627527e-01 6.188839450251822250e+00
4.549019607843137192e-01 4.228825313471664238e+00
4.588235294117646856e-01 4.755164395294403157e+00
4.627450980392157076e-01 4.116551586149924447e+00
4.666666666666666741e-01 4.832454419673207546e+00
4.705882352941176405e-01 7.472184802787673163e+00
4.745098039215686070e-01 5.153220886180241322e+00
4.784313725490195734e-01 5.451520193546092408e+00
4.823529411764705954e-01 5.915275620426371006e+00
4.862745098039215619e-01 5.215576194915040986e+00
4.901960784313725283e-01 4.720900751857162625e+00
4.941176470588235503e-01 4.886671064943197251e+00
4.980392156862745168e-01 6.107935295085776595e+00
5.019607843137254832e-01 4.715397990487383950e+00
5.058823529411764497e-01 4.468868515873920977e+00
5.098039215686274161e-01 4.802242973973721796e+00
5.137254901960783826e-01 4.794458567942123217e+00
5.176470588235293491e-01 4.885415885609360132e+00
5.215686274509804266e-01 7.459501095983577024e+00
5.254901960784313930e-01 6.152072846849405252e+00
5.294117647058823595e-01 6.858464182342995485e+00
5.333333333333333259e-01 7.343045079072378911e+00
5.372549019607842924e-01 6.442294643644197905e+00
5.411764705882352589e-01 6.339252305926923903e+00
5.450980392156862253e-01 4.962489007215665104e+00
5.490196078431373028e-01 5.256964711796143774e+00
5.529411764705882693e-01 4.224717275585649467e+00
5.568627450980392357e-01 4.101209153909062266e+00
5.607843137254902022e-01 4.468768174354231348e+00
5.647058823529411686e-01 4.748174187916007760e+00
5.686274509803921351e-01 6.228831520404331634e+00
5.725490196078431016e-01 5.269968699994054262e+00
5.764705882352940680e-01 4.897312619771496678e+00
5.803921568627450345e-01 4.872285750046354558e+00
5.843137254901961120e-01 4.899672247690186389e+00
5.882352941176470784e-01 5.432875041307159591e+00
5.921568627450980449e-01 5.024951737954548747e+00
5.960784313725490113e-01 4.297447439039522976e+00
5.999999999999999778e-01 5.068720914075111494e+00
6.039215686274509443e-01 8.529732403050310552e+00
6.078431372549019107e-01 6.497277570016936288e+00
6.117647058823529882e-01 6.417462505707965725e+00
6.156862745098039547e-01 3.147639925405284700e+00
6.196078431372549211e-01 4.436322214530226127e+00
6.235294117647058876e-01 5.811388485882718946e+00
6.274509803921568540e-01 5.779902036531539444e+00
6.313725490196078205e-01 5.792362597716368633e+00
6.352941176470587870e-01 5.881538752725686159e+00
6.392156862745097534e-01 5.914427115531784018e+00
6.431372549019607199e-01 5.526247895645987285e+00
6.470588235294117974e-01 4.661739920230297152e+00
6.509803921568627638e-01 5.056757851530496062e+00
6.549019607843137303e-01 3.316559398278396742e+00
6.588235294117646967e-01 3.639863877936714065e+00
6.627450980392156632e-01 4.349986801465866471e+00
6.666666666666666297e-01 4.664442234068825854e+00
6.705882352941175961e-01 6.488811478860012194e+00
6.745098039215686736e-01 6.112274070247160296e+00
6.784313725490196401e-01 6.008579090791760002e+00
6.823529411764706065e-01 5.641927676062778119e+00
6.862745098039215730e-01 4.532700333515919944e+00
6.901960784313725394e-01 5.706524526680739839e+00
6.941176470588235059e-01 4.796162097129740509e+00
6.980392156862744724e-01 5.260106618746648977e+00
7.019607843137254388e-01 5.761238304057133774e+00
7.058823529411764053e-01 5.001340376840035518e+00
7.098039215686274828e-01 6.016878218579130078e+00
7.137254901960784492e-01 3.950298706221184730e+00
7.176470588235294157e-01 3.630473205290863259e+00
7.215686274509803821e-01 4.460560951310230671e+00
7.254901960784313486e-01 4.539395519597968054e+00
7.294117647058823151e-01 4.088301373169612063e+00
7.333333333333332815e-01 4.937420024683695452e+00
7.372549019607843590e-01 4.332347604039225253e+00
7.411764705882353255e-01 4.143396159554724179e+00
7.450980392156862919e-01 5.558314781480041766e+00
7.490196078431372584e-01 5.662088684294811713e+00
7.529411764705882248e-01 5.337636856189071466e+00
7.568627450980391913e-01 4.149434121510741313e+00
7.607843137254901578e-01 5.124800621109664611e+00
7.647058823529411242e-01 5.420136217141672041e+00
7.686274509803920907e-01 5.132630469787300420e+00
7.725490196078431682e-01 5.483326525123245254e+00
7.764705882352941346e-01 5.090017441857965785e+00
7.803921568627451011e-01 3.849646209501372596e+00
7.843137254901960675e-01 5.996643067870996546e+00
7.882352941176470340e-01 5.705866648581560341e+00
7.921568627450980005e-01 3.997520266835444147e+00
7.960784313725489669e-01 5.638737916295032626e+00
8.000000000000000444e-01 5.932766574671771487e+00
8.039215686274510109e-01 5.353945525160839658e+00
8.078431372549019773e-01 5.122797322954217414e+00
8.117647058823529438e-01 2.618709275582038476e+00
8.156862745098039102e-01 5.009220810308600669e+00
8.196078431372548767e-01 4.358507692616764295e+00
8.235294117647058432e-01 2.276774604559086423e+00
8.274509803921568096e-01 2.234083515310898882e+00
8.313725490196077761e-01 2.946359914057612883e+00
8.352941176470588536e-01 5.698591417258305647e+00
8.392156862745098200e-01 6.049028679888444060e+00
8.431372549019607865e-01 4.468018742387787512e+00
8.470588235294117530e-01 4.717092828314798147e+00
8.509803921568627194e-01 6.764410030696656584e+00
8.549019607843136859e-01 5.763559072967084695e+00
8.588235294117646523e-01 5.159546633395009074e+00
8.627450980392157298e-01 3.171454629625382715e+00
8.666666666666666963e-01 5.316419908896950375e+00
8.705882352941176627e-01 2.220270027808127988e+00
8.745098039215686292e-01 5.093728001551972362e+00
8.784313725490195957e-01 3.120343912371886130e+00
8.823529411764705621e-01 2.652716563006587869e+00
8.862745098039215286e-01 3.129173950792528913e+00
8.901960784313724950e-01 4.488810287946079391e+00
8.941176470588234615e-01 4.769004569438867414e+00
8.980392156862745390e-01 2.975481375072659418e+00
9.019607843137255054e-01 3.079349228427334495e+00
9.058823529411764719e-01 5.691720299225661250e+00
9.098039215686274384e-01 4.280406786920529782e+00
9.137254901960784048e-01 5.773814734914896718e+00
9.176470588235293713e-01 4.923822193776652867e+00
9.215686274509803377e-01 3.586531111041290742e+00
9.254901960784314152e-01 3.407522450699740801e+00
9.294117647058823817e-01 3.807874962639725247e+00
9.333333333333333481e-01 1.264396463370111690e+00
9.372549019607843146e-01 2.278328010863172715e+00
9.411764705882352811e-01 1.760837598111367530e+00
9.450980392156862475e-01 3.756096876648139293e+00
9.490196078431372140e-01 3.422308096818585277e+00
9.529411764705881804e-01 2.849189378441636222e+00
9.568627450980391469e-01 4.528109594869379251e+00
9.607843137254902244e-01 3.776290507948054653e+00
9.647058823529411908e-01 2.479760579849924262e+00
9.686274509803921573e-01 4.424447512436595176e+00
9.725490196078431238e-01 3.918885928390128726e+00
9.764705882352940902e-01 3.218195884017898134e+00
9.803921568627450567e-01 3.214497983837196315e+00
9.843137254901960231e-01 3.372254669141684591e+00
9.882352941176471006e-01 3.676224910520772937e+00
9.921568627450980671e-01 3.334742661275186926e+00
9.960784313725490335e-01 2.963440695529849567e+00
1.000000000000000000e+00 1.688215236960489252e+00
