0.000000000000000000e+00 8.178927694820700367e+00
3.921568627450980338e-03 5.582027541081600930e+00
7.843137254901960675e-03 8.050845482905014450e+00
1.176470588235294101e-02 8.686767596909806599e+00
1.568627450980392135e-02 7.960657196732688234e+00
1.960784313725490169e-02 7.340696405054119467e+00
2.352941176470588203e-02 8.243173684807299395e+00
2.745098039215686236e-02 7.046529635063544461e+00
3.137254901960784270e-02 7.593990220213732378e+00
3.529411764705882304e-02 7.116212301012390107e+00
3.921568627450980338e-02 5.759076022142089357e+00
4.313725490196078372e-02 7.507054900975277612e+00
4.705882352941176405e-02 4.956988814081155326e+00
5.098039215686274439e-02 7.721482459126495890e+00
5.490196078431372473e-02 6.675652126771241868e+00
5.882352941176470507e-02 6.228881886956169289e+00
6.274509803921568540e-02 6.862824024675646228e+00
6.666666666666666574e-02 8.719117538129603773e+00
7.058823529411764608e-02 7.745716646069465305e+00
7.450980392156862642e-02 8.000069206654169207e+00
7.843137254901960675e-02 7.102449447530290172e+00
8.235294117647058709e-02 6.033155292280784288e+00
8.627450980392156743e-02 6.581109155124608812e+00
9.019607843137254777e-02 5.754793343044934950e+00
9.411764705882352811e-02 6.156230160917823824e+00
9.803921568627450844e-02 7.384811308893683979e+00
1.019607843137254888e-01 8.311878153080360931e+00
1.058823529411764691e-01 7.718782396263876855e+00
1.098039215686274495e-01 7.342998556759972040e+00
1.137254901960784298e-01 7.846603802729462451e+00
1.176470588235294101e-01 5.456060981787186570e+00
1.215686274509803905e-01 7.391045305887476324e+00
1.254901960784313708e-01 6.978298851691596916e+00
1.294117647058823373e-01 4.730244599787868154e+00
1.333333333333333315e-01 8.267753241982662260e+00
1.372549019607843257e-01 5.693078648478757664e+00
1.411764705882352922e-01 8.425856222618927305e+00
1.450980392156862586e-01 8.620941900906084143e+00
1.490196078431372528e-01 7.479230289806752197e+00
1.529411764705882470e-01 7.054857507353315960e+00
1.568627450980392135e-01 5.710431660326084291e+00
1.607843137254901800e-01 6.104927436768714522e+00
1.647058823529411742e-01 6.183192735381576988e+00
1.686274509803921684e-01 7.271918221611862521e+00
1.725490196078431349e-01 5.612596438165154744e+00
1.764705882352941013e-01 7.085833619663509886e+00
1.803921568627450955e-01 7.408682338027137604e+00
1.843137254901960898e-01 1.053134394874098412e+01
1.882352941176470562e-01 8.069689376688961246e+00
1.921568627450980227e-01 7.250340554591273801e+00
1.960784313725490169e-01 6.175180027674342931e+00
2.000000000000000111e-01 5.846536884423774616e+00
2.039215686274509776e-01 6.101380682922021848e+00
2.078431372549019440e-01 6.830954705657392267e+00
2.117647058823529382e-01 7.885724472709629396e+00
2.156862745098039325e-01 1.007668859538781803e+01
2.196078431372548989e-01 7.547780970067508477e+00
2.235294117647058654e-01 8.778002856718586600e+00
2.274509803921568596e-01 9.222839477602491343e+00
2.313725490196078538e-01 1.033228416212442191e+01
2.352941176470588203e-01 6.846323312759811763e+00
2.392156862745097867e-01 5.031387382467742420e+00
2.431372549019607809e-01 6.813248564330512735e+00
2.470588235294117752e-01 6.635076517438831978e+00
2.509803921568627416e-01 8.691833127572715867e+00
2.549019607843137081e-01 8.203091908321738401e+00
2.588235294117646745e-01 9.681549831226272218e+00
2.627450980392156965e-01 6.229142115643061750e+00
2.666666666666666630e-01 8.047121101706288471e+00
2.705882352941176294e-01 5.151182078193002667e+00
2.745098039215686514e-01 8.236126078439866660e+00
2.784313725490196179e-01 7.342199285593138391e+00
2.823529411764705843e-01 6.773636350098966474e+00
2.862745098039215508e-01 7.013472564222859695e+00
2.901960784313725172e-01 6.639500781131805418e+00
2.941176470588235392e-01 9.170664370843507385e+00
2.980392156862745057e-01 6.519239666000062883e+00
3.019607843137254721e-01 7.356409238146530249e+00
3.058823529411764941e-01 7.220319629854294874e+00
3.098039215686274606e-01 8.308124521357054704e+00
3.137254901960784270e-01 7.994271168498928049e+00
3.176470588235293935e-01 5.724029207081377635e+00
3.215686274509803599e-01 6.701787003970466117e+00
3.254901960784313819e-01 5.909253578004816987e+00
3.294117647058823484e-01 5.868784415142406452e+00
3.333333333333333148e-01 7.608855630749520316e+00
3.372549019607843368e-01 7.737189420085597291e+00
3.411764705882353033e-01 6.244269589360385453e+00
3.450980392156862697e-01 7.072079023035933609e+00
3.490196078431372362e-01 5.798522599618847195e+00
3.529411764705882026e-01 4.737149581240696072e+00
3.568627450980392246e-01 4.926863158592087011e+00
3.607843137254901911e-01 5.864530784275873820e+00
3.647058823529411575e-01 5.740325071923606082e+00
3.686274509803921795e-01 7.838375316954447669e+00
3.725490196078431460e-01 6.268633053851446313e+00
3.764705882352941124e-01 9.646801814925847651e+00
3.803921568627450789e-01 8.416765574156588769e+00
3.843137254901960453e-01 6.654069195996477504e+00
3.882352941176470673e-01 6.894081343323350097e+00
3.921568627450980338e-01 6.272684267271449343e+00
3.960784313725490002e-01 4.698426267937930945e+00
4.000000000000000222e-01 6.006135964536106542e+00
4.039215686274509887e-01 7.197424651715700783e+00
4.078431372549019551e-01 6.053283012862618939e+00
4.117647058823529216e-01 7.907367959880801322e+00
4.156862745098038880e-01 7.367209962936495771e+00
4.196078431372549100e-01 6.445890210884815730e+00
4.235294117647058765e-01 7.099432637294922799e+00
4.274509803921568429e-01 5.569615324635450726e+00
4.313725490196078649e-01 5.377084190161375510e+00
4.352941176470588314e-01 2.722050790770525808e+00
4.392156862745097978e-01 4.124184690211378346e+00
4.431372549019607643e-01 5.584304572308748327e+00
4.470588235294117307e-01 7.056733467641194579e+00
4.509803921568627527e-01 6.984421050294146838e+00
4.549019607843137192e-01 8.148656668903658584e+00
4.588235294117646856e-01 8.005697862782669816e+00
4.627450980392157076e-01 4.716211794972418048e+00
4.666666666666666741e-01 6.814711627046594167e+00
4.705882352941176405e-01 4.040577972758882197e+00
4.745098039215686070e-01 4.374689774055926073e+00
4.784313725490195734e-01 3.348072282847374126e+00
4.823529411764705954e-01 2.847349243656149387e+00
4.862745098039215619e-01 5.781546710073354411e+00
4.901960784313725283e-01 4.009943509966544362e+00
4.941176470588235503e-01 8.217609076768672693e+00
4.980392156862745168e-01 7.132016708295687124e+00
5.019607843137254832e-01 7.263715103858329414e+00
5.058823529411764497e-01 4.548110550290799914e+00
5.098039215686274161e-01 4.142504010430926975e+00
5.137254901960783826e-01 3.770826013823594280e+00
5.176470588235293491e-01 2.997921940184478995e+00
5.215686274509804266e-01 6.467984449935619828e-01
5.254901960784313930e-01 5.618919624788900613e-01
5.294117647058823595e-01 4.716331357904994803e+00
5.333333333333333259e-01 4.748442272206983006e+00
5.372549019607842924e-01 4.967366956932725230e+00
5.411764705882352589e-01 4.998027122340408468e+00
5.450980392156862253e-01 6.332013430080162486e+00
5.490196078431373028e-01 5.756570081443157072e+00
5.529411764705882693e-01 5.093379629531028741e+00
5.568627450980392357e-01 1.808310684635005661e+00
5.607843137254902022e-01 3.122197194266249198e+00
5.647058823529411686e-01 2.222297902879549980e+00
5.686274509803921351e-01 3.142710902214774560e+00
5.725490196078431016e-01 3.111606929049214987e+00
5.764705882352940680e-01 6.641533425226482379e+00
5.803921568627450345e-01 6.006082261614352547e+00
5.843137254901961120e-01 5.269736174520572192e+00
5.882352941176470784e-01 4.099165344831334323e+00
5.921568627450980449e-01 4.574942194785172056e+00
5.960784313725490113e-01 3.988694845593217853e+00
5.999999999999999778e-01 1.147666213330662099e+00
6.039215686274509443e-01 1.862856385654995561e+00
6.078431372549019107e-01 1.761224579398355417e+00
6.117647058823529882e-01 2.615668674203969424e+00
6.156862745098039547e-01 3.353086333934749419e+00
6.196078431372549211e-01 5.383141622411269367e+00
6.235294117647058876e-01 4.632877644760478475e+00
6.274509803921568540e-01 6.228004056485480611e+00
6.313725490196078205e-01 4.745874212316558705e+00
6.352941176470587870e-01 2.630587526582185642e+00
6.392156862745097534e-01 1.763839817714403235e+00
6.431372549019607199e-01 2.279839990237074066e+00
6.470588235294117974e-01 -2.888316296506157066e-01
6.509803921568627638e-01 3.435744106496362082e+00
6.549019607843137303e-01 5.795818010725893643e+00
6.588235294117646967e-01 7.005530405931019722e+00
6.627450980392156632e-01 5.783825982680472322e+00
6.666666666666666297e-01 6.567117297769229367e+00
6.705882352941175961e-01 4.234074190626252232e+00
6.745098039215686736e-01 3.115077204041156733e+00
6.784313725490196401e-01 1.757915786688682980e+00
6.823529411764706065e-01 1.253099167181632723e+00
6.862745098039215730e-01 4.077646273828731793e+00
6.901960784313725394e-01 4.348071361926111322e+00
6.941176470588235059e-01 4.337746702831831058e+00
6.980392156862744724e-01 3.669945445765828040e+00
7.019607843137254388e-01 4.412707978591996039e+00
7.058823529411764053e-01 6.014639090617685646e+00
7.098039215686274828e-01 5.806063262833150773e+00
7.137254901960784492e-01 4.981940019362787631e+00
7.176470588235294157e-01 2.397455466698533488e+00
7.215686274509803821e-01 5.656710093173460407e+00
7.254901960784313486e-01 2.377632493498461841e+00
7.294117647058823151e-01 3.397060175547408800e+00
7.333333333333332815e-01 3.728248029536596064e+00
7.372549019607843590e-01 4.376585738610601517e+00
7.411764705882353255e-01 5.367246376670463448e+00
7.450980392156862919e-01 2.606749855956744355e+00
7.490196078431372584e-01 4.931296443181211409e+00
7.529411764705882248e-01 3.266988902919948590e+00
7.568627450980391913e-01 3.777485417757086683e+00
7.607843137254901578e-01 4.337840400489422876e+00
7.647058823529411242e-01 2.507272692111750967e+00
7.686274509803920907e-01 3.778945592954611854e+00
7.725490196078431682e-01 3.281804059302461773e+00
7.764705882352941346e-01 3.214191991144018878e+00
7.803921568627451011e-01 4.519543808410211305e+00
7.843137254901960675e-01 4.096007907565245354e+00
7.882352941176470340e-01 3.380020604951994301e+00
7.921568627450980005e-01 1.437985877232313303e+00
7.960784313725489669e-01 3.036087466550215996e+00
8.000000000000000444e-01 5.353086606787893942e+00
8.039215686274510109e-01 4.357814061170605768e+00
8.078431372549019773e-01 2.570233019686423148e+00
8.117647058823529438e-01 2.735094092540543365e+00
8.156862745098039102e-01 3.754964381191791656e+00
8.196078431372548767e-01 2.656213912319621340e+00
8.235294117647058432e-01 2.743686591906338901e+00
8.274509803921568096e-01 2.749765742896362664e+00
8.313725490196077761e-01 2.802713360683930510e+00
8.352941176470588536e-01 3.623460636003049018e+00
8.392156862745098200e-01 3.320612022196127722e+00
8.431372549019607865e-01 5.746494598312367863e+00
8.470588235294117530e-01 4.206920067320206513e+00
8.509803921568627194e-01 2.808479439373170905e+00
8.549019607843136859e-01 3.571564300936031167e+00
8.588235294117646523e-01 2.723099385790213489e+00
8.627450980392157298e-01 4.886206457648780699e+00
8.666666666666666963e-01 3.500964271934451144e+00
8.705882352941176627e-01 3.630039421359571250e+00
8.745098039215686292e-01 4.134601189375756825e+00
8.784313725490195957e-01 3.477292775886926535e+00
8.823529411764705621e-01 6.033495285128702257e+00
8.862745098039215286e-01 3.511271467587778083e+00
8.901960784313724950e-01 4.451636682520532240e+00
8.941176470588234615e-01 5.218396991252544304e+00
8.980392156862745390e-01 5.065939239745774536e+00
9.019607843137255054e-01 5.009632899359754532e+00
9.058823529411764719e-01 4.819409602457258579e+00
9.098039215686274384e-01 4.949295070455534962e+00
9.137254901960784048e-01 5.294677858159641204e+00
9.176470588235293713e-01 5.911914227727026017e+00
9.215686274509803377e-01 7.984810863319310670e+00
9.254901960784314152e-01 5.596096729739286069e+00
9.294117647058823817e-01 3.706880538065131070e+00
9.333333333333333481e-01 5.772764930716829390e+00
9.372549019607843146e-01 8.028580536540207646e+00
9.411764705882352811e-01 8.261880266397282568e+00
9.450980392156862475e-01 7.359398297113919796e+00
9.490196078431372140e-01 6.563759280312943645e+00
9.529411764705881804e-01 5.873773996558251831e+00
9.568627450980391469e-01 7.394050983518444475e+00
9.607843137254902244e-01 6.447307869858335927e+00
9.647058823529411908e-01 5.977646595343206748e+00
9.686274509803921573e-01 6.830152704591515800e+00
9.725490196078431238e-01 6.480717900848118163e+00
9.764705882352940902e-01 6.320524937974642654e+00
9.803921568627450567e-01 7.877988770385914385e+00
9.843137254901960231e-01 7.749554191540021897e+00
9.882352941176471006e-01 6.990432357867286228e+00
9.921568627450980671e-01 7.304304573984834015e+00
9.960784313725490335e-01 8.432536252268427290e+00
1.000000000000000000e+00 8.030568755849618157e+00
