0.000000000000000000e+00 3.856596258908250086e+00
3.921568627450980338e-03 9.862152186089967465e-01
7.843137254901960675e-03 1.277992840384224671e+00
1.176470588235294101e-02 -1.229166490643673004e+00
1.568627450980392135e-02 2.280440854555574770e+00
1.960784313725490169e-02 -1.268922538278763668e+00
2.352941176470588203e-02 -1.434167181083397580e+00
2.745098039215686236e-02 -2.236380405027569740e+00
3.137254901960784270e-02 -8.212951090255948827e-01
3.529411764705882304e-02 -5.524959226713694882e-01
3.921568627450980338e-02 -4.890570328874632722e-02
4.313725490196078372e-02 6.047052518172169044e-01
4.705882352941176405e-02 1.022395610369187580e+00
5.098039215686274439e-02 2.634012044594733482e+00
5.490196078431372473e-02 2.452292577867604351e+00
5.882352941176470507e-02 1.047611697490793414e+00
6.274509803921568540e-02 1.788368480082202394e+00
6.666666666666666574e-02 2.962786555824851842e+00
7.058823529411764608e-02 3.891267407945794510e+00
7.450980392156862642e-02 1.444119757530480941e+00
7.843137254901960675e-02 3.411037329770408633e+00
8.235294117647058709e-02 2.555791328986283695e+00
8.627450980392156743e-02 2.748793171725314011e+00
9.019607843137254777e-02 4.342756056904324424e+00
9.411764705882352811e-02 3.620091526555953898e+00
9.803921568627450844e-02 2.954391636971400281e+00
1.019607843137254888e-01 1.641369057508579976e+00
1.058823529411764691e-01 3.093152579624692144e+00
1.098039215686274495e-01 7.104652735560113008e-01
1.137254901960784298e-01 2.158083158932769585e+00
1.176470588235294101e-01 1.286278076373546631e+00
1.215686274509803905e-01 1.321125292413053876e+00
1.254901960784313708e-01 1.195080733234316961e+00
1.294117647058823373e-01 -6.215846712454720091e-01
1.333333333333333315e-01 2.300616215040802714e-01
1.372549019607843257e-01 5.606844973835496404e-01
1.411764705882352922e-01 5.542323099261521335e-01
1.450980392156862586e-01 1.448530703624602012e-01
1.490196078431372528e-01 1.346266762863083999e+00
1.529411764705882470e-01 3.281456271454397999e+00
1.568627450980392135e-01 2.975244763120031610e+00
1.607843137254901800e-01 3.217816383529024993e+00
1.647058823529411742e-01 5.363526085828985046e+00
1.686274509803921684e-01 3.873901293589422590e+00
1.725490196078431349e-01 2.659540893851119581e+00
1.764705882352941013e-01 4.382674632367719703e+00
1.803921568627450955e-01 1.360737214892367986e+00
1.843137254901960898e-01 3.093827893816211816e+00
1.882352941176470562e-01 6.168454742789066358e+00
1.921568627450980227e-01 5.681747412338657099e+00
1.960784313725490169e-01 2.159026335435910049e+00
2.000000000000000111e-01 3.411852720774157799e+00
2.039215686274509776e-01 3.563815669984020218e+00
2.078431372549019440e-01 1.977113499769975524e+00
2.117647058823529382e-01 1.392332012683379805e+00
2.156862745098039325e-01 2.035916454651123253e+00
2.196078431372548989e-01 -4.454160047927580024e-02
2.235294117647058654e-01 -4.607944756702453404e-02
2.274509803921568596e-01 1.638757539183666845e+00
2.313725490196078538e-01 -1.014734702874444672e+00
2.352941176470588203e-01 1.190839571748471659e+00
2.392156862745097867e-01 7.136553264547105258e-01
2.431372549019607809e-01 4.748540047197082892e-01
2.470588235294117752e-01 1.885597572825925772e+00
2.509803921568627416e-01 3.309503202603677696e+00
2.549019607843137081e-01 4.829433614895562776e+00
2.588235294117646745e-01 3.228038094393333779e+00
2.627450980392156965e-01 2.651856510664353017e+00
2.666666666666666630e-01 4.438577083831838799e+00
2.705882352941176294e-01 3.510477800348098310e+00
2.745098039215686514e-01 3.527547438902230770e+00
2.784313725490196179e-01 3.037966620152577679e+00
2.823529411764705843e-01 2.600194047653766827e+00
2.862745098039215508e-01 1.529647590085763786e+00
2.901960784313725172e-01 1.623851984752075372e+00
2.941176470588235392e-01 1.383930205264774171e+00
2.980392156862745057e-01 1.282013944004868566e+00
3.019607843137254721e-01 -4.981317993796707810e-01
3.058823529411764941e-01 -3.445520304202562833e-01
3.098039215686274606e-01 -3.619588450190676099e-01
3.137254901960784270e-01 7.909657103482996554e-01
3.176470588235293935e-01 -7.734856112045704890e-01
3.215686274509803599e-01 6.457515609137671753e-01
3.254901960784313819e-01 1.799325399033251172e+00
3.294117647058823484e-01 1.662868667342884965e+00
3.333333333333333148e-01 2.000112847877427491e+00
3.372549019607843368e-01 3.495773157945573750e+00
3.411764705882353033e-01 2.937485246869570688e+00
3.450980392156862697e-01 4.699818297431458625e+00
3.490196078431372362e-01 6.298738459224484387e+00
3.529411764705882026e-01 3.291154837052681081e+00
3.568627450980392246e-01 5.514870737266835299e+00
3.607843137254901911e-01 5.278764727207407859e+00
3.647058823529411575e-01 3.882295767707930612e+00
3.686274509803921795e-01 3.080178913880060154e+00
3.725490196078431460e-01 1.759006063570268230e+00
3.764705882352941124e-01 4.352869565217787340e-01
3.803921568627450789e-01 9.402452042347193562e-01
3.843137254901960453e-01 1.151783877626390673e+00
3.882352941176470673e-01 1.060236688382049319e+00
3.921568627450980338e-01 -5.345881095363713698e-02
3.960784313725490002e-01 3.573023973379874985e+00
4.000000000000000222e-01 -8.216100515309587848e-02
4.039215686274509887e-01 2.884158511289005578e+00
4.078431372549019551e-01 2.216091977104927668e+00
4.117647058823529216e-01 6.633761283943160336e-01
4.156862745098038880e-01 2.905449836046321455e+00
4.196078431372549100e-01 4.063176757342732870e+00
4.235294117647058765e-01 5.358589722481072570e+00
4.274509803921568429e-01 5.301768156709775859e+00
4.313725490196078649e-01 2.030913782784349308e+00
4.352941176470588314e-01 4.881177220947768625e+00
4.392156862745097978e-01 4.983334364289317087e+00
4.431372549019607643e-01 3.500285875007655978e+00
4.470588235294117307e-01 5.485257803540932287e+00
4.509803921568627527e-01 6.462462867782328146e+00
4.549019607843137192e-01 5.513201485221028264e+00
4.588235294117646856e-01 4.345804811003103119e+00
4.627450980392157076e-01 5.048566696654968489e+00
4.666666666666666741e-01 4.220785914380986270e+00
4.705882352941176405e-01 2.599132445291360227e+00
4.745098039215686070e-01 5.016914743148223721e+00
4.784313725490195734e-01 2.887827374799193159e+00
4.823529411764705954e-01 3.215827017271188915e+00
4.862745098039215619e-01 4.026804691650880841e+00
4.901960784313725283e-01 2.912732291280339059e+00
4.941176470588235503e-01 2.106239412302237213e+00
4.980392156862745168e-01 3.291677680408689355e+00
5.019607843137254832e-01 1.611746712713557628e+00
5.058823529411764497e-01 4.125978727567419568e+00
5.098039215686274161e-01 2.866764611439903465e+00
5.137254901960783826e-01 2.481547511741392320e+00
5.176470588235293491e-01 4.391450791434406753e+00
5.215686274509804266e-01 3.751330325252738351e+00
5.254901960784313930e-01 5.487671875126244103e+00
5.294117647058823595e-01 4.839280055456066876e+00
5.333333333333333259e-01 4.370889898730496270e+00
5.372549019607842924e-01 4.301313910796315199e+00
5.411764705882352589e-01 6.009978039293038421e+00
5.450980392156862253e-01 5.208325957035190967e+00
5.490196078431373028e-01 6.290486758014008473e+00
5.529411764705882693e-01 3.378050490527803262e+00
5.568627450980392357e-01 5.613658370862710356e+00
5.607843137254902022e-01 3.595727695997727569e+00
5.647058823529411686e-01 2.948615009993700298e+00
5.686274509803921351e-01 3.929364794221489987e+00
5.725490196078431016e-01 1.740239660578632996e+00
5.764705882352940680e-01 2.078420145667656982e+00
5.803921568627450345e-01 4.382124989191954256e+00
5.843137254901961120e-01 4.624475920976317767e+00
5.882352941176470784e-01 2.444236236572014054e+00
5.921568627450980449e-01 1.401976993815043482e+00
5.960784313725490113e-01 1.195437180468450489e+00
5.999999999999999778e-01 2.421808760784403436e+00
6.039215686274509443e-01 4.395886947572591907e+00
6.078431372549019107e-01 5.064177679396225429e+00
6.117647058823529882e-01 4.977048622277438383e+00
6.156862745098039547e-01 6.245201908654550493e+00
6.196078431372549211e-01 7.155763009715995437e+00
6.235294117647058876e-01 5.487218963400915861e+00
6.274509803921568540e-01 6.413824381053917278e+00
6.313725490196078205e-01 6.301506140765972042e+00
6.352941176470587870e-01 3.522622659382925736e+00
6.392156862745097534e-01 3.934930270711373357e+00
6.431372549019607199e-01 3.589348726895295272e+00
6.470588235294117974e-01 2.529714585958961148e+00
6.509803921568627638e-01 1.909167158737420156e+00
6.549019607843137303e-01 1.317545233144588934e+00
6.588235294117646967e-01 1.523519566593982910e+00
6.627450980392156632e-01 3.322384857683182702e-01
6.666666666666666297e-01 2.180650217130494006e+00
6.705882352941175961e-01 4.965240778770461105e-01
6.745098039215686736e-01 2.182083960680186063e+00
6.784313725490196401e-01 8.562469398792771358e-02
6.823529411764706065e-01 2.501374468009323060e+00
6.862745098039215730e-01 1.432132499898315370e+00
6.901960784313725394e-01 4.046336276454944425e+00
6.941176470588235059e-01 1.686837004153426633e+00
6.980392156862744724e-01 4.345317959176510314e+00
7.019607843137254388e-01 4.932398532288772230e+00
7.058823529411764053e-01 7.215216676415089125e+00
7.098039215686274828e-01 6.219179325081133136e+00
7.137254901960784492e-01 4.147506752627136528e+00
7.176470588235294157e-01 6.530654155682162454e+00
7.215686274509803821e-01 6.636354925027672991e+00
7.254901960784313486e-01 6.018783675303126302e+00
7.294117647058823151e-01 3.235898614698967890e+00
7.333333333333332815e-01 7.439695603598412532e+00
7.372549019607843590e-01 4.049299270405242623e+00
7.411764705882353255e-01 2.612068701493676315e+00
7.450980392156862919e-01 1.521792825376484082e+00
7.490196078431372584e-01 1.904171197675347926e+00
7.529411764705882248e-01 1.117881344014396428e+00
7.568627450980391913e-01 2.075653833982422647e-01
7.607843137254901578e-01 1.090506676906397576e+00
7.647058823529411242e-01 1.392483407830891196e-01
7.686274509803920907e-01 -1.945927825680795475e-01
7.725490196078431682e-01 2.492238405454318961e-01
7.764705882352941346e-01 7.247616271399905941e-01
7.803921568627451011e-01 1.827575433227897950e+00
7.843137254901960675e-01 -1.108121948002708912e+00
7.882352941176470340e-01 1.340354142464372345e+00
7.921568627450980005e-01 3.563731576443232463e+00
7.960784313725489669e-01 2.857555880432704143e+00
8.000000000000000444e-01 3.275316969474039830e+00
8.039215686274510109e-01 2.896168191495905653e+00
8.078431372549019773e-01 2.662302158408964559e+00
8.117647058823529438e-01 2.282242618879312790e+00
8.156862745098039102e-01 1.844690192178280785e+00
8.196078431372548767e-01 3.223998149574472727e+00
8.235294117647058432e-01 6.636429233387660664e-01
8.274509803921568096e-01 -1.095032828648230261e-01
8.313725490196077761e-01 -1.797827892736139077e-01
8.352941176470588536e-01 8.505404537859631020e-01
8.392156862745098200e-01 2.763219195469754474e+00
8.431372549019607865e-01 -9.187350561313811781e-02
8.470588235294117530e-01 1.352337923903897288e+00
8.509803921568627194e-01 2.353324283372857373e-01
8.549019607843136859e-01 -9.455049039346237194e-01
8.588235294117646523e-01 5.793013636999676530e-01
8.627450980392157298e-01 -1.265769518040305908e+00
8.666666666666666963e-01 2.368181565937157451e+00
8.705882352941176627e-01 1.554862237333840547e+00
8.745098039215686292e-01 9.661345131504983641e-01
8.784313725490195957e-01 3.011730877672422757e-01
8.823529411764705621e-01 1.914883608191779940e+00
8.862745098039215286e-01 2.030453453848688028e+00
8.901960784313724950e-01 2.993817063210663321e+00
8.941176470588234615e-01 3.478851124355237801e+00
8.980392156862745390e-01 3.344313927398161468e+00
9.019607843137255054e-01 3.363292167117821307e+00
9.058823529411764719e-01 4.664871693920269458e+00
9.098039215686274384e-01 3.754534145692324465e+00
9.137254901960784048e-01 5.327492065723006931e+00
9.176470588235293713e-01 4.119983815255408466e+00
9.215686274509803377e-01 4.347130630584384647e+00
9.254901960784314152e-01 5.163695709956030555e+00
9.294117647058823817e-01 4.348597612897548537e+00
9.333333333333333481e-01 5.107351302037477225e+00
9.372549019607843146e-01 2.835818296904030422e+00
9.411764705882352811e-01 4.301216148663669081e+00
9.450980392156862475e-01 3.580360420332231897e+00
9.490196078431372140e-01 2.462505775894450188e+00
9.529411764705881804e-01 1.220036275949290872e+00
9.568627450980391469e-01 8.018980489610891826e-01
9.607843137254902244e-01 -2.789099737954443547e-01
9.647058823529411908e-01 1.820007729414454545e+00
9.686274509803921573e-01 4.019712214040471743e+00
9.725490196078431238e-01 2.368851740803922912e+00
9.764705882352940902e-01 4.201168785395085870e+00
9.803921568627450567e-01 3.930310067796999540e+00
9.843137254901960231e-01 3.218450092626162995e+00
9.882352941176471006e-01 6.050367395687919370e+00
9.921568627450980671e-01 5.629439344649412647e+00
9.960784313725490335e-01 7.055732944411156282e+00
1.000000000000000000e+00 6.070580617314174532e+00
