0.000000000000000000e+00 3.429353580422926040e+00
3.921568627450980338e-03 3.427619657821952437e+00
7.843137254901960675e-03 2.982501608246668656e+00
1.176470588235294101e-02 4.794700573948361466e+00
1.568627450980392135e-02 4.048152140476696914e+00
1.960784313725490169e-02 2.731788173102397188e+00
2.352941176470588203e-02 2.047006358741298992e+00
2.745098039215686236e-02 4.050637542881595721e+00
3.137254901960784270e-02 2.814770619439110888e+00
3.529411764705882304e-02 4.049983046707006373e+00
3.921568627450980338e-02 3.162976033897113126e+00
4.313725490196078372e-02 5.053855713769620506e-01
4.705882352941176405e-02 1.765903386412460918e+00
5.098039215686274439e-02 2.102181328683500272e+00
5.490196078431372473e-02 6.476365935984698119e-01
5.882352941176470507e-02 1.809292304679624319e+00
6.274509803921568540e-02 9.844020108694003790e-01
6.666666666666666574e-02 -1.201626457888770982e+00
7.058823529411764608e-02 9.502539082708549856e-02
7.450980392156862642e-02 6.178524081613540053e-01
7.843137254901960675e-02 1.728993290301097385e-01
8.235294117647058709e-02 3.527249755719019664e-01
8.627450980392156743e-02 1.294251000464912149e+00
9.019607843137254777e-02 2.273669570686141839e+00
9.411764705882352811e-02 -2.810018906969392605e-01
9.803921568627450844e-02 1.702790498716800105e+00
1.019607843137254888e-01 1.829523218639326654e+00
1.058823529411764691e-01 1.284372360750945186e+00
1.098039215686274495e-01 3.537224717623924430e+00
1.137254901960784298e-01 3.323061413311511725e+00
1.176470588235294101e-01 2.065581812962174801e+00
1.215686274509803905e-01 1.937943130699007366e+00
1.254901960784313708e-01 4.409594804149560510e+00
1.294117647058823373e-01 2.373744200621470846e+00
1.333333333333333315e-01 3.146918781883385474e+00
1.372549019607843257e-01 2.373652054217729290e+00
1.411764705882352922e-01 2.922556285408626664e+00
1.450980392156862586e-01 2.182150729100875708e+00
1.490196078431372528e-01 1.359452766701036541e+00
1.529411764705882470e-01 3.696695954752352575e-01
1.568627450980392135e-01 -1.295733236022267310e+00
1.607843137254901800e-01 3.651930527150151762e-01
1.647058823529411742e-01 1.974519147600783953e-01
1.686274509803921684e-01 -1.082154202584054703e-01
1.725490196078431349e-01 3.065967159530106345e-01
1.764705882352941013e-01 -3.430055240889861023e-01
1.803921568627450955e-01 -8.518382062162399571e-01
1.843137254901960898e-01 -4.615737030124245077e-01
1.882352941176470562e-01 2.297827202950499359e+00
1.921568627450980227e-01 1.196257239859661592e+00
1.960784313725490169e-01 3.332487999572578907e+00
2.000000000000000111e-01 2.665342061224350800e+00
2.039215686274509776e-01 3.963179542739617922e+00
2.078431372549019440e-01 4.097839001567290751e+00
2.117647058823529382e-01 4.041978967692106295e+00
2.156862745098039325e-01 2.564273198530640840e+00
2.196078431372548989e-01 3.946947361713060598e+00
2.235294117647058654e-01 4.312776327973091739e+00
2.274509803921568596e-01 4.044081850468344008e+00
2.313725490196078538e-01 6.994302239839906843e-01
2.352941176470588203e-01 8.914043861084970377e-01
2.392156862745097867e-01 1.896377215652684578e+00
2.431372549019607809e-01 1.894721222715693765e+00
2.470588235294117752e-01 5.913704724850071814e-01
2.509803921568627416e-01 6.586841814716246635e-01
2.549019607843137081e-01 1.346399768040700051e+00
2.588235294117646745e-01 6.494729915714416713e-01
2.627450980392156965e-01 1.772678519070915559e+00
2.666666666666666630e-01 7.299794285726901588e-02
2.705882352941176294e-01 2.637764896474155130e+00
2.745098039215686514e-01 2.608022785300557089e+00
2.784313725490196179e-01 1.972779138117364051e+00
2.823529411764705843e-01 1.901453933333797419e+00
2.862745098039215508e-01 3.899888254011819821e+00
2.901960784313725172e-01 2.995483142000648691e+00
2.941176470588235392e-01 1.885581283013735954e+00
2.980392156862745057e-01 3.677207560878137382e+00
3.019607843137254721e-01 2.003392029130463659e+00
3.058823529411764941e-01 2.533798276132384508e+00
3.098039215686274606e-01 3.149816522631978977e+00
3.137254901960784270e-01 3.815261848254147381e+00
3.176470588235293935e-01 2.321398244560644031e+00
3.215686274509803599e-01 2.531275288249730693e+00
3.254901960784313819e-01 2.610837368848986095e+00
3.294117647058823484e-01 3.515307287377761547e+00
3.333333333333333148e-01 3.493216374241968403e+00
3.372549019607843368e-01 3.646170818599208996e+00
3.411764705882353033e-01 4.596764857287832129e+00
3.450980392156862697e-01 5.083687528165294012e+00
3.490196078431372362e-01 3.441999279957629554e+00
3.529411764705882026e-01 4.325502447559404828e+00
3.568627450980392246e-01 5.493050385095550325e+00
3.607843137254901911e-01 2.595234682488494649e+00
3.647058823529411575e-01 4.061280673121764551e+00
3.686274509803921795e-01 2.470240659204193001e+00
3.725490196078431460e-01 2.453439506183523466e+00
3.764705882352941124e-01 2.870803400588076038e+00
3.803921568627450789e-01 2.298148506551973558e+00
3.843137254901960453e-01 4.643731572467810764e+00
3.882352941176470673e-01 2.865161404924108979e+00
3.921568627450980338e-01 4.240035745298042613e+00
3.960784313725490002e-01 2.259972341165354948e+00
4.000000000000000222e-01 1.792023494181637089e+00
4.039215686274509887e-01 2.510035961509363034e+00
4.078431372549019551e-01 3.026780809282528573e+00
4.117647058823529216e-01 4.108107699845991334e+00
4.156862745098038880e-01 2.471992174908867579e+00
4.196078431372549100e-01 1.535842063441255734e+00
4.235294117647058765e-01 1.657286010512534880e+00
4.274509803921568429e-01 3.319030435855319983e+00
4.313725490196078649e-01 3.729414025504655505e+00
4.352941176470588314e-01 8.333512968080620809e-01
4.392156862745097978e-01 4.857374354026837704e-01
4.431372549019607643e-01 1.342283775978498017e+00
4.470588235294117307e-01 1.600549574589644308e+00
4.509803921568627527e-01 1.582867218691942579e+00
4.549019607843137192e-01 1.705070553195372263e+00
4.588235294117646856e-01 2.204612942268931342e+00
4.627450980392157076e-01 3.793439151165841405e+00
4.666666666666666741e-01 1.663303783663953483e+00
4.705882352941176405e-01 1.394146693965653050e+00
4.745098039215686070e-01 2.526890277346669933e+00
4.784313725490195734e-01 3.168763714174076540e+00
4.823529411764705954e-01 1.427029890675561408e+00
4.862745098039215619e-01 9.445555187584631085e-02
4.901960784313725283e-01 2.204059857877647133e+00
4.941176470588235503e-01 4.903093366546404042e+00
4.980392156862745168e-01 3.114204462209414714e+00
5.019607843137254832e-01 2.104357000627210095e+00
5.058823529411764497e-01 2.004803693270706511e+00
5.098039215686274161e-01 1.432831729708612833e+00
5.137254901960783826e-01 1.106132931100709760e+00
5.176470588235293491e-01 1.334678938438724316e+00
5.215686274509804266e-01 -1.641908320560085954e-01
5.254901960784313930e-01 -1.089958555406589369e-01
5.294117647058823595e-01 -8.904642352177254416e-01
5.333333333333333259e-01 2.772917678750689507e+00
5.372549019607842924e-01 -6.576464267859267743e-01
5.411764705882352589e-01 1.074307314721378415e+00
5.450980392156862253e-01 1.657222209665121238e+00
5.490196078431373028e-01 7.862341469226574731e-02
5.529411764705882693e-01 2.241012160236599104e+00
5.568627450980392357e-01 -7.318009215923146904e-01
5.607843137254902022e-01 7.586708693239774259e-01
5.647058823529411686e-01 1.157111233658390637e+00
5.686274509803921351e-01 2.518469229492665384e+00
5.725490196078431016e-01 1.719610189869189343e+00
5.764705882352940680e-01 1.767837266365461568e+00
5.803921568627450345e-01 2.325948170857726538e+00
5.843137254901961120e-01 1.392622738849355057e+00
5.882352941176470784e-01 1.744769579359963796e+00
5.921568627450980449e-01 -3.483028789229707378e-01
5.960784313725490113e-01 3.803254488368135178e-01
5.999999999999999778e-01 1.732622840176801571e+00
6.039215686274509443e-01 2.685132399609446718e+00
6.078431372549019107e-01 2.484352243860605824e-01
6.117647058823529882e-01 1.631319135881799109e+00
6.156862745098039547e-01 1.694839366165707961e+00
6.196078431372549211e-01 -1.322651223325532754e-01
6.235294117647058876e-01 -1.247230413223254786e-02
6.274509803921568540e-01 1.365395590920656987e+00
6.313725490196078205e-01 8.072048250511523193e-01
6.352941176470587870e-01 1.393238541561413912e+00
6.392156862745097534e-01 2.469983658882012989e+00
6.431372549019607199e-01 2.281308753470548289e+00
6.470588235294117974e-01 2.061811327715487252e+00
6.509803921568627638e-01 -2.067927119283887727e-01
6.549019607843137303e-01 2.906319326279068527e+00
6.588235294117646967e-01 1.778842071328749164e+00
6.627450980392156632e-01 -5.204942119852904447e-01
6.666666666666666297e-01 6.876837465397533933e-02
6.705882352941175961e-01 9.538745019491163823e-01
6.745098039215686736e-01 -8.100286052295802008e-02
6.784313725490196401e-01 -1.070416115983130023e+00
6.823529411764706065e-01 -4.435561279535531476e-01
6.862745098039215730e-01 1.688261251420348330e+00
6.901960784313725394e-01 4.120428699687272989e-01
6.941176470588235059e-01 5.293185305500724969e-01
6.980392156862744724e-01 2.138689445671313472e+00
7.019607843137254388e-01 1.061033702867274719e+00
7.058823529411764053e-01 1.283039479664503713e+00
7.098039215686274828e-01 1.403849696099276345e+00
7.137254901960784492e-01 1.424932543136522289e+00
7.176470588235294157e-01 3.095661603263876405e+00
7.215686274509803821e-01 1.923569668316122527e+00
7.254901960784313486e-01 1.074583703011962488e+00
7.294117647058823151e-01 2.442306415589772239e+00
7.333333333333332815e-01 2.222218136924392518e+00
7.372549019607843590e-01 1.735592915345636644e+00
7.411764705882353255e-01 8.249580370242393101e-02
7.450980392156862919e-01 1.933745610429959738e+00
7.490196078431372584e-01 1.846635598661888089e+00
7.529411764705882248e-01 9.417114869645308861e-01
7.568627450980391913e-01 6.565722042835873129e-01
7.607843137254901578e-01 -2.338491721664772705e-01
7.647058823529411242e-01 1.265540610941139787e+00
7.686274509803920907e-01 2.174600550267592247e+00
7.725490196078431682e-01 2.300007751903505593e-01
7.764705882352941346e-01 -1.477496243399687437e+00
7.803921568627451011e-01 8.522634370623374256e-01
7.843137254901960675e-01 -2.317624718046307208e-03
7.882352941176470340e-01 9.615493579558744841e-01
7.921568627450980005e-01 6.190570934596435482e-01
7.960784313725489669e-01 1.400943975530240415e+00
8.000000000000000444e-01 1.931405071982721822e+00
8.039215686274510109e-01 1.875624751616807639e+00
8.078431372549019773e-01 1.240210671956253119e+00
8.117647058823529438e-01 2.137550725689800757e+00
8.156862745098039102e-01 3.830092066144947793e+00
8.196078431372548767e-01 3.732027065444920133e+00
8.235294117647058432e-01 1.782101538375266303e+00
8.274509803921568096e-01 3.609436214815910482e+00
8.313725490196077761e-01 1.595750004948148337e+00
8.352941176470588536e-01 2.885471255951908010e+00
8.392156862745098200e-01 9.220711836768162861e-01
8.431372549019607865e-01 1.646241762595683333e+00
8.470588235294117530e-01 5.199804355439630044e-01
8.509803921568627194e-01 1.738180717808972986e+00
8.549019607843136859e-01 8.256676020741331445e-01
8.588235294117646523e-01 3.439652388290674878e-01
8.627450980392157298e-01 8.038978263311511441e-01
8.666666666666666963e-01 1.171633622931349095e+00
8.705882352941176627e-01 -1.916939671099832321e+00
8.745098039215686292e-01 -2.391851382699483608e-02
8.784313725490195957e-01 1.930817042165605901e+00
8.823529411764705621e-01 1.327718061817764195e-01
8.862745098039215286e-01 1.388110595915801770e+00
8.901960784313724950e-01 5.544688017621095533e-01
8.941176470588234615e-01 1.401858704686102630e+00
8.980392156862745390e-01 7.755559828851532611e-01
9.019607843137255054e-01 2.923137334705280477e+00
9.058823529411764719e-01 2.642066232429294281e+00
9.098039215686274384e-01 5.874886039493218970e-01
9.137254901960784048e-01 8.022477991232901395e-01
9.176470588235293713e-01 3.002443561536766392e+00
9.215686274509803377e-01 2.950051544549578963e+00
9.254901960784314152e-01 2.452792906578777909e+00
9.294117647058823817e-01 1.489745131198292327e+00
9.333333333333333481e-01 2.867237345562369200e+00
9.372549019607843146e-01 7.970389702646829555e-01
9.411764705882352811e-01 -9.923410811268418286e-02
9.450980392156862475e-01 -1.811048924823626116e-01
9.490196078431372140e-01 4.857100613486180496e-01
9.529411764705881804e-01 -5.290354192625574825e-01
9.568627450980391469e-01 4.529498637970588160e-01
9.607843137254902244e-01 -5.749572078649460849e-01
9.647058823529411908e-01 -1.988433218010096315e+00
9.686274509803921573e-01 -4.771181552414374138e-01
9.725490196078431238e-01 -1.206654395743724795e+00
9.764705882352940902e-01 1.269191864472556830e+00
9.803921568627450567e-01 1.034694927941898879e+00
9.843137254901960231e-01 1.224212067682971528e+00
9.882352941176471006e-01 1.393113230571955352e+00
9.921568627450980671e-01 3.025780209903210505e+00
9.960784313725490335e-01 2.842603891776834146e+00
1.000000000000000000e+00 3.859067408870416216e+00
