0.000000000000000000e+00 1.080641016796977993e+01
3.921568627450980338e-03 7.447136496095232872e+00
7.843137254901960675e-03 9.698200775989954892e+00
1.176470588235294101e-02 7.316244096599961111e+00
1.568627450980392135e-02 9.373567632011640782e+00
1.960784313725490169e-02 7.612604094277168443e+00
2.352941176470588203e-02 9.538868313633642515e+00
2.745098039215686236e-02 8.995426005254779867e+00
3.137254901960784270e-02 9.056840346799273078e+00
3.529411764705882304e-02 1.104040354640535071e+01
3.921568627450980338e-02 8.925393761751616140e+00
4.313725490196078372e-02 9.494114143252307514e+00
4.705882352941176405e-02 9.915738753617430845e+00
5.098039215686274439e-02 1.038078885003500673e+01
5.490196078431372473e-02 1.030205629267173251e+01
5.882352941176470507e-02 1.003623827828646853e+01
6.274509803921568540e-02 9.292457333063902425e+00
6.666666666666666574e-02 8.144469163605467799e+00
7.058823529411764608e-02 8.833614299719510399e+00
7.450980392156862642e-02 8.764517117114639433e+00
7.843137254901960675e-02 9.101133352368096396e+00
8.235294117647058709e-02 1.053861041851073388e+01
8.627450980392156743e-02 8.892335109949987881e+00
9.019607843137254777e-02 1.028447309191405346e+01
9.411764705882352811e-02 8.537740176174438034e+00
9.803921568627450844e-02 8.981285645934805828e+00
1.019607843137254888e-01 1.096319337350608869e+01
1.058823529411764691e-01 1.034947387183265199e+01
1.098039215686274495e-01 9.724868004755252926e+00
1.137254901960784298e-01 8.432582315153362984e+00
1.176470588235294101e-01 9.577210673207781966e+00
1.215686274509803905e-01 9.760926358156369886e+00
1.254901960784313708e-01 8.569414784103198457e+00
1.294117647058823373e-01 7.090757995488560894e+00
1.333333333333333315e-01 8.024712070479719017e+00
1.372549019607843257e-01 7.937212332849473917e+00
1.411764705882352922e-01 1.012734922949547922e+01
1.450980392156862586e-01 7.538402597286806284e+00
1.490196078431372528e-01 8.789238665024704744e+00
1.529411764705882470e-01 1.146180417839827648e+01
1.568627450980392135e-01 7.206300741359445539e+00
1.607843137254901800e-01 9.534602091013045566e+00
1.647058823529411742e-01 6.176864291161976439e+00
1.686274509803921684e-01 9.531759205509857225e+00
1.725490196078431349e-01 8.194181670909749471e+00
1.764705882352941013e-01 7.247947743301891954e+00
1.803921568627450955e-01 1.031174717139590236e+01
1.843137254901960898e-01 9.667154346747732774e+00
1.882352941176470562e-01 1.270881853082246415e+01
1.921568627450980227e-01 1.062706497654642490e+01
1.960784313725490169e-01 1.132540520080234003e+01
2.000000000000000111e-01 9.958604826746725536e+00
2.039215686274509776e-01 8.288901250633136542e+00
2.078431372549019440e-01 7.569100687591321375e+00
2.117647058823529382e-01 9.271704322587147828e+00
2.156862745098039325e-01 9.979969078166750052e+00
2.196078431372548989e-01 8.773989572289778494e+00
2.235294117647058654e-01 9.024651048619313443e+00
2.274509803921568596e-01 9.761376752688859071e+00
2.313725490196078538e-01 1.018050727180862225e+01
2.352941176470588203e-01 1.156789309405472466e+01
2.392156862745097867e-01 9.633106371167126980e+00
2.431372549019607809e-01 9.064339497121109090e+00
2.470588235294117752e-01 9.593536928977478340e+00
2.509803921568627416e-01 9.837299634194547338e+00
2.549019607843137081e-01 8.937892666966268607e+00
2.588235294117646745e-01 9.366460565143656325e+00
2.627450980392156965e-01 9.108447409495109781e+00
2.666666666666666630e-01 9.831347687675334512e+00
2.705882352941176294e-01 9.673863934371595974e+00
2.745098039215686514e-01 9.226915761698908369e+00
2.784313725490196179e-01 9.234122988944925225e+00
2.823529411764705843e-01 8.856015600124530707e+00
2.862745098039215508e-01 6.713614057200741669e+00
2.901960784313725172e-01 1.041027320630093911e+01
2.941176470588235392e-01 8.877029742160621240e+00
2.980392156862745057e-01 7.650808752448684302e+00
3.019607843137254721e-01 1.139385055387256429e+01
3.058823529411764941e-01 7.035100041699813289e+00
3.098039215686274606e-01 9.784354409547976417e+00
3.137254901960784270e-01 6.483390529194299035e+00
3.176470588235293935e-01 8.231108181042884553e+00
3.215686274509803599e-01 7.153806076014417314e+00
3.254901960784313819e-01 8.822174310774522965e+00
3.294117647058823484e-01 7.750259132181438915e+00
3.333333333333333148e-01 8.924626035267234414e+00
3.372549019607843368e-01 7.297960232286121673e+00
3.411764705882353033e-01 7.774289076875319005e+00
3.450980392156862697e-01 7.208050415050584192e+00
3.490196078431372362e-01 8.838592239684540885e+00
3.529411764705882026e-01 8.701394551987650772e+00
3.568627450980392246e-01 9.585981209036830819e+00
3.607843137254901911e-01 8.890191380361638807e+00
3.647058823529411575e-01 9.551026683583456744e+00
3.686274509803921795e-01 1.045262389028352068e+01
3.725490196078431460e-01 1.078030293490669500e+01
3.764705882352941124e-01 7.972424819814285968e+00
3.803921568627450789e-01 8.939174950289093147e+00
3.843137254901960453e-01 9.319512834461985307e+00
3.882352941176470673e-01 8.745145205701154723e+00
3.921568627450980338e-01 7.142724566003225029e+00
3.960784313725490002e-01 1.133971333364777401e+01
4.000000000000000222e-01 8.972858519260066501e+00
4.039215686274509887e-01 1.045602671574714648e+01
4.078431372549019551e-01 1.073154649245648784e+01
4.117647058823529216e-01 7.908471699642162456e+00
4.156862745098038880e-01 7.449886475089474658e+00
4.196078431372549100e-01 7.832137588361037572e+00
4.235294117647058765e-01 8.366349476931734586e+00
4.274509803921568429e-01 6.881378423999671590e+00
4.313725490196078649e-01 6.715516650740138260e+00
4.352941176470588314e-01 8.107413567744634619e+00
4.392156862745097978e-01 6.632764999701446840e+00
4.431372549019607643e-01 7.427197838936332452e+00
4.470588235294117307e-01 6.469914571397385572e+00
4.509803921568627527e-01 7.185009294229697474e+00
4.549019607843137192e-01 8.885812164216741138e+00
4.588235294117646856e-01 7.582402359863713137e+00
4.627450980392157076e-01 9.093358272851531865e+00
4.666666666666666741e-01 6.644230057486737451e+00
4.705882352941176405e-01 7.470458055243898166e+00
4.745098039215686070e-01 5.114136630736608069e+00
4.784313725490195734e-01 7.471414277586192476e+00
4.823529411764705954e-01 8.771154406305235796e+00
4.862745098039215619e-01 6.598169293620482989e+00
4.901960784313725283e-01 7.459454044823893071e+00
4.941176470588235503e-01 8.682505025364893214e+00
4.980392156862745168e-01 7.493405220110606280e+00
5.019607843137254832e-01 6.883925036516690632e+00
5.058823529411764497e-01 5.951842173075157838e+00
5.098039215686274161e-01 6.407033180394830829e+00
5.137254901960783826e-01 8.743244041071989159e+00
5.176470588235293491e-01 7.736752921266233152e+00
5.215686274509804266e-01 8.548404716720547469e+00
5.254901960784313930e-01 7.455132423714440293e+00
5.294117647058823595e-01 6.867898046755212427e+00
5.333333333333333259e-01 7.838084969407106861e+00
5.372549019607842924e-01 8.366158857077586219e+00
5.411764705882352589e-01 6.140592502017378607e+00
5.450980392156862253e-01 6.814605252390388834e+00
5.490196078431373028e-01 5.385652082044348532e+00
5.529411764705882693e-01 6.310762314607742951e+00
5.568627450980392357e-01 6.656077670164136428e+00
5.607843137254902022e-01 5.609987821729244928e+00
5.647058823529411686e-01 4.837763909566595188e+00
5.686274509803921351e-01 7.527618259144598589e+00
5.725490196078431016e-01 7.061061043348573207e+00
5.764705882352940680e-01 7.414325229076026424e+00
5.803921568627450345e-01 7.053775429540007025e+00
5.843137254901961120e-01 8.141018331276425712e+00
5.882352941176470784e-01 6.819682433812030098e+00
5.921568627450980449e-01 6.686582105200855608e+00
5.960784313725490113e-01 6.765611698203032098e+00
5.999999999999999778e-01 7.306123017222805771e+00
6.039215686274509443e-01 8.124535707168375254e+00
6.078431372549019107e-01 6.403751675211981187e+00
6.117647058823529882e-01 7.634625427715905133e+00
6.156862745098039547e-01 3.996766313982184293e+00
6.196078431372549211e-01 4.806559169815852073e+00
6.235294117647058876e-01 5.891119550200307309e+00
6.274509803921568540e-01 6.369168808884507094e+00
6.313725490196078205e-01 4.626842739719527309e+00
6.352941176470587870e-01 4.082439911430687296e+00
6.392156862745097534e-01 5.961225938636209420e+00
6.431372549019607199e-01 6.985624600564405817e+00
6.470588235294117974e-01 7.674264107878746799e+00
6.509803921568627638e-01 5.150292005980855237e+00
6.549019607843137303e-01 8.119214718264519348e+00
6.588235294117646967e-01 5.349626079068275253e+00
6.627450980392156632e-01 4.662284704347847253e+00
6.666666666666666297e-01 5.259440129784584528e+00
6.705882352941175961e-01 6.187698507390344105e+00
6.745098039215686736e-01 6.295318144612926048e+00
6.784313725490196401e-01 7.554818206510327094e+00
6.823529411764706065e-01 5.903731592584068544e+00
6.862745098039215730e-01 6.829676055104453525e+00
6.901960784313725394e-01 5.911544838532845958e+00
6.941176470588235059e-01 5.185436429919292323e+00
6.980392156862744724e-01 5.612900397375248041e+00
7.019607843137254388e-01 4.878981771122376188e+00
7.058823529411764053e-01 4.510698552206433121e+00
7.098039215686274828e-01 5.921666192646536153e+00
7.137254901960784492e-01 6.432099053148726320e+00
7.176470588235294157e-01 6.868278727092707925e+00
7.215686274509803821e-01 6.902601557056990522e+00
7.254901960784313486e-01 6.432480493329135740e+00
7.294117647058823151e-01 7.692035656673214206e+00
7.333333333333332815e-01 5.120500386786366320e+00
7.372549019607843590e-01 5.258512323467071425e+00
7.411764705882353255e-01 4.068051811807377405e+00
7.450980392156862919e-01 5.233788451970736055e+00
7.490196078431372584e-01 5.960726508717449690e+00
7.529411764705882248e-01 3.288465765105546446e+00
7.568627450980391913e-01 3.787800111362465305e+00
7.607843137254901578e-01 6.074979721377122388e+00
7.647058823529411242e-01 3.552236652193692112e+00
7.686274509803920907e-01 4.492117960398262611e+00
7.725490196078431682e-01 6.441838542014453495e+00
7.764705882352941346e-01 6.799587206470114609e+00
7.803921568627451011e-01 5.636619958129496233e+00
7.843137254901960675e-01 6.151404017253279122e+00
7.882352941176470340e-01 3.952326698111943148e+00
7.921568627450980005e-01 5.415095044964012061e+00
7.960784313725489669e-01 5.387706915755809511e+00
8.000000000000000444e-01 4.830470881301364372e+00
8.039215686274510109e-01 4.419571790908806364e+00
8.078431372549019773e-01 4.625362903197894227e+00
8.117647058823529438e-01 6.443442430478222960e+00
8.156862745098039102e-01 5.238282035228211342e+00
8.196078431372548767e-01 4.048017371490114868e+00
8.235294117647058432e-01 2.426939862713169749e+00
8.274509803921568096e-01 2.914022446625562424e+00
8.313725490196077761e-01 4.794594623409766498e+00
8.352941176470588536e-01 4.082721720267390886e+00
8.392156862745098200e-01 4.042572919140877019e+00
8.431372549019607865e-01 3.507567925478143778e+00
8.470588235294117530e-01 3.913268566522734915e+00
8.509803921568627194e-01 5.880570651351437306e+00
8.549019607843136859e-01 5.286308576321935959e+00
8.588235294117646523e-01 2.509731584063771059e+00
8.627450980392157298e-01 5.093231885532840231e+00
8.666666666666666963e-01 1.863285413425605608e+00
8.705882352941176627e-01 2.727401042722215063e+00
8.745098039215686292e-01 2.111516141963142079e+00
8.784313725490195957e-01 3.646641848253203033e+00
8.823529411764705621e-01 2.887490975147083638e+00
8.862745098039215286e-01 3.263771757080014435e+00
8.901960784313724950e-01 4.296948354379527046e+00
8.941176470588234615e-01 5.488598510911963047e+00
8.980392156862745390e-01 4.916144701693587749e+00
9.019607843137255054e-01 5.011347227416056427e+00
9.058823529411764719e-01 3.667748712529884436e+00
9.098039215686274384e-01 4.494776123485341834e+00
9.137254901960784048e-01 4.789794042126866103e+00
9.176470588235293713e-01 6.063049446937597509e+00
9.215686274509803377e-01 5.501401799671777226e+00
9.254901960784314152e-01 4.348060365806150074e+00
9.294117647058823817e-01 7.848522505601056132e+00
9.333333333333333481e-01 5.181652395703518543e+00
9.372549019607843146e-01 4.700177705091260094e+00
9.411764705882352811e-01 3.453890650617085445e+00
9.450980392156862475e-01 5.059136087309336283e+00
9.490196078431372140e-01 4.130139177367349923e+00
9.529411764705881804e-01 2.680268325515280825e+00
9.568627450980391469e-01 4.853607453122007698e+00
9.607843137254902244e-01 4.101090528900368071e+00
9.647058823529411908e-01 2.879494653230575185e+00
9.686274509803921573e-01 4.817499732218555764e+00
9.725490196078431238e-01 6.110668889045088648e+00
9.764705882352940902e-01 4.972816866664250490e+00
9.803921568627450567e-01 4.084061606277409773e+00
9.843137254901960231e-01 5.909663144750524566e+00
9.882352941176471006e-01 5.223250924274276841e+00
9.921568627450980671e-01 4.575808207360564595e+00
9.960784313725490335e-01 4.097394546650974689e+00
1.000000000000000000e+00 5.068441015315690024e+00
