0.000000000000000000e+00 7.003976088172963799e+00
3.921568627450980338e-03 6.685627248602813211e+00
7.843137254901960675e-03 8.638665504915236326e+00
1.176470588235294101e-02 7.319796505609350135e+00
1.568627450980392135e-02 6.093334207700062954e+00
1.960784313725490169e-02 6.697817242438474317e+00
2.352941176470588203e-02 5.241230887933410187e+00
2.745098039215686236e-02 6.490523562357425114e+00
3.137254901960784270e-02 4.573726676360266197e+00
3.529411764705882304e-02 5.839061717468174706e+00
3.921568627450980338e-02 3.714512491590181487e+00
4.313725490196078372e-02 4.391621674034452028e+00
4.705882352941176405e-02 7.031221035772248662e+00
5.098039215686274439e-02 6.624310961824937394e+00
5.490196078431372473e-02 6.646647068361471788e+00
5.882352941176470507e-02 8.349916005764228544e+00
6.274509803921568540e-02 7.622014156214437008e+00
6.666666666666666574e-02 5.781831494211039590e+00
7.058823529411764608e-02 4.197758897389027410e+00
7.450980392156862642e-02 6.614954130183086534e+00
7.843137254901960675e-02 6.571477516535594532e+00
8.235294117647058709e-02 6.859406918961236777e+00
8.627450980392156743e-02 7.616497150429756502e+00
9.019607843137254777e-02 6.651486796098973642e+00
9.411764705882352811e-02 6.422986125707826233e+00
9.803921568627450844e-02 8.022922304052462650e+00
1.019607843137254888e-01 7.174935301816201871e+00
1.058823529411764691e-01 5.595639106737809065e+00
1.098039215686274495e-01 5.556375857010221964e+00
1.137254901960784298e-01 5.744206412523078065e+00
1.176470588235294101e-01 6.296939298875144253e+00
1.215686274509803905e-01 8.963048773236437228e+00
1.254901960784313708e-01 7.231621488694733202e+00
1.294117647058823373e-01 5.998285217119160961e+00
1.333333333333333315e-01 4.474612467556054796e+00
1.372549019607843257e-01 5.615356929397763430e+00
1.411764705882352922e-01 6.047633532378299037e+00
1.450980392156862586e-01 6.734132996882485678e+00
1.490196078431372528e-01 6.170694006236554507e+00
1.529411764705882470e-01 7.806538319246033808e+00
1.568627450980392135e-01 6.242098803540189422e+00
1.607843137254901800e-01 7.556589826251126851e+00
1.647058823529411742e-01 6.850027457177828794e+00
1.686274509803921684e-01 6.156096836423388119e+00
1.725490196078431349e-01 5.599699331453310336e+00
1.764705882352941013e-01 5.152587301088771277e+00
1.803921568627450955e-01 7.981030237277631834e+00
1.843137254901960898e-01 7.725660651104486298e+00
1.882352941176470562e-01 6.372715101668358528e+00
1.921568627450980227e-01 6.533640518191159430e+00
1.960784313725490169e-01 6.193761207014331305e+00
2.000000000000000111e-01 5.546321723896520339e+00
2.039215686274509776e-01 8.467847744327773540e+00
2.078431372549019440e-01 5.858107021065176667e+00
2.117647058823529382e-01 5.766161732295840281e+00
2.156862745098039325e-01 5.201875793885280430e+00
2.196078431372548989e-01 5.846380722815863074e+00
2.235294117647058654e-01 4.910422377468977473e+00
2.274509803921568596e-01 6.185162132725995576e+00
2.313725490196078538e-01 3.496539525678628024e+00
2.352941176470588203e-01 5.065669451361321407e+00
2.392156862745097867e-01 5.470979983076513342e+00
2.431372549019607809e-01 8.171564165762152498e+00
2.470588235294117752e-01 8.548998347096837591e+00
2.509803921568627416e-01 8.278691985446201329e+00
2.549019607843137081e-01 6.690325505012381768e+00
2.588235294117646745e-01 8.026958954167970006e+00
2.627450980392156965e-01 7.181075328824244153e+00
2.666666666666666630e-01 6.626317845808697093e+00
2.705882352941176294e-01 3.781115718645681412e+00
2.745098039215686514e-01 6.234253257142840177e+00
2.784313725490196179e-01 5.830009334570076973e+00
2.823529411764705843e-01 7.216159695055654133e+00
2.862745098039215508e-01 4.847895525660096183e+00
2.901960784313725172e-01 6.210518151110749230e+00
2.941176470588235392e-01 5.045225223424456118e+00
2.980392156862745057e-01 7.482028138407540219e+00
3.019607843137254721e-01 6.009212424371851213e+00
3.058823529411764941e-01 4.619229706009384095e+00
3.098039215686274606e-01 4.941884583966784206e+00
3.137254901960784270e-01 6.568563024051241150e+00
3.176470588235293935e-01 6.746771706949666658e+00
3.215686274509803599e-01 4.995636919399725429e+00
3.254901960784313819e-01 8.478540381286057581e+00
3.294117647058823484e-01 7.880820245298336246e+00
3.333333333333333148e-01 6.772034876042235751e+00
3.372549019607843368e-01 8.245523245984852423e+00
3.411764705882353033e-01 6.914884879545105889e+00
3.450980392156862697e-01 5.632308957219819945e+00
3.490196078431372362e-01 4.990126888614463851e+00
3.529411764705882026e-01 6.186732593633629484e+00
3.568627450980392246e-01 7.047203096745785267e+00
3.607843137254901911e-01 7.669022758423004404e+00
3.647058823529411575e-01 8.247182287182125648e+00
3.686274509803921795e-01 7.165297865963715651e+00
3.725490196078431460e-01 5.868930062272661452e+00
3.764705882352941124e-01 8.020225829325733358e+00
3.803921568627450789e-01 6.198478917009802025e+00
3.843137254901960453e-01 7.913739340623017426e+00
3.882352941176470673e-01 6.634604805669790828e+00
3.921568627450980338e-01 7.997257758854750875e+00
3.960784313725490002e-01 6.092128420647568987e+00
4.000000000000000222e-01 6.985960277882346858e+00
4.039215686274509887e-01 4.764992630873701174e+00
4.078431372549019551e-01 8.048649326412673943e+00
4.117647058823529216e-01 7.193526319283066073e+00
4.156862745098038880e-01 7.323897326292265753e+00
4.196078431372549100e-01 6.288734513407359117e+00
4.235294117647058765e-01 7.569417516929282996e+00
4.274509803921568429e-01 8.993847093525051406e+00
4.313725490196078649e-01 9.181498901798027745e+00
4.352941176470588314e-01 9.952952143437524768e+00
4.392156862745097978e-01 8.325869544657338750e+00
4.431372549019607643e-01 5.611581594763039860e+00
4.470588235294117307e-01 5.714603962382105884e+00
4.509803921568627527e-01 4.997008806083183430e+00
4.549019607843137192e-01 6.317660010131790571e+00
4.588235294117646856e-01 7.325079295697814352e+00
4.627450980392157076e-01 8.880886002122601042e+00
4.666666666666666741e-01 8.635618689226294720e+00
4.705882352941176405e-01 5.505952566754533706e+00
4.745098039215686070e-01 5.440790015314568961e+00
4.784313725490195734e-01 6.851463826777284716e+00
4.823529411764705954e-01 4.555187762628158055e+00
4.862745098039215619e-01 9.577714731603773402e+00
4.901960784313725283e-01 7.187167513747751535e+00
4.941176470588235503e-01 6.843660018795328703e+00
4.980392156862745168e-01 7.321738467138894535e+00
5.019607843137254832e-01 5.799735030188500673e+00
5.058823529411764497e-01 6.116501012397456805e+00
5.098039215686274161e-01 5.430363860702675183e+00
5.137254901960783826e-01 7.852575725083639213e+00
5.176470588235293491e-01 8.684321934383074648e+00
5.215686274509804266e-01 6.658710286799886191e+00
5.254901960784313930e-01 5.622336351177305680e+00
5.294117647058823595e-01 6.556291375186990678e+00
5.333333333333333259e-01 5.352221249762228794e+00
5.372549019607842924e-01 4.612425474510392753e+00
5.411764705882352589e-01 6.236980588432821548e+00
5.450980392156862253e-01 5.861220638550912021e+00
5.490196078431373028e-01 5.545464513231522119e+00
5.529411764705882693e-01 4.877042479066846070e+00
5.568627450980392357e-01 3.685031335307043410e+00
5.607843137254902022e-01 5.692970449832199797e+00
5.647058823529411686e-01 4.854991543654287867e+00
5.686274509803921351e-01 6.635111518432690758e+00
5.725490196078431016e-01 5.587492472432899149e+00
5.764705882352940680e-01 5.520681291239768029e+00
5.803921568627450345e-01 6.086678867843837715e+00
5.843137254901961120e-01 7.876775948210466005e+00
5.882352941176470784e-01 5.509659367232595528e+00
5.921568627450980449e-01 4.522824640391264417e+00
5.960784313725490113e-01 5.796802964186904994e+00
5.999999999999999778e-01 5.349146413647666520e+00
6.039215686274509443e-01 6.487582773276236559e+00
6.078431372549019107e-01 5.547307795783893880e+00
6.117647058823529882e-01 6.068895964511016317e+00
6.156862745098039547e-01 6.132779179600522212e+00
6.196078431372549211e-01 6.862574929030853532e+00
6.235294117647058876e-01 4.924277731342405318e+00
6.274509803921568540e-01 3.464096808926632409e+00
6.313725490196078205e-01 5.219514797258350214e+00
6.352941176470587870e-01 3.640233039051584907e+00
6.392156862745097534e-01 3.005340477737532989e+00
6.431372549019607199e-01 6.459544181968181142e+00
6.470588235294117974e-01 7.617384402839958213e+00
6.509803921568627638e-01 7.109433815073284535e+00
6.549019607843137303e-01 6.555721920374554479e+00
6.588235294117646967e-01 2.145278928966774412e+00
6.627450980392156632e-01 3.923750960411280353e+00
6.666666666666666297e-01 3.318246841615940745e+00
6.705882352941175961e-01 5.281215668576340505e+00
6.745098039215686736e-01 5.337659545877440515e+00
6.784313725490196401e-01 6.337078486941376987e+00
6.823529411764706065e-01 4.416201555358894915e+00
6.862745098039215730e-01 5.182410634948945827e+00
6.901960784313725394e-01 4.794167743412725891e+00
6.941176470588235059e-01 4.366779814137234261e+00
6.980392156862744724e-01 2.840044804751235219e+00
7.019607843137254388e-01 5.698910598132793659e+00
7.058823529411764053e-01 4.837896333787771397e+00
7.098039215686274828e-01 6.955176436734880951e+00
7.137254901960784492e-01 6.492213248140926041e+00
7.176470588235294157e-01 4.355100784548226578e+00
7.215686274509803821e-01 3.392667434268951787e+00
7.254901960784313486e-01 2.554859038222667245e+00
7.294117647058823151e-01 2.664903506493062402e+00
7.333333333333332815e-01 5.676026491022823528e+00
7.372549019607843590e-01 5.439946407389940397e+00
7.411764705882353255e-01 5.302329215030002096e+00
7.450980392156862919e-01 5.137604917761787959e+00
7.490196078431372584e-01 4.852823181012563936e+00
7.529411764705882248e-01 2.030241989007008030e+00
7.568627450980391913e-01 3.982691876591316849e+00
7.607843137254901578e-01 5.360726222350433723e+00
7.647058823529411242e-01 4.470155724083155313e+00
7.686274509803920907e-01 4.348602695852466837e+00
7.725490196078431682e-01 3.404922178736672134e+00
7.764705882352941346e-01 2.856890709492425628e+00
7.803921568627451011e-01 3.816097756060593760e+00
7.843137254901960675e-01 2.862895747919080414e+00
7.882352941176470340e-01 3.286154942647404820e+00
7.921568627450980005e-01 3.733352886361588130e+00
7.960784313725489669e-01 2.683496925934065302e+00
8.000000000000000444e-01 2.197364844979806442e+00
8.039215686274510109e-01 4.743117453932475414e+00
8.078431372549019773e-01 2.420849000721710276e+00
8.117647058823529438e-01 4.228205509264286732e+00
8.156862745098039102e-01 4.123255131696602405e+00
8.196078431372548767e-01 2.624529880098051215e+00
8.235294117647058432e-01 3.085427949269167858e+00
8.274509803921568096e-01 2.741737588757401589e+00
8.313725490196077761e-01 3.417514441569271089e+00
8.352941176470588536e-01 3.339856514943143839e+00
8.392156862745098200e-01 4.090909737114266420e+00
8.431372549019607865e-01 3.196457907934678211e+00
8.470588235294117530e-01 4.818095379572988612e+00
8.509803921568627194e-01 3.552167019525399816e+00
8.549019607843136859e-01 6.318797152822956953e+00
8.588235294117646523e-01 3.018598118420946275e+00
8.627450980392157298e-01 2.791193734710927910e+00
8.666666666666666963e-01 2.885116858826041408e+00
8.705882352941176627e-01 3.319248609013229157e+00
8.745098039215686292e-01 4.781048880243010224e+00
8.784313725490195957e-01 4.744194532539543374e+00
8.823529411764705621e-01 4.792540956517394868e+00
8.862745098039215286e-01 4.785141123399933250e+00
8.901960784313724950e-01 3.290991895209651741e+00
8.941176470588234615e-01 3.358034810002825665e+00
8.980392156862745390e-01 2.162263123821409838e+00
9.019607843137255054e-01 2.344642809512357040e+00
9.058823529411764719e-01 4.197920248047174674e+00
9.098039215686274384e-01 5.780460463479636601e+00
9.137254901960784048e-01 5.922039131561944281e+00
9.176470588235293713e-01 6.188577954589485230e+00
9.215686274509803377e-01 3.932329542588347326e+00
9.254901960784314152e-01 4.012173411880557872e+00
9.294117647058823817e-01 2.820289653777783734e+00
9.333333333333333481e-01 2.134120195076850912e+00
9.372549019607843146e-01 2.906077209214843471e+00
9.411764705882352811e-01 3.623979665488049395e+00
9.450980392156862475e-01 3.830089518961362405e+00
9.490196078431372140e-01 5.371077487914011073e+00
9.529411764705881804e-01 5.161777835082757449e+00
9.568627450980391469e-01 6.269186418523446491e+00
9.607843137254902244e-01 4.768179918400507589e+00
9.647058823529411908e-01 4.316944455404867043e+00
9.686274509803921573e-01 4.653692339943494183e+00
9.725490196078431238e-01 4.915447211832337793e+00
9.764705882352940902e-01 4.605419145002372261e+00
9.803921568627450567e-01 7.897205250290963541e+00
9.843137254901960231e-01 5.630198630667303306e+00
9.882352941176471006e-01 7.377993750014695706e+00
9.921568627450980671e-01 4.508351618256115856e+00
9.960784313725490335e-01 4.114118001984715889e+00
1.000000000000000000e+00 4.504075727192391021e+00
