0.000000000000000000e+00 2.881856112746370879e+00
3.921568627450980338e-03 8.943553760039617551e-01
7.843137254901960675e-03 2.956693406328685825e+00
1.176470588235294101e-02 3.090874561666584697e+00
1.568627450980392135e-02 2.672445025246664940e+00
1.960784313725490169e-02 2.086063918060236944e+00
2.352941176470588203e-02 2.637427207833062948e+00
2.745098039215686236e-02 3.088995067064141509e+00
3.137254901960784270e-02 -6.194269194003028112e-01
3.529411764705882304e-02 1.983104313420827047e+00
3.921568627450980338e-02 1.296599964866389509e-01
4.313725490196078372e-02 4.547103698783945269e-01
4.705882352941176405e-02 1.164340240094685619e-02
5.098039215686274439e-02 6.466298793175506709e-02
5.490196078431372473e-02 -2.309572853604195952e-01
5.882352941176470507e-02 1.415114062997931077e+00
6.274509803921568540e-02 2.190248471201858838e+00
6.666666666666666574e-02 2.056127323768477844e+00
7.058823529411764608e-02 1.876562503692582595e+00
7.450980392156862642e-02 1.378932674558813964e+00
7.843137254901960675e-02 2.523509994608521545e+00
8.235294117647058709e-02 2.536366954241111138e+00
8.627450980392156743e-02 3.290439948581765250e+00
9.019607843137254777e-02 3.517309109335076123e+00
9.411764705882352811e-02 3.040721244790900002e+00
9.803921568627450844e-02 1.657834072005466286e+00
1.019607843137254888e-01 1.138708339596237629e+00
1.058823529411764691e-01 1.028450047220451857e+00
1.098039215686274495e-01 9.669267570361839148e-01
1.137254901960784298e-01 2.746711129481917091e+00
1.176470588235294101e-01 2.825523900188855464e-01
1.215686274509803905e-01 1.149087107753063108e+00
1.254901960784313708e-01 3.799522980458479360e+00
1.294117647058823373e-01 7.152078818740068566e-01
1.333333333333333315e-01 7.502899796463893267e-01
1.372549019607843257e-01 6.743121358878536586e-01
1.411764705882352922e-01 1.882570584540704139e+00
1.450980392156862586e-01 3.586939587053773693e+00
1.490196078431372528e-01 1.884538427567208130e+00
1.529411764705882470e-01 1.535433020238577750e+00
1.568627450980392135e-01 9.294442799157252022e-01
1.607843137254901800e-01 3.042447395523027343e+00
1.647058823529411742e-01 1.218581115764235889e+00
1.686274509803921684e-01 1.247803247637527146e+00
1.725490196078431349e-01 1.250945413886328073e+00
1.764705882352941013e-01 1.052840343472099649e+00
1.803921568627450955e-01 1.149852899313497989e+00
1.843137254901960898e-01 -3.136912265150639811e-01
1.882352941176470562e-01 1.942462581330540949e+00
1.921568627450980227e-01 7.503664722814973320e-01
1.960784313725490169e-01 5.755564447654761828e-01
2.000000000000000111e-01 1.588064091397676902e+00
2.039215686274509776e-01 5.834151139104388761e-01
2.078431372549019440e-01 1.890646504931701388e+00
2.117647058823529382e-01 1.391654947764897843e+00
2.156862745098039325e-01 2.600080665463833540e+00
2.196078431372548989e-01 3.828465220730259855e+00
2.235294117647058654e-01 2.258092119625726646e+00
2.274509803921568596e-01 1.971360731312256309e+00
2.313725490196078538e-01 1.717834782904753332e+00
2.352941176470588203e-01 1.895090636638394610e+00
2.392156862745097867e-01 2.253301469599239049e+00
2.431372549019607809e-01 1.818578656526911974e+00
2.470588235294117752e-01 1.460175721082776823e+00
2.509803921568627416e-01 2.185082988188579378e+00
2.549019607843137081e-01 1.884263373490476789e+00
2.588235294117646745e-01 2.333667836245096439e+00
2.627450980392156965e-01 4.643869495431484751e+00
2.666666666666666630e-01 2.861846773570895230e+00
2.705882352941176294e-01 1.314362259513242037e+00
2.745098039215686514e-01 4.694453085452870766e+00
2.784313725490196179e-01 3.762187956749298401e+00
2.823529411764705843e-01 2.280382122668402900e+00
2.862745098039215508e-01 2.843446373384375558e+00
2.901960784313725172e-01 3.805027504659770798e+00
2.941176470588235392e-01 3.274923462937470386e+00
2.980392156862745057e-01 3.932499665103196929e+00
3.019607843137254721e-01 4.104727391581832308e+00
3.058823529411764941e-01 4.347273483164848962e+00
3.098039215686274606e-01 3.844008344839196845e+00
3.137254901960784270e-01 2.343539562649359365e+00
3.176470588235293935e-01 2.902875048023879856e+00
3.215686274509803599e-01 2.832293442246295534e+00
3.254901960784313819e-01 9.405719297367682863e-01
3.294117647058823484e-01 4.498908364945519267e+00
3.333333333333333148e-01 3.441968952061460030e+00
3.372549019607843368e-01 5.168168644076196472e+00
3.411764705882353033e-01 4.548287122327783649e+00
3.450980392156862697e-01 4.464344499427904900e+00
3.490196078431372362e-01 6.038223213999732053e+00
3.529411764705882026e-01 5.642781004764922059e+00
3.568627450980392246e-01 4.911996632405049468e+00
3.607843137254901911e-01 5.119832155094010240e+00
3.647058823529411575e-01 5.186706596724224738e+00
3.686274509803921795e-01 4.982399678507476004e+00
3.725490196078431460e-01 6.057882944068857078e+00
3.764705882352941124e-01 5.651576993045026143e+00
3.803921568627450789e-01 4.679886792184293931e+00
3.843137254901960453e-01 5.584463307775578755e+00
3.882352941176470673e-01 5.585455750325834856e+00
3.921568627450980338e-01 4.257316590904397735e+00
3.960784313725490002e-01 6.344570845497965905e+00
4.000000000000000222e-01 5.474165514425749279e+00
4.039215686274509887e-01 5.794385271566805606e+00
4.078431372549019551e-01 5.653940688166484207e+00
4.117647058823529216e-01 6.637807949968824950e+00
4.156862745098038880e-01 5.911737681666309641e+00
4.196078431372549100e-01 6.180931972043408607e+00
4.235294117647058765e-01 7.715458608522466122e+00
4.274509803921568429e-01 7.005055896628704204e+00
4.313725490196078649e-01 7.670438458552403915e+00
4.352941176470588314e-01 8.086924594974584934e+00
4.392156862745097978e-01 7.037801376372008200e+00
4.431372549019607643e-01 7.612205140299375117e+00
4.470588235294117307e-01 4.338932267331529147e+00
4.509803921568627527e-01 5.446432170878885870e+00
4.549019607843137192e-01 7.496893087078968065e+00
4.588235294117646856e-01 7.332385960231981414e+00
4.627450980392157076e-01 6.416774154526678764e+00
4.666666666666666741e-01 5.276400536655870610e+00
4.705882352941176405e-01 6.794114428621821133e+00
4.745098039215686070e-01 4.232007406956578066e+00
4.784313725490195734e-01 5.634361884798563480e+00
4.823529411764705954e-01 6.767933093450570148e+00
4.862745098039215619e-01 7.415607069646749316e+00
4.901960784313725283e-01 7.238434983657186628e+00
4.941176470588235503e-01 8.262507821794645935e+00
4.980392156862745168e-01 7.909941702870924018e+00
5.019607843137254832e-01 8.077045513318900305e+00
5.058823529411764497e-01 8.206189535091848342e+00
5.098039215686274161e-01 9.377442962746343369e+00
5.137254901960783826e-01 7.789829128927208579e+00
5.176470588235293491e-01 7.919140752934635152e+00
5.215686274509804266e-01 7.592494952386006801e+00
5.254901960784313930e-01 7.215330353796748142e+00
5.294117647058823595e-01 7.343804089637377075e+00
5.333333333333333259e-01 6.865530828466405389e+00
5.372549019607842924e-01 5.816180473919647653e+00
5.411764705882352589e-01 6.498092891203378407e+00
5.450980392156862253e-01 5.243895092432045324e+00
5.490196078431373028e-01 6.731353732292400416e+00
5.529411764705882693e-01 5.669669971600377778e+00
5.568627450980392357e-01 8.124518465531290090e+00
5.607843137254902022e-01 8.607026441137369588e+00
5.647058823529411686e-01 5.857721748113972282e+00
5.686274509803921351e-01 7.562466191532340787e+00
5.725490196078431016e-01 7.603576802633035925e+00
5.764705882352940680e-01 9.756150827367488176e+00
5.803921568627450345e-01 7.897402490196847147e+00
5.843137254901961120e-01 1.035297498495759072e+01
5.882352941176470784e-01 9.268580800798222441e+00
5.921568627450980449e-01 1.050512479180934911e+01
5.960784313725490113e-01 9.229662193933659609e+00
5.999999999999999778e-01 9.450016277849083934e+00
6.039215686274509443e-01 9.872523101268908974e+00
6.078431372549019107e-01 9.159216924887495281e+00
6.117647058823529882e-01 9.358976935841653244e+00
6.156862745098039547e-01 6.340468374697278087e+00
6.196078431372549211e-01 8.444976429707033105e+00
6.235294117647058876e-01 7.360397231877701785e+00
6.274509803921568540e-01 5.102448895512367244e+00
6.313725490196078205e-01 6.839831609564355652e+00
6.352941176470587870e-01 7.175723052205946750e+00
6.392156862745097534e-01 6.224832860667586232e+00
6.431372549019607199e-01 9.013670801469160665e+00
6.470588235294117974e-01 8.464319229758354268e+00
6.509803921568627638e-01 1.002063578276018951e+01
6.549019607843137303e-01 7.436328483766488695e+00
6.588235294117646967e-01 9.421799032121032980e+00
6.627450980392156632e-01 7.743397067677991963e+00
6.666666666666666297e-01 9.200715197887273433e+00
6.705882352941175961e-01 9.072369222939428823e+00
6.745098039215686736e-01 9.388117630323268514e+00
6.784313725490196401e-01 8.149671219075599993e+00
6.823529411764706065e-01 8.542933252986738779e+00
6.862745098039215730e-01 7.218289707925863219e+00
6.901960784313725394e-01 7.565588545105617513e+00
6.941176470588235059e-01 9.250322311800649899e+00
6.980392156862744724e-01 9.763917093624883137e+00
7.019607843137254388e-01 8.581108705161097916e+00
7.058823529411764053e-01 7.383884418725894960e+00
7.098039215686274828e-01 6.196706944126313843e+00
7.137254901960784492e-01 7.542639933976812650e+00
7.176470588235294157e-01 6.535941473426682968e+00
7.215686274509803821e-01 8.418266528224330969e+00
7.254901960784313486e-01 7.606867187026744581e+00
7.294117647058823151e-01 7.347017969597575693e+00
7.333333333333332815e-01 8.757767907065444390e+00
7.372549019607843590e-01 9.039592716161816810e+00
7.411764705882353255e-01 9.623802316266623080e+00
7.450980392156862919e-01 1.095341547096452395e+01
7.490196078431372584e-01 9.560437529578846849e+00
7.529411764705882248e-01 1.129783842381571013e+01
7.568627450980391913e-01 1.018078293781421628e+01
7.607843137254901578e-01 1.101055239304327671e+01
7.647058823529411242e-01 9.146552492747357377e+00
7.686274509803920907e-01 1.024667977556815224e+01
7.725490196078431682e-01 1.014842407777677380e+01
7.764705882352941346e-01 8.935046583345156890e+00
7.803921568627451011e-01 8.449171164383219690e+00
7.843137254901960675e-01 8.183071878335253402e+00
7.882352941176470340e-01 1.010828467220171589e+01
7.921568627450980005e-01 9.030104138456477969e+00
7.960784313725489669e-01 7.322798118379633792e+00
8.000000000000000444e-01 6.452731068334257358e+00
8.039215686274510109e-01 8.529393588680330041e+00
8.078431372549019773e-01 8.737701168616666791e+00
8.117647058823529438e-01 9.692325395259754117e+00
8.156862745098039102e-01 7.074791955358621820e+00
8.196078431372548767e-01 9.739567952255235639e+00
8.235294117647058432e-01 1.025031253413062515e+01
8.274509803921568096e-01 8.943843519041807966e+00
8.313725490196077761e-01 1.019038455341407001e+01
8.352941176470588536e-01 9.985088757754136068e+00
8.392156862745098200e-01 1.003582903612423216e+01
8.431372549019607865e-01 8.994819558783571978e+00
8.470588235294117530e-01 7.308466652149650855e+00
8.509803921568627194e-01 7.196670283303960858e+00
8.549019607843136859e-01 6.764393174397028474e+00
8.588235294117646523e-01 7.146084931421174957e+00
8.627450980392157298e-01 6.769209553588313000e+00
8.666666666666666963e-01 8.430460431527114551e+00
8.705882352941176627e-01 7.526212671457287229e+00
8.745098039215686292e-01 6.163879575499437991e+00
8.784313725490195957e-01 7.008710677762449492e+00
8.823529411764705621e-01 8.927430935165622472e+00
8.862745098039215286e-01 8.510988056552125869e+00
8.901960784313724950e-01 8.761351413198051219e+00
8.941176470588234615e-01 9.192432334553098272e+00
8.980392156862745390e-01 6.356659386022744940e+00
9.019607843137255054e-01 8.668472676588621084e+00
9.058823529411764719e-01 8.651151257903091363e+00
9.098039215686274384e-01 8.307710615810600885e+00
9.137254901960784048e-01 7.951307883316679259e+00
9.176470588235293713e-01 7.077973561202689723e+00
9.215686274509803377e-01 7.816586666305751052e+00
9.254901960784314152e-01 7.460062870613203501e+00
9.294117647058823817e-01 8.827755995032353198e+00
9.333333333333333481e-01 8.640134219631251611e+00
9.372549019607843146e-01 9.229292129471438955e+00
9.411764705882352811e-01 7.173413016470073345e+00
9.450980392156862475e-01 8.158533105507096650e+00
9.490196078431372140e-01 7.494173619968777622e+00
9.529411764705881804e-01 8.373158621013494951e+00
9.568627450980391469e-01 6.517206457529716168e+00
9.607843137254902244e-01 8.670919273739368549e+00
9.647058823529411908e-01 8.852125214220267324e+00
9.686274509803921573e-01 8.088587220872099692e+00
9.725490196078431238e-01 7.412677774968460476e+00
9.764705882352940902e-01 8.006383100603262193e+00
9.803921568627450567e-01 8.551309370058360670e+00
9.843137254901960231e-01 9.387396724910576751e+00
9.882352941176471006e-01 8.292810682791335708e+00
9.921568627450980671e-01 7.975667551142411327e+00
9.960784313725490335e-01 7.732568922093506991e+00
1.000000000000000000e+00 8.532558261020655621e+00
