0.000000000000000000e+00 7.849381736997479209e+00
3.921568627450980338e-03 7.140231903193464902e+00
7.843137254901960675e-03 9.483843478840697117e+00
1.176470588235294101e-02 8.239452678712117617e+00
1.568627450980392135e-02 7.915009204752114336e+00
1.960784313725490169e-02 9.865679191826643546e+00
2.352941176470588203e-02 9.422549974184917687e+00
2.745098039215686236e-02 9.423337370277302227e+00
3.137254901960784270e-02 9.982219648095620457e+00
3.529411764705882304e-02 9.259051679180489103e+00
3.921568627450980338e-02 9.919580655716080386e+00
4.313725490196078372e-02 8.276032406579158618e+00
4.705882352941176405e-02 9.461441156113295392e+00
5.098039215686274439e-02 9.951355013971898700e+00
5.490196078431372473e-02 8.778295800920353997e+00
5.882352941176470507e-02 8.740709947586742246e+00
6.274509803921568540e-02 8.792757493114946143e+00
6.666666666666666574e-02 8.049308327630841475e+00
7.058823529411764608e-02 7.167564394279363427e+00
7.450980392156862642e-02 9.055868110818188654e+00
7.843137254901960675e-02 9.724223788326002094e+00
8.235294117647058709e-02 9.686353500377881787e+00
8.627450980392156743e-02 8.452034873632971568e+00
9.019607843137254777e-02 8.765843348235884847e+00
9.411764705882352811e-02 8.484334814354474119e+00
9.803921568627450844e-02 1.038224461255413011e+01
1.019607843137254888e-01 1.064144642857155709e+01
1.058823529411764691e-01 8.220745892449830450e+00
1.098039215686274495e-01 8.499356262867042489e+00
1.137254901960784298e-01 8.904986284525254092e+00
1.176470588235294101e-01 8.570443408340832292e+00
1.215686274509803905e-01 9.939496302513662229e+00
1.254901960784313708e-01 9.073403872930949632e+00
1.294117647058823373e-01 8.876182687459088783e+00
1.333333333333333315e-01 1.122093498716549220e+01
1.372549019607843257e-01 1.183298840132345653e+01
1.411764705882352922e-01 1.132722535998009761e+01
1.450980392156862586e-01 1.221977723638224411e+01
1.490196078431372528e-01 1.005748835536426000e+01
1.529411764705882470e-01 1.038629879995915140e+01
1.568627450980392135e-01 1.064925546734470885e+01
1.607843137254901800e-01 9.854734314982131593e+00
1.647058823529411742e-01 1.043107736883911940e+01
1.686274509803921684e-01 9.065035790034290386e+00
1.725490196078431349e-01 9.535064991119046596e+00
1.764705882352941013e-01 8.691239731490385978e+00
1.803921568627450955e-01 8.869495006180612151e+00
1.843137254901960898e-01 8.598294463303076895e+00
1.882352941176470562e-01 1.084288580033376093e+01
1.921568627450980227e-01 9.706624820589365044e+00
1.960784313725490169e-01 1.220782128027333258e+01
2.000000000000000111e-01 1.039910169656860006e+01
2.039215686274509776e-01 8.583732762664698868e+00
2.078431372549019440e-01 8.487711504786229710e+00
2.117647058823529382e-01 1.027958862479369273e+01
2.156862745098039325e-01 9.314423592388243023e+00
2.196078431372548989e-01 8.075585179115506662e+00
2.235294117647058654e-01 8.919063885180646523e+00
2.274509803921568596e-01 9.516841726298691739e+00
2.313725490196078538e-01 1.115281423964687590e+01
2.352941176470588203e-01 7.245661238321728703e+00
2.392156862745097867e-01 1.014823346648623037e+01
2.431372549019607809e-01 9.776500095394384360e+00
2.470588235294117752e-01 7.884349442886427362e+00
2.509803921568627416e-01 9.770059854754745032e+00
2.549019607843137081e-01 9.183907814219994137e+00
2.588235294117646745e-01 8.103842735766276562e+00
2.627450980392156965e-01 1.033159866336425381e+01
2.666666666666666630e-01 8.622602143268286667e+00
2.705882352941176294e-01 9.651073309045274939e+00
2.745098039215686514e-01 8.101150919270539319e+00
2.784313725490196179e-01 8.405487823582529217e+00
2.823529411764705843e-01 1.068306849153955440e+01
2.862745098039215508e-01 8.613283206541797909e+00
2.901960784313725172e-01 9.829775758974449218e+00
2.941176470588235392e-01 7.460463501726506408e+00
2.980392156862745057e-01 6.041893650129642523e+00
3.019607843137254721e-01 8.575751281026805728e+00
3.058823529411764941e-01 8.758364658575134243e+00
3.098039215686274606e-01 8.938112658528721610e+00
3.137254901960784270e-01 8.133536417840504740e+00
3.176470588235293935e-01 9.533380398083698637e+00
3.215686274509803599e-01 9.068912429783608786e+00
3.254901960784313819e-01 9.984263739597583509e+00
3.294117647058823484e-01 1.041662988541620649e+01
3.333333333333333148e-01 7.813217099794144360e+00
3.372549019607843368e-01 8.666992252411173325e+00
3.411764705882353033e-01 9.164609962847714897e+00
3.450980392156862697e-01 8.764517232188431706e+00
3.490196078431372362e-01 8.211131542251891346e+00
3.529411764705882026e-01 8.560985800561386583e+00
3.568627450980392246e-01 9.840206081405550975e+00
3.607843137254901911e-01 8.154152212846506487e+00
3.647058823529411575e-01 7.886309450356215223e+00
3.686274509803921795e-01 8.038019901448990367e+00
3.725490196078431460e-01 1.077204561744327016e+01
3.764705882352941124e-01 8.623778142836014737e+00
3.803921568627450789e-01 7.498153247468134275e+00
3.843137254901960453e-01 6.725743044699136419e+00
3.882352941176470673e-01 8.339394190842105203e+00
3.921568627450980338e-01 7.833306032890001269e+00
3.960784313725490002e-01 7.682087910798628627e+00
4.000000000000000222e-01 1.209351701585182504e+01
4.039215686274509887e-01 9.602077091611715076e+00
4.078431372549019551e-01 8.489472480899365792e+00
4.117647058823529216e-01 9.198496207413493053e+00
4.156862745098038880e-01 8.763755455118486637e+00
4.196078431372549100e-01 8.834778058588996785e+00
4.235294117647058765e-01 7.213775826465786523e+00
4.274509803921568429e-01 7.499104233589188873e+00
4.313725490196078649e-01 7.451720454693149698e+00
4.352941176470588314e-01 7.361193175882703166e+00
4.392156862745097978e-01 7.410710499382359373e+00
4.431372549019607643e-01 8.186927657204412512e+00
4.470588235294117307e-01 9.897788254699346311e+00
4.509803921568627527e-01 9.067364698953163327e+00
4.549019607843137192e-01 6.951555194599546184e+00
4.588235294117646856e-01 8.775906977667837339e+00
4.627450980392157076e-01 7.333231194383159846e+00
4.666666666666666741e-01 7.839969718674484334e+00
4.705882352941176405e-01 8.522649311848851994e+00
4.745098039215686070e-01 9.487324804964366365e+00
4.784313725490195734e-01 8.143364398034041329e+00
4.823529411764705954e-01 1.010099343745485001e+01
4.862745098039215619e-01 9.450219258038201176e+00
4.901960784313725283e-01 7.402801806258797690e+00
4.941176470588235503e-01 8.972821256682516733e+00
4.980392156862745168e-01 9.972254490856595766e+00
5.019607843137254832e-01 8.464290971976417666e+00
5.058823529411764497e-01 8.427215308200938892e+00
5.098039215686274161e-01 8.049135011675700113e+00
5.137254901960783826e-01 6.334326670902746592e+00
5.176470588235293491e-01 1.034823653212445826e+01
5.215686274509804266e-01 8.763418348449851791e+00
5.254901960784313930e-01 7.359214988820889758e+00
5.294117647058823595e-01 6.673498942019793212e+00
5.333333333333333259e-01 7.176339389967655080e+00
5.372549019607842924e-01 6.716802328120385468e+00
5.411764705882352589e-01 7.482044223602417610e+00
5.450980392156862253e-01 8.842801128744110173e+00
5.490196078431373028e-01 7.940561785851069310e+00
5.529411764705882693e-01 5.724342872057716747e+00
5.568627450980392357e-01 7.159296682740668771e+00
5.607843137254902022e-01 7.556785782014975972e+00
5.647058823529411686e-01 8.640102321939206576e+00
5.686274509803921351e-01 6.131303624374476513e+00
5.725490196078431016e-01 8.089858373562186955e+00
5.764705882352940680e-01 6.554454849862128896e+00
5.803921568627450345e-01 7.411269877407045570e+00
5.843137254901961120e-01 5.632577676185350768e+00
5.882352941176470784e-01 5.326186462745711836e+00
5.921568627450980449e-01 7.177239006401331167e+00
5.960784313725490113e-01 5.434159263741060286e+00
5.999999999999999778e-01 4.614641416679521768e+00
6.039215686274509443e-01 4.882371576678018243e+00
6.078431372549019107e-01 5.876767328975610383e+00
6.117647058823529882e-01 6.422722106641825413e+00
6.156862745098039547e-01 6.820143961940936528e+00
6.196078431372549211e-01 5.734701666672155973e+00
6.235294117647058876e-01 6.738046452977097367e+00
6.274509803921568540e-01 7.116772050623158208e+00
6.313725490196078205e-01 6.742426947676334770e+00
6.352941176470587870e-01 6.127759600084766056e+00
6.392156862745097534e-01 8.480954850784319987e+00
6.431372549019607199e-01 5.916558603212843437e+00
6.470588235294117974e-01 3.739683037499731189e+00
6.509803921568627638e-01 6.860735917342085877e+00
6.549019607843137303e-01 6.402154678581163161e+00
6.588235294117646967e-01 4.425321658737105146e+00
6.627450980392156632e-01 7.521033900712589038e+00
6.666666666666666297e-01 6.323406405908835737e+00
6.705882352941175961e-01 5.192905054495079220e+00
6.745098039215686736e-01 5.818701299488921563e+00
6.784313725490196401e-01 4.712056733197405478e+00
6.823529411764706065e-01 6.102346080657565786e+00
6.862745098039215730e-01 5.829710703058251120e+00
6.901960784313725394e-01 6.096407618660011352e+00
6.941176470588235059e-01 3.817161800251699599e+00
6.980392156862744724e-01 4.477959415198858650e+00
7.019607843137254388e-01 4.085058284458773947e+00
7.058823529411764053e-01 5.103025900335773635e+00
7.098039215686274828e-01 5.031119088617312052e+00
7.137254901960784492e-01 5.201838149355388907e+00
7.176470588235294157e-01 3.725908069254044719e+00
7.215686274509803821e-01 5.251736741440658385e+00
7.254901960784313486e-01 5.582537043263442911e+00
7.294117647058823151e-01 4.615241086678576465e+00
7.333333333333332815e-01 3.710249294207029980e+00
7.372549019607843590e-01 4.685522147262755510e+00
7.411764705882353255e-01 6.067035522703580597e+00
7.450980392156862919e-01 6.214350918570795024e+00
7.490196078431372584e-01 6.338716096300943903e+00
7.529411764705882248e-01 5.352642981130766309e+00
7.568627450980391913e-01 6.017030165307707179e+00
7.607843137254901578e-01 5.590197726661449096e+00
7.647058823529411242e-01 6.983629735263763294e+00
7.686274509803920907e-01 3.800863951508162586e+00
7.725490196078431682e-01 4.660733757314415193e+00
7.764705882352941346e-01 6.625553456045502720e+00
7.803921568627451011e-01 6.463010613489962530e+00
7.843137254901960675e-01 5.296502325711168524e+00
7.882352941176470340e-01 6.041797306046075455e+00
7.921568627450980005e-01 5.645559688065111104e+00
7.960784313725489669e-01 5.938400557559885051e+00
8.000000000000000444e-01 3.896551521701663745e+00
8.039215686274510109e-01 6.788509912023497961e+00
8.078431372549019773e-01 6.939143463113533805e+00
8.117647058823529438e-01 5.534906437651594402e+00
8.156862745098039102e-01 6.436349984486320785e+00
8.196078431372548767e-01 4.326057019520743729e+00
8.235294117647058432e-01 5.495267115067091979e+00
8.274509803921568096e-01 5.610381339145430246e+00
8.313725490196077761e-01 7.017119193333224203e+00
8.352941176470588536e-01 7.250987176065002870e+00
8.392156862745098200e-01 5.758837531258335751e+00
8.431372549019607865e-01 6.042980444748475399e+00
8.470588235294117530e-01 2.978559255597288402e+00
8.509803921568627194e-01 7.526380305462858189e+00
8.549019607843136859e-01 7.993472676205882976e+00
8.588235294117646523e-01 5.831898964231349680e+00
8.627450980392157298e-01 5.538829065797471252e+00
8.666666666666666963e-01 6.132226650945305835e+00
8.705882352941176627e-01 6.516141042500048108e+00
8.745098039215686292e-01 5.176505979743224906e+00
8.784313725490195957e-01 6.369114458636225606e+00
8.823529411764705621e-01 6.499172725138876672e+00
8.862745098039215286e-01 6.764135358932591657e+00
8.901960784313724950e-01 8.119195243889583580e+00
8.941176470588234615e-01 5.811396481877388887e+00
8.980392156862745390e-01 4.676359686590469522e+00
9.019607843137255054e-01 6.019001032002041285e+00
9.058823529411764719e-01 3.410447888682750950e+00
9.098039215686274384e-01 5.349662510021622630e+00
9.137254901960784048e-01 4.319300665768266434e+00
9.176470588235293713e-01 4.072874073587216870e+00
9.215686274509803377e-01 5.168266199153114471e+00
9.254901960784314152e-01 7.344179731567079372e+00
9.294117647058823817e-01 6.840216969245290990e+00
9.333333333333333481e-01 6.585228650885536439e+00
9.372549019607843146e-01 5.792983384638031197e+00
9.411764705882352811e-01 4.651566514402030172e+00
9.450980392156862475e-01 5.331369315889248561e+00
9.490196078431372140e-01 6.043093478534245833e+00
9.529411764705881804e-01 6.243837750201665315e+00
9.568627450980391469e-01 5.058281885418884016e+00
9.607843137254902244e-01 6.022847603076019851e+00
9.647058823529411908e-01 6.257604652283591307e+00
9.686274509803921573e-01 5.125360812924738774e+00
9.725490196078431238e-01 5.543925632916051782e+00
9.764705882352940902e-01 5.452796696847735269e+00
9.803921568627450567e-01 6.021413791099348600e+00
9.843137254901960231e-01 4.541329181021538375e+00
9.882352941176471006e-01 5.450067524841178290e+00
9.921568627450980671e-01 6.707515991813443712e+00
9.960784313725490335e-01 6.037469272203167314e+00
1.000000000000000000e+00 3.486020236292766583e+00
