0.000000000000000000e+00 8.764459865694851359e+00
3.921568627450980338e-03 6.766931870583523079e+00
7.843137254901960675e-03 8.126130881626256297e+00
1.176470588235294101e-02 9.873055368356414618e+00
1.568627450980392135e-02 9.359826617942967886e+00
1.960784313725490169e-02 8.516490607248403677e+00
2.352941176470588203e-02 9.394413197784709624e+00
2.745098039215686236e-02 1.016966463393808162e+01
3.137254901960784270e-02 8.717867852519889382e+00
3.529411764705882304e-02 8.737562450184947593e+00
3.921568627450980338e-02 8.369996567355402206e+00
4.313725490196078372e-02 8.212257701370658580e+00
4.705882352941176405e-02 7.746258781779859603e+00
5.098039215686274439e-02 7.308248764038837386e+00
5.490196078431372473e-02 8.960426505697499877e+00
5.882352941176470507e-02 8.106749486811203553e+00
6.274509803921568540e-02 7.878344023999626522e+00
6.666666666666666574e-02 9.716274660643964722e+00
7.058823529411764608e-02 9.454430487399809735e+00
7.450980392156862642e-02 1.066230568073504870e+01
7.843137254901960675e-02 1.019772779066383528e+01
8.235294117647058709e-02 9.965050349555303555e+00
8.627450980392156743e-02 7.437771515650902998e+00
9.019607843137254777e-02 9.785467671037391568e+00
9.411764705882352811e-02 9.137748895229272250e+00
9.803921568627450844e-02 6.914159974403544240e+00
1.019607843137254888e-01 8.729740802229267516e+00
1.058823529411764691e-01 8.509313323202059465e+00
1.098039215686274495e-01 7.307078167066586083e+00
1.137254901960784298e-01 9.009404013334698647e+00
1.176470588235294101e-01 8.548783505326538190e+00
1.215686274509803905e-01 1.041997697015210811e+01
1.254901960784313708e-01 9.789895286149238984e+00
1.294117647058823373e-01 8.564002910687428027e+00
1.333333333333333315e-01 9.926521816140260412e+00
1.372549019607843257e-01 8.904087885682749004e+00
1.411764705882352922e-01 8.692493027271067874e+00
1.450980392156862586e-01 7.421883957937406961e+00
1.490196078431372528e-01 7.512152053617268344e+00
1.529411764705882470e-01 7.874513926694926447e+00
1.568627450980392135e-01 7.333371127533557576e+00
1.607843137254901800e-01 9.402249869601277510e+00
1.647058823529411742e-01 6.837522463299261943e+00
1.686274509803921684e-01 8.620476964074171633e+00
1.725490196078431349e-01 8.971870213066521771e+00
1.764705882352941013e-01 8.776307278829225567e+00
1.803921568627450955e-01 9.140304092180588924e+00
1.843137254901960898e-01 7.522909902178771091e+00
1.882352941176470562e-01 6.236172053202919230e+00
1.921568627450980227e-01 7.974607956167197642e+00
1.960784313725490169e-01 1.010632679628158037e+01
2.000000000000000111e-01 7.346719604357923927e+00
2.039215686274509776e-01 5.623242336849841649e+00
2.078431372549019440e-01 8.304675856025561131e+00
2.117647058823529382e-01 8.447905494648438207e+00
2.156862745098039325e-01 6.918369646466510758e+00
2.196078431372548989e-01 4.192142868188832416e+00
2.235294117647058654e-01 8.422095694844978553e+00
2.274509803921568596e-01 7.912525150394538187e+00
2.313725490196078538e-01 7.912312316677947877e+00
2.352941176470588203e-01 8.958226420087395780e+00
2.392156862745097867e-01 7.573076319303424064e+00
2.431372549019607809e-01 5.448767718397469650e+00
2.470588235294117752e-01 9.020319728135307358e+00
2.509803921568627416e-01 5.959458937958727276e+00
2.549019607843137081e-01 8.253261354106790293e+00
2.588235294117646745e-01 6.490146162903620564e+00
2.627450980392156965e-01 6.376140386845303709e+00
2.666666666666666630e-01 9.261963139908283793e+00
2.705882352941176294e-01 7.933053904288400737e+00
2.745098039215686514e-01 7.857783223500909742e+00
2.784313725490196179e-01 9.326975115541802808e+00
2.823529411764705843e-01 1.068450975686282689e+01
2.862745098039215508e-01 1.034530619010919850e+01
2.901960784313725172e-01 1.048601705441770626e+01
2.941176470588235392e-01 9.331230978560299150e+00
2.980392156862745057e-01 8.575582393079898225e+00
3.019607843137254721e-01 8.901171322258264240e+00
3.058823529411764941e-01 8.209198096473647510e+00
3.098039215686274606e-01 7.661581722515497184e+00
3.137254901960784270e-01 8.512705911151158489e+00
3.176470588235293935e-01 8.071724049168860660e+00
3.215686274509803599e-01 9.298246167899348436e+00
3.254901960784313819e-01 7.791667236345758418e+00
3.294117647058823484e-01 1.176048726690287438e+01
3.333333333333333148e-01 8.619257479547863809e+00
3.372549019607843368e-01 8.927910297125187356e+00
3.411764705882353033e-01 6.988608159574427603e+00
3.450980392156862697e-01 8.415405440563146655e+00
3.490196078431372362e-01 6.800628844875469703e+00
3.529411764705882026e-01 1.057274773532272860e+01
3.568627450980392246e-01 1.043877117994319903e+01
3.607843137254901911e-01 9.698947445729610095e+00
3.647058823529411575e-01 9.032403363019675169e+00
3.686274509803921795e-01 8.237871184690215287e+00
3.725490196078431460e-01 9.005380885384568046e+00
3.764705882352941124e-01 9.322530175950637599e+00
3.803921568627450789e-01 7.615765429459663949e+00
3.843137254901960453e-01 6.975952900598144879e+00
3.882352941176470673e-01 6.350627124372196342e+00
3.921568627450980338e-01 7.142357121535598097e+00
3.960784313725490002e-01 6.831266126808658079e+00
4.000000000000000222e-01 8.567330813348775109e+00
4.039215686274509887e-01 8.125605098220649580e+00
4.078431372549019551e-01 9.811169665935615569e+00
4.117647058823529216e-01 8.942217380849138308e+00
4.156862745098038880e-01 1.046922838510170628e+01
4.196078431372549100e-01 8.514531550069607491e+00
4.235294117647058765e-01 5.457785781851695717e+00
4.274509803921568429e-01 8.264117057735937522e+00
4.313725490196078649e-01 3.583082302729678315e+00
4.352941176470588314e-01 5.888342667099929706e+00
4.392156862745097978e-01 7.251347435853560341e+00
4.431372549019607643e-01 7.360302303750918540e+00
4.470588235294117307e-01 6.850279094129528623e+00
4.509803921568627527e-01 7.357567759683373509e+00
4.549019607843137192e-01 8.665790693520099452e+00
4.588235294117646856e-01 6.729556096793555042e+00
4.627450980392157076e-01 6.793037552656624456e+00
4.666666666666666741e-01 8.247003276174517339e+00
4.705882352941176405e-01 6.833653363277376158e+00
4.745098039215686070e-01 6.533292159582975600e+00
4.784313725490195734e-01 3.514264548921024023e+00
4.823529411764705954e-01 5.146812202600821173e+00
4.862745098039215619e-01 6.017993655441912004e+00
4.901960784313725283e-01 4.520807198680611982e+00
4.941176470588235503e-01 7.048991101423215611e+00
4.980392156862745168e-01 7.500583308972631258e+00
5.019607843137254832e-01 8.256806426828424250e+00
5.058823529411764497e-01 7.886389964246509621e+00
5.098039215686274161e-01 7.399299809117704463e+00
5.137254901960783826e-01 7.539199786268825143e+00
5.176470588235293491e-01 6.483134259505424879e+00
5.215686274509804266e-01 4.508377300130360865e+00
5.254901960784313930e-01 6.648007467776708701e+00
5.294117647058823595e-01 4.317627986675407925e+00
5.333333333333333259e-01 6.185300737039884034e+00
5.372549019607842924e-01 5.302991948254161869e+00
5.411764705882352589e-01 6.169691902080280954e+00
5.450980392156862253e-01 9.735350139998551811e+00
5.490196078431373028e-01 9.991068677066062165e+00
5.529411764705882693e-01 8.270864533812712693e+00
5.568627450980392357e-01 8.067266208030343222e+00
5.607843137254902022e-01 6.821580133778661903e+00
5.647058823529411686e-01 5.783611519707010373e+00
5.686274509803921351e-01 6.837795706570328313e+00
5.725490196078431016e-01 5.062039370962181373e+00
5.764705882352940680e-01 4.286254792190373308e+00
5.803921568627450345e-01 5.657610327662180083e+00
5.843137254901961120e-01 7.114577972444863008e+00
5.882352941176470784e-01 6.027072384148427275e+00
5.921568627450980449e-01 7.816068043573944912e+00
5.960784313725490113e-01 7.710760639751431889e+00
5.999999999999999778e-01 8.600885423945332064e+00
6.039215686274509443e-01 5.310573699406686110e+00
6.078431372549019107e-01 6.636538241705449259e+00
6.117647058823529882e-01 5.362462413107828674e+00
6.156862745098039547e-01 4.574241854795074502e+00
6.196078431372549211e-01 5.278281881075864490e+00
6.235294117647058876e-01 5.264947652206451778e+00
6.274509803921568540e-01 7.797423668432634791e+00
6.313725490196078205e-01 5.790619645764413903e+00
6.352941176470587870e-01 9.097030260233561094e+00
6.392156862745097534e-01 9.260310015685462304e+00
6.431372549019607199e-01 9.689171875734819750e+00
6.470588235294117974e-01 8.363605667994471915e+00
6.509803921568627638e-01 5.986880460607911125e+00
6.549019607843137303e-01 6.440924438225597015e+00
6.588235294117646967e-01 3.902369585243235406e+00
6.627450980392156632e-01 4.436138846526961999e+00
6.666666666666666297e-01 5.643987464253036990e+00
6.705882352941175961e-01 6.062608210180334467e+00
6.745098039215686736e-01 6.458357923642919829e+00
6.784313725490196401e-01 7.111992006981473047e+00
6.823529411764706065e-01 7.863597814526252172e+00
6.862745098039215730e-01 8.845103786868000029e+00
6.901960784313725394e-01 8.370594079282042799e+00
6.941176470588235059e-01 9.524857980515371025e+00
6.980392156862744724e-01 9.556153260397074689e+00
7.019607843137254388e-01 5.882167514731668767e+00
7.058823529411764053e-01 4.422038235070091972e+00
7.098039215686274828e-01 3.953806555024070857e+00
7.137254901960784492e-01 6.287308126559712385e+00
7.176470588235294157e-01 5.147682040166516870e+00
7.215686274509803821e-01 7.163424337640935669e+00
7.254901960784313486e-01 7.944835557850374208e+00
7.294117647058823151e-01 7.235185882488838871e+00
7.333333333333332815e-01 7.727660974323194765e+00
7.372549019607843590e-01 7.114210939343656115e+00
7.411764705882353255e-01 7.091361540515606521e+00
7.450980392156862919e-01 8.347659033694712960e+00
7.490196078431372584e-01 6.929108740720558934e+00
7.529411764705882248e-01 3.546243072734756474e+00
7.568627450980391913e-01 6.805988540010925902e+00
7.607843137254901578e-01 4.839258683080775114e+00
7.647058823529411242e-01 5.637155986794124551e+00
7.686274509803920907e-01 7.539874334219009100e+00
7.725490196078431682e-01 6.380989932097040018e+00
7.764705882352941346e-01 7.263949931481520572e+00
7.803921568627451011e-01 8.097112640678671980e+00
7.843137254901960675e-01 6.092430446251041687e+00
7.882352941176470340e-01 6.274741318024078751e+00
7.921568627450980005e-01 6.193865522264797363e+00
7.960784313725489669e-01 5.733376883058276086e+00
8.000000000000000444e-01 6.033612158183537133e+00
8.039215686274510109e-01 4.127583717218267445e+00
8.078431372549019773e-01 6.993724072534415193e+00
8.117647058823529438e-01 7.437903091753298668e+00
8.156862745098039102e-01 8.433560353542606691e+00
8.196078431372548767e-01 6.879640796174775197e+00
8.235294117647058432e-01 6.132410760769738012e+00
8.274509803921568096e-01 7.422232825193534111e+00
8.313725490196077761e-01 7.995999529687616736e+00
8.352941176470588536e-01 5.219006583516156539e+00
8.392156862745098200e-01 4.899447187705401774e+00
8.431372549019607865e-01 6.062572546212499525e+00
8.470588235294117530e-01 7.335644100718777594e+00
8.509803921568627194e-01 6.417998809351125544e+00
8.549019607843136859e-01 5.357200168022483666e+00
8.588235294117646523e-01 7.799421902205739165e+00
8.627450980392157298e-01 6.674448693469505756e+00
8.666666666666666963e-01 5.494113366888605299e+00
8.705882352941176627e-01 6.623260408773058217e+00
8.745098039215686292e-01 5.187281340826311649e+00
8.784313725490195957e-01 6.515664499582559444e+00
8.823529411764705621e-01 5.596508821531012146e+00
8.862745098039215286e-01 5.822348370426185582e+00
8.901960784313724950e-01 5.755192936994060204e+00
8.941176470588234615e-01 5.115367880984930338e+00
8.980392156862745390e-01 5.258669675740276439e+00
9.019607843137255054e-01 4.661159858658669108e+00
9.058823529411764719e-01 4.384883487153684811e+00
9.098039215686274384e-01 5.301375492159093206e+00
9.137254901960784048e-01 6.924670720762621023e+00
9.176470588235293713e-01 4.461308380185770694e+00
9.215686274509803377e-01 6.241168282876436990e+00
9.254901960784314152e-01 6.178707841927815636e+00
9.294117647058823817e-01 5.345638058505787882e+00
9.333333333333333481e-01 4.716672148420244071e+00
9.372549019607843146e-01 3.409096380513864766e+00
9.411764705882352811e-01 4.559907808566388887e+00
9.450980392156862475e-01 5.248264499708339414e+00
9.490196078431372140e-01 6.070530441166823721e+00
9.529411764705881804e-01 6.294217850185496843e+00
9.568627450980391469e-01 8.268008286636927551e+00
9.607843137254902244e-01 5.398954949445153417e+00
9.647058823529411908e-01 6.364666209761306703e+00
9.686274509803921573e-01 5.538101513451607616e+00
9.725490196078431238e-01 3.612758965819335089e+00
9.764705882352940902e-01 4.983702822869220839e+00
9.803921568627450567e-01 3.030102590257069295e+00
9.843137254901960231e-01 4.601920997299258076e+00
9.882352941176471006e-01 2.663702831917025726e+00
9.921568627450980671e-01 3.954733148814157939e+00
9.960784313725490335e-01 4.249391002719740129e+00
1.000000000000000000e+00 6.020636077750863180e+00
