0.000000000000000000e+00 2.573101163730537877e+00
3.921568627450980338e-03 5.077161016393691106e+00
7.843137254901960675e-03 2.780224577894568228e+00
1.176470588235294101e-02 5.094381085726711333e+00
1.568627450980392135e-02 6.469542592463453090e+00
1.960784313725490169e-02 5.685226586225224921e+00
2.352941176470588203e-02 3.661109386852456904e+00
2.745098039215686236e-02 6.010388557342570159e+00
3.137254901960784270e-02 4.460250977588346544e+00
3.529411764705882304e-02 6.420786684269730316e+00
3.921568627450980338e-02 3.307326733072215141e+00
4.313725490196078372e-02 6.160189479761905673e+00
4.705882352941176405e-02 6.598422993433903372e+00
5.098039215686274439e-02 2.288484709904733183e+00
5.490196078431372473e-02 3.573730756220389715e+00
5.882352941176470507e-02 2.718138763163431282e+00
6.274509803921568540e-02 4.941871044462846640e+00
6.666666666666666574e-02 4.593301890661150466e+00
7.058823529411764608e-02 4.100245317780704113e+00
7.450980392156862642e-02 5.275230438995200721e+00
7.843137254901960675e-02 4.653422087298724641e+00
8.235294117647058709e-02 4.256570299505126442e+00
8.627450980392156743e-02 3.602690100857608435e+00
9.019607843137254777e-02 3.173203002255992278e+00
9.411764705882352811e-02 3.484628197633446334e+00
9.803921568627450844e-02 4.504556695530038013e+00
1.019607843137254888e-01 4.076192208108791348e+00
1.058823529411764691e-01 2.474255920372290696e+00
1.098039215686274495e-01 3.914290407409168004e+00
1.137254901960784298e-01 3.593342906618390398e+00
1.176470588235294101e-01 2.808448345020739811e+00
1.215686274509803905e-01 4.112054096791766256e+00
1.254901960784313708e-01 4.220801890668800738e+00
1.294117647058823373e-01 4.741619783747808015e+00
1.333333333333333315e-01 2.851742749962404400e+00
1.372549019607843257e-01 3.684624025572560413e+00
1.411764705882352922e-01 3.289897491692425291e+00
1.450980392156862586e-01 3.271255876952931629e+00
1.490196078431372528e-01 2.242929435587368570e+00
1.529411764705882470e-01 2.064205450288742583e+00
1.568627450980392135e-01 6.168213108797064415e+00
1.607843137254901800e-01 3.091020602184391564e+00
1.647058823529411742e-01 4.408256269986754461e+00
1.686274509803921684e-01 2.088030784158172892e+00
1.725490196078431349e-01 3.669706538235126381e+00
1.764705882352941013e-01 1.906225498979970068e+00
1.803921568627450955e-01 1.316944674510387436e+00
1.843137254901960898e-01 9.629855185978790644e-01
1.882352941176470562e-01 4.623813430946672298e+00
1.921568627450980227e-01 3.882046458538515044e+00
1.960784313725490169e-01 3.796006780574733064e+00
2.000000000000000111e-01 2.737807522638948221e+00
2.039215686274509776e-01 2.284769238228174792e+00
2.078431372549019440e-01 2.642772429889081121e+00
2.117647058823529382e-01 -1.314111232153711839e-01
2.156862745098039325e-01 3.297935149429878088e+00
2.196078431372548989e-01 7.950488408606308788e-01
2.235294117647058654e-01 2.010446887379650605e+00
2.274509803921568596e-01 3.301010246627258837e+00
2.313725490196078538e-01 3.568791681235663038e+00
2.352941176470588203e-01 1.934557619289873021e+00
2.392156862745097867e-01 2.231472914864379486e+00
2.431372549019607809e-01 3.397000302965270890e+00
2.470588235294117752e-01 4.258477238022082112e+00
2.509803921568627416e-01 1.997175830544662301e+00
2.549019607843137081e-01 2.510309244450068977e+00
2.588235294117646745e-01 2.911106161610304888e+00
2.627450980392156965e-01 4.235044490563248942e+00
2.666666666666666630e-01 4.594316964932306568e+00
2.705882352941176294e-01 2.002751355739105676e+00
2.745098039215686514e-01 3.082202529020445336e+00
2.784313725490196179e-01 1.635880358026460701e+00
2.823529411764705843e-01 3.551470778171951892e+00
2.862745098039215508e-01 4.386854398629648877e+00
2.901960784313725172e-01 4.795640155138033656e+00
2.941176470588235392e-01 2.834634351645830108e+00
2.980392156862745057e-01 3.242049175357716528e+00
3.019607843137254721e-01 3.142314655722669769e+00
3.058823529411764941e-01 2.838590450891492534e+00
3.098039215686274606e-01 4.406267845556125273e+00
3.137254901960784270e-01 2.791361740790424761e+00
3.176470588235293935e-01 4.782215209309379489e+00
3.215686274509803599e-01 4.703630147510144965e+00
3.254901960784313819e-01 2.747858897198373729e+00
3.294117647058823484e-01 3.273431596804222909e+00
3.333333333333333148e-01 5.750005126164176694e+00
3.372549019607843368e-01 4.577456867050499589e+00
3.411764705882353033e-01 3.241569377719093925e+00
3.450980392156862697e-01 2.747836924972684614e+00
3.490196078431372362e-01 3.934368286390348857e+00
3.529411764705882026e-01 4.466973362795399360e+00
3.568627450980392246e-01 4.827895882053073073e+00
3.607843137254901911e-01 5.031704373727393431e+00
3.647058823529411575e-01 3.964994671669872517e+00
3.686274509803921795e-01 2.271958723087447396e+00
3.725490196078431460e-01 4.737433086773525481e+00
3.764705882352941124e-01 4.094108956405303701e+00
3.803921568627450789e-01 4.965176205108649654e+00
3.843137254901960453e-01 6.165739492040083647e+00
3.882352941176470673e-01 7.450880782948765102e+00
3.921568627450980338e-01 3.920301968450156327e+00
3.960784313725490002e-01 4.397378187439823449e+00
4.000000000000000222e-01 4.717846594716601061e+00
4.039215686274509887e-01 5.613435301020960111e+00
4.078431372549019551e-01 5.622968853471277839e+00
4.117647058823529216e-01 5.776630430940894456e+00
4.156862745098038880e-01 8.395357332934487715e+00
4.196078431372549100e-01 5.240201367943026156e+00
4.235294117647058765e-01 6.540227030120816742e+00
4.274509803921568429e-01 6.304293527129998687e+00
4.313725490196078649e-01 8.811651316758947416e+00
4.352941176470588314e-01 7.885832452120559388e+00
4.392156862745097978e-01 6.641604182008530088e+00
4.431372549019607643e-01 7.875467918744795348e+00
4.470588235294117307e-01 7.650803923121561212e+00
4.509803921568627527e-01 8.139570181708489116e+00
4.549019607843137192e-01 7.661521351859085449e+00
4.588235294117646856e-01 7.563797448068233287e+00
4.627450980392157076e-01 9.481609724503529790e+00
4.666666666666666741e-01 7.024439036822817783e+00
4.705882352941176405e-01 6.014525971113493519e+00
4.745098039215686070e-01 6.523190030137860695e+00
4.784313725490195734e-01 8.084102653157902552e+00
4.823529411764705954e-01 7.043810618062167350e+00
4.862745098039215619e-01 7.662134773696468670e+00
4.901960784313725283e-01 7.422291020438208875e+00
4.941176470588235503e-01 7.386365140408060803e+00
4.980392156862745168e-01 7.979553935176249446e+00
5.019607843137254832e-01 8.323501403535859211e+00
5.058823529411764497e-01 7.096683310073553130e+00
5.098039215686274161e-01 8.223506591858283699e+00
5.137254901960783826e-01 1.302009103904627096e+01
5.176470588235293491e-01 1.024296845583820392e+01
5.215686274509804266e-01 8.032209004185352441e+00
5.254901960784313930e-01 6.957942464084610812e+00
5.294117647058823595e-01 7.358073054457113571e+00
5.333333333333333259e-01 7.950849489586048868e+00
5.372549019607842924e-01 9.183166367627228155e+00
5.411764705882352589e-01 1.208361688982528648e+01
5.450980392156862253e-01 9.879643251372726809e+00
5.490196078431373028e-01 7.479440506721686255e+00
5.529411764705882693e-01 1.009842918056159711e+01
5.568627450980392357e-01 8.958808103282111190e+00
5.607843137254902022e-01 8.979746684822652369e+00
5.647058823529411686e-01 9.201792403044946056e+00
5.686274509803921351e-01 8.876199018114020234e+00
5.725490196078431016e-01 9.340343810167231808e+00
5.764705882352940680e-01 8.156500264328643723e+00
5.803921568627450345e-01 9.449141643331536500e+00
5.843137254901961120e-01 9.723808246945155886e+00
5.882352941176470784e-01 9.043177824017408994e+00
5.921568627450980449e-01 7.449572184592687663e+00
5.960784313725490113e-01 1.042302689850799347e+01
5.999999999999999778e-01 9.633613886359565726e+00
6.039215686274509443e-01 1.023926499884670349e+01
6.078431372549019107e-01 8.227930899341865612e+00
6.117647058823529882e-01 6.969240431890531440e+00
6.156862745098039547e-01 8.730273980653485921e+00
6.196078431372549211e-01 7.232138442229515185e+00
6.235294117647058876e-01 7.382364900853799483e+00
6.274509803921568540e-01 9.916606056434861927e+00
6.313725490196078205e-01 7.743384889134044435e+00
6.352941176470587870e-01 6.677121109482293981e+00
6.392156862745097534e-01 6.775971191885405531e+00
6.431372549019607199e-01 5.934476045077863304e+00
6.470588235294117974e-01 6.584037256110574887e+00
6.509803921568627638e-01 9.578907166843794840e+00
6.549019607843137303e-01 1.119134482308037093e+01
6.588235294117646967e-01 9.109765894033545308e+00
6.627450980392156632e-01 1.057032961928801917e+01
6.666666666666666297e-01 9.306770815883243841e+00
6.705882352941175961e-01 8.400321110361639754e+00
6.745098039215686736e-01 7.639828828922400561e+00
6.784313725490196401e-01 8.578964786977158141e+00
6.823529411764706065e-01 8.148082786463675120e+00
6.862745098039215730e-01 9.712147811067845637e+00
6.901960784313725394e-01 8.816018117546548183e+00
6.941176470588235059e-01 9.691523665631963880e+00
6.980392156862744724e-01 1.006840952232828812e+01
7.019607843137254388e-01 9.801960797433666883e+00
7.058823529411764053e-01 1.072760604152580655e+01
7.098039215686274828e-01 7.852201206405403866e+00
7.137254901960784492e-01 6.152523023958469395e+00
7.176470588235294157e-01 8.324456331383656149e+00
7.215686274509803821e-01 8.535471822902815475e+00
7.254901960784313486e-01 8.679158066291540408e+00
7.294117647058823151e-01 1.090560771076036417e+01
7.333333333333332815e-01 1.059311634306529015e+01
7.372549019607843590e-01 7.959066590870491176e+00
7.411764705882353255e-01 8.846962684391867171e+00
7.450980392156862919e-01 7.925278385639955125e+00
7.490196078431372584e-01 8.566389574963855225e+00
7.529411764705882248e-01 8.201322814956215623e+00
7.568627450980391913e-01 8.141161721610270519e+00
7.607843137254901578e-01 9.400498038643965160e+00
7.647058823529411242e-01 7.475066322866044999e+00
7.686274509803920907e-01 7.683976094201733886e+00
7.725490196078431682e-01 7.813533461830054705e+00
7.764705882352941346e-01 7.682852847655901485e+00
7.803921568627451011e-01 7.722008092777899790e+00
7.843137254901960675e-01 9.618779380202450824e+00
7.882352941176470340e-01 8.395223623561374637e+00
7.921568627450980005e-01 8.942450648433045046e+00
7.960784313725489669e-01 8.589984625861136536e+00
8.000000000000000444e-01 1.096982452669653263e+01
8.039215686274510109e-01 7.686686762268811535e+00
8.078431372549019773e-01 8.956279496736589962e+00
8.117647058823529438e-01 9.289649927172892063e+00
8.156862745098039102e-01 8.876420200265828342e+00
8.196078431372548767e-01 9.606583531915303453e+00
8.235294117647058432e-01 9.808929734744760154e+00
8.274509803921568096e-01 1.045763892679771168e+01
8.313725490196077761e-01 1.086797239396018355e+01
8.352941176470588536e-01 9.010990277321290876e+00
8.392156862745098200e-01 8.893951129596670668e+00
8.431372549019607865e-01 9.840025874384940252e+00
8.470588235294117530e-01 7.228605201545307501e+00
8.509803921568627194e-01 9.511437362408013740e+00
8.549019607843136859e-01 8.403774612136837519e+00
8.588235294117646523e-01 9.418947390076233717e+00
8.627450980392157298e-01 9.848031205089904816e+00
8.666666666666666963e-01 9.878659436215688316e+00
8.705882352941176627e-01 9.527353044696573292e+00
8.745098039215686292e-01 9.433917317677506631e+00
8.784313725490195957e-01 1.071210843243074606e+01
8.823529411764705621e-01 1.016579508738327320e+01
8.862745098039215286e-01 1.179352139923114962e+01
8.901960784313724950e-01 1.097174922241073247e+01
8.941176470588234615e-01 1.140775934239308853e+01
8.980392156862745390e-01 1.136266642278912364e+01
9.019607843137255054e-01 9.733434609947176241e+00
9.058823529411764719e-01 9.020361068999569909e+00
9.098039215686274384e-01 1.000710208329861040e+01
9.137254901960784048e-01 9.592067167192608323e+00
9.176470588235293713e-01 1.165366696941937796e+01
9.215686274509803377e-01 1.178425685120312494e+01
9.254901960784314152e-01 1.209006670407269723e+01
9.294117647058823817e-01 1.265280578580873438e+01
9.333333333333333481e-01 1.121567870239884712e+01
9.372549019607843146e-01 1.008378157079468274e+01
9.411764705882352811e-01 8.142103593180584298e+00
9.450980392156862475e-01 8.149455823363474849e+00
9.490196078431372140e-01 1.129274775285435339e+01
9.529411764705881804e-01 9.721420775812353199e+00
9.568627450980391469e-01 9.470679788291683110e+00
9.607843137254902244e-01 1.039560416496992445e+01
9.647058823529411908e-01 9.246617077288107112e+00
9.686274509803921573e-01 9.246084755056495297e+00
9.725490196078431238e-01 9.217841774983101644e+00
9.764705882352940902e-01 8.029028575348396757e+00
9.803921568627450567e-01 7.323680631407695429e+00
9.843137254901960231e-01 8.151008356279687561e+00
9.882352941176471006e-01 7.662227673557595153e+00
9.921568627450980671e-01 9.969648905935539318e+00
9.960784313725490335e-01 9.698913003230837049e+00
1.000000000000000000e+00 8.890708808061251744e+00
