0.000000000000000000e+00 3.118928996050875924e+00
3.921568627450980338e-03 3.389452439049039256e+00
7.843137254901960675e-03 2.772954413285568798e+00
1.176470588235294101e-02 3.820806922763979152e+00
1.568627450980392135e-02 5.028507462507787906e+00
1.960784313725490169e-02 1.863285732695643349e+00
2.352941176470588203e-02 4.049478483178835297e+00
2.745098039215686236e-02 3.742919292874915538e+00
3.137254901960784270e-02 4.287670518192780555e+00
3.529411764705882304e-02 3.948805048770906101e+00
3.921568627450980338e-02 5.145186725763216451e+00
4.313725490196078372e-02 3.741320616321496040e+00
4.705882352941176405e-02 2.674028322400741953e+00
5.098039215686274439e-02 4.751196786255921900e+00
5.490196078431372473e-02 1.924390791412420532e+00
5.882352941176470507e-02 3.490043189024956583e+00
6.274509803921568540e-02 3.458393201815392448e+00
6.666666666666666574e-02 1.763974824289333165e+00
7.058823529411764608e-02 3.846730201234437097e+00
7.450980392156862642e-02 3.757461238712409113e+00
7.843137254901960675e-02 3.278519804737411114e+00
8.235294117647058709e-02 4.359618707632959556e+00
8.627450980392156743e-02 3.963812617835507091e+00
9.019607843137254777e-02 2.464391426142986230e+00
9.411764705882352811e-02 8.334229495982876657e+00
9.803921568627450844e-02 4.331524124392867492e+00
1.019607843137254888e-01 4.476283506515674304e+00
1.058823529411764691e-01 3.531959798077060508e+00
1.098039215686274495e-01 2.674491169621306064e+00
1.137254901960784298e-01 5.728169460397255719e+00
1.176470588235294101e-01 3.405894424807751175e+00
1.215686274509803905e-01 2.527641023862059022e+00
1.254901960784313708e-01 5.206460414409827209e+00
1.294117647058823373e-01 2.029082654586573220e+00
1.333333333333333315e-01 1.183047126813185468e+00
1.372549019607843257e-01 3.201598732931410840e+00
1.411764705882352922e-01 4.500634501158188527e+00
1.450980392156862586e-01 3.436640291393985081e+00
1.490196078431372528e-01 4.697071677024465153e+00
1.529411764705882470e-01 5.623111401099611939e+00
1.568627450980392135e-01 5.378195656495122989e+00
1.607843137254901800e-01 3.010382469426104102e+00
1.647058823529411742e-01 4.588059528519771391e+00
1.686274509803921684e-01 3.802537085603911571e+00
1.725490196078431349e-01 3.954129033136684512e+00
1.764705882352941013e-01 3.156854697919470709e+00
1.803921568627450955e-01 3.323464077508474279e+00
1.843137254901960898e-01 1.612092558904538064e+00
1.882352941176470562e-01 7.376935518912492995e-01
1.921568627450980227e-01 2.620020949420330147e+00
1.960784313725490169e-01 2.553183487285142661e+00
2.000000000000000111e-01 4.678590047102741956e+00
2.039215686274509776e-01 4.326946134257801724e+00
2.078431372549019440e-01 4.040053012844629698e+00
2.117647058823529382e-01 3.490026341572684210e+00
2.156862745098039325e-01 3.088185724455254189e+00
2.196078431372548989e-01 3.579998776440277197e+00
2.235294117647058654e-01 5.257188454035000014e+00
2.274509803921568596e-01 4.619156917429735998e+00
2.313725490196078538e-01 3.341689916059658039e+00
2.352941176470588203e-01 3.969905553589861746e+00
2.392156862745097867e-01 3.924990947908878258e+00
2.431372549019607809e-01 5.206147677587044775e+00
2.470588235294117752e-01 6.414016179536116802e+00
2.509803921568627416e-01 5.861187398888187516e+00
2.549019607843137081e-01 5.818989048468193204e+00
2.588235294117646745e-01 5.285714157648532918e+00
2.627450980392156965e-01 5.289251866906258925e+00
2.666666666666666630e-01 5.198423155470179857e+00
2.705882352941176294e-01 5.133162018079440614e+00
2.745098039215686514e-01 5.712774531616346962e+00
2.784313725490196179e-01 4.348612883303147214e+00
2.823529411764705843e-01 5.271814334153694936e+00
2.862745098039215508e-01 3.531578550856376619e+00
2.901960784313725172e-01 4.966753835060931266e+00
2.941176470588235392e-01 5.843753876015185256e+00
2.980392156862745057e-01 4.232907012351100562e+00
3.019607843137254721e-01 4.977204024972575525e+00
3.058823529411764941e-01 4.490214193487799932e+00
3.098039215686274606e-01 7.068486050519377173e+00
3.137254901960784270e-01 7.412204719583302293e+00
3.176470588235293935e-01 5.308872637384030035e+00
3.215686274509803599e-01 4.497697805374596847e+00
3.254901960784313819e-01 4.730113709835203295e+00
3.294117647058823484e-01 6.188540744545632855e+00
3.333333333333333148e-01 3.800802162472166845e+00
3.372549019607843368e-01 3.058094158667627127e+00
3.411764705882353033e-01 4.049858212992763384e+00
3.450980392156862697e-01 3.971235600166079571e+00
3.490196078431372362e-01 4.126884270193912130e+00
3.529411764705882026e-01 4.471971347810345776e+00
3.568627450980392246e-01 5.361398231741668852e+00
3.607843137254901911e-01 5.166709837570705233e+00
3.647058823529411575e-01 4.978458596583040574e+00
3.686274509803921795e-01 4.222578715851606823e+00
3.725490196078431460e-01 7.674020729844661659e+00
3.764705882352941124e-01 5.363188295271598349e+00
3.803921568627450789e-01 3.990945766661661676e+00
3.843137254901960453e-01 5.028309734703416467e+00
3.882352941176470673e-01 4.702358183985754003e+00
3.921568627450980338e-01 3.228504187976465545e+00
3.960784313725490002e-01 3.241553583557248430e+00
4.000000000000000222e-01 2.974921139398153613e+00
4.039215686274509887e-01 5.504281732239691749e+00
4.078431372549019551e-01 4.298557205381083435e+00
4.117647058823529216e-01 4.016880806406311955e+00
4.156862745098038880e-01 4.123787372844000210e+00
4.196078431372549100e-01 5.083305959677112185e+00
4.235294117647058765e-01 4.001499220647207977e+00
4.274509803921568429e-01 4.431373147959080327e+00
4.313725490196078649e-01 4.796783259436171676e+00
4.352941176470588314e-01 2.783520139890638401e+00
4.392156862745097978e-01 3.873316607414327262e+00
4.431372549019607643e-01 4.789218842946803001e+00
4.470588235294117307e-01 3.104667432027536478e+00
4.509803921568627527e-01 3.300745385938999910e+00
4.549019607843137192e-01 3.752283720277385548e+00
4.588235294117646856e-01 3.367795546403766327e+00
4.627450980392157076e-01 3.247535757450348726e+00
4.666666666666666741e-01 2.402191731562346000e+00
4.705882352941176405e-01 4.341340645291657196e+00
4.745098039215686070e-01 5.095647745514231275e+00
4.784313725490195734e-01 2.974999344400730550e+00
4.823529411764705954e-01 3.581107474095112764e+00
4.862745098039215619e-01 2.630774044054696059e+00
4.901960784313725283e-01 3.780750854467361144e+00
4.941176470588235503e-01 3.480215465143769116e+00
4.980392156862745168e-01 4.377795579859522057e+00
5.019607843137254832e-01 2.775242368393041836e+00
5.058823529411764497e-01 3.184932252936177211e+00
5.098039215686274161e-01 3.874026819552725431e+00
5.137254901960783826e-01 4.239466592210625606e-01
5.176470588235293491e-01 2.925807454123142470e+00
5.215686274509804266e-01 2.133826110610055338e+00
5.254901960784313930e-01 2.948342681634733786e+00
5.294117647058823595e-01 4.415781343903687706e+00
5.333333333333333259e-01 2.997174535826895969e+00
5.372549019607842924e-01 4.773173579405298739e+00
5.411764705882352589e-01 3.236063778280779069e+00
5.450980392156862253e-01 3.031171879611640918e+00
5.490196078431373028e-01 3.856842380861708719e+00
5.529411764705882693e-01 2.149914793046031836e+00
5.568627450980392357e-01 2.828776605900229058e+00
5.607843137254902022e-01 1.984849336690536870e+00
5.647058823529411686e-01 4.363322354010231940e+00
5.686274509803921351e-01 1.697021983281941981e+00
5.725490196078431016e-01 2.981691204237530535e+00
5.764705882352940680e-01 4.860943353182964444e+00
5.803921568627450345e-01 3.315879522502071186e+00
5.843137254901961120e-01 1.425036257891199476e+00
5.882352941176470784e-01 5.132616733802802145e+00
5.921568627450980449e-01 3.154122667611203301e+00
5.960784313725490113e-01 4.823772302060249650e+00
5.999999999999999778e-01 3.910444598411217054e+00
6.039215686274509443e-01 3.984942570098449988e+00
6.078431372549019107e-01 3.137049161449374957e+00
6.117647058823529882e-01 4.585636422880667418e+00
6.156862745098039547e-01 3.532637277869148829e+00
6.196078431372549211e-01 3.402077687121093597e+00
6.235294117647058876e-01 2.199184810299300352e+00
6.274509803921568540e-01 4.296782348723373168e+00
6.313725490196078205e-01 4.945496693076938399e+00
6.352941176470587870e-01 3.133895018992781889e+00
6.392156862745097534e-01 2.201922305304914840e+00
6.431372549019607199e-01 3.288719018026715624e+00
6.470588235294117974e-01 4.397192624157282737e+00
6.509803921568627638e-01 4.305641410005501157e+00
6.549019607843137303e-01 4.603307179006977279e+00
6.588235294117646967e-01 2.144292026071723534e+00
6.627450980392156632e-01 3.903201698271895115e+00
6.666666666666666297e-01 3.425519335452658076e+00
6.705882352941175961e-01 2.761312256113162444e+00
6.745098039215686736e-01 3.996265905927856465e+00
6.784313725490196401e-01 2.252188456223406909e+00
6.823529411764706065e-01 3.169513729028802018e+00
6.862745098039215730e-01 1.740672641691971112e+00
6.901960784313725394e-01 4.734560358466229246e+00
6.941176470588235059e-01 2.654232202711955146e+00
6.980392156862744724e-01 3.780226363555077018e+00
7.019607843137254388e-01 2.963436971606443038e+00
7.058823529411764053e-01 3.010442379389377088e+00
7.098039215686274828e-01 2.393426871130263311e+00
7.137254901960784492e-01 4.698604022635254118e+00
7.176470588235294157e-01 5.051238744025996930e+00
7.215686274509803821e-01 2.487502144580336250e+00
7.254901960784313486e-01 3.898253143958953171e+00
7.294117647058823151e-01 2.727330670312381411e+00
7.333333333333332815e-01 1.884592514226963278e+00
7.372549019607843590e-01 1.573771227898972391e+00
7.411764705882353255e-01 2.734215169734101281e+00
7.450980392156862919e-01 3.250837937339889017e+00
7.490196078431372584e-01 3.535643910352901376e+00
7.529411764705882248e-01 2.357341117553767962e+00
7.568627450980391913e-01 4.029272151582406813e+00
7.607843137254901578e-01 3.889704564746500726e+00
7.647058823529411242e-01 5.258123588673083937e+00
7.686274509803920907e-01 4.310060281501909785e+00
7.725490196078431682e-01 4.926191570221333471e+00
7.764705882352941346e-01 3.931706861457576530e+00
7.803921568627451011e-01 3.386286053610794600e+00
7.843137254901960675e-01 3.601385643974082562e+00
7.882352941176470340e-01 1.436266120844202909e+00
7.921568627450980005e-01 5.042365452249688573e+00
7.960784313725489669e-01 2.633776204564993950e+00
8.000000000000000444e-01 3.836398107657918999e+00
8.039215686274510109e-01 1.671580398081547347e+00
8.078431372549019773e-01 3.329339001271586440e+00
8.117647058823529438e-01 3.830465995806550783e+00
8.156862745098039102e-01 3.040299657134347910e+00
8.196078431372548767e-01 4.241440374895532273e+00
8.235294117647058432e-01 3.711744341053552887e+00
8.274509803921568096e-01 5.860728381353622396e+00
8.313725490196077761e-01 5.727970302831241867e+00
8.352941176470588536e-01 2.007099020866927486e+00
8.392156862745098200e-01 6.516110624100813098e+00
8.431372549019607865e-01 3.262591081831816009e+00
8.470588235294117530e-01 3.360299972906739985e+00
8.509803921568627194e-01 1.896032639271755249e+00
8.549019607843136859e-01 2.228209562410220279e+00
8.588235294117646523e-01 3.065895783298441035e+00
8.627450980392157298e-01 1.836230182897840901e+00
8.666666666666666963e-01 3.170888842933933471e+00
8.705882352941176627e-01 2.323812925140174457e+00
8.745098039215686292e-01 3.915280203406871884e+00
8.784313725490195957e-01 3.581265349145951404e+00
8.823529411764705621e-01 3.652320363521874835e+00
8.862745098039215286e-01 3.903190882288989805e+00
8.901960784313724950e-01 4.638085063282550102e+00
8.941176470588234615e-01 2.876974371054297652e+00
8.980392156862745390e-01 1.970089123672781994e+00
9.019607843137255054e-01 2.150002147581971279e+00
9.058823529411764719e-01 2.794655469340156184e+00
9.098039215686274384e-01 2.648698381468021612e+00
9.137254901960784048e-01 1.504367758864116444e+00
9.176470588235293713e-01 3.532752358276633586e+00
9.215686274509803377e-01 4.145290317537315694e+00
9.254901960784314152e-01 2.970588089266822607e+00
9.294117647058823817e-01 2.816437880027162777e+00
9.333333333333333481e-01 2.705428210060190075e+00
9.372549019607843146e-01 3.848059626867746275e+00
9.411764705882352811e-01 4.656844845920907083e+00
9.450980392156862475e-01 1.799587233066525904e+00
9.490196078431372140e-01 3.759002130936037744e+00
9.529411764705881804e-01 2.325021055544984616e+00
9.568627450980391469e-01 1.960190609272352447e+00
9.607843137254902244e-01 5.264103711142934294e+00
9.647058823529411908e-01 1.419307489959829027e+00
9.686274509803921573e-01 3.117611430589928290e-01
9.725490196078431238e-01 8.059840917502756330e-01
9.764705882352940902e-01 1.345839471754578964e+00
9.803921568627450567e-01 2.248650219808617123e+00
9.843137254901960231e-01 8.538569991421740557e-01
9.882352941176471006e-01 2.387034244441663233e+00
9.921568627450980671e-01 3.024514171563003728e+00
9.960784313725490335e-01 4.189957827321144634e+00
1.000000000000000000e+00 1.942182593803053248e+00
