0.000000000000000000e+00 5.459765008612718518e+00
3.921568627450980338e-03 4.531522580439292902e+00
7.843137254901960675e-03 4.190923315661470028e+00
1.176470588235294101e-02 2.998114729650581900e+00
1.568627450980392135e-02 2.856905407794960716e-01
1.960784313725490169e-02 -1.485896477126429360e-01
2.352941176470588203e-02 -1.619945114442238321e+00
2.745098039215686236e-02 -1.857513484637727696e+00
3.137254901960784270e-02 1.537871045404234582e+00
3.529411764705882304e-02 1.568846093418218679e+00
3.921568627450980338e-02 2.664277994145300976e+00
4.313725490196078372e-02 6.522491106212973122e+00
4.705882352941176405e-02 5.600096783778159448e+00
5.098039215686274439e-02 3.336352045502602337e+00
5.490196078431372473e-02 3.662153836879430191e+00
5.882352941176470507e-02 8.360870910770574760e-01
6.274509803921568540e-02 6.289139075300242965e-02
6.666666666666666574e-02 3.628366274616494636e-01
7.058823529411764608e-02 -3.263387008948877011e-01
7.450980392156862642e-02 1.912167495879653956e+00
7.843137254901960675e-02 2.234785439382612537e+00
8.235294117647058709e-02 2.967267571707934870e+00
8.627450980392156743e-02 5.606141790750379883e+00
9.019607843137254777e-02 5.207894955462455400e+00
9.411764705882352811e-02 4.302153463527434774e+00
9.803921568627450844e-02 3.637845916710949368e+00
1.019607843137254888e-01 2.683274738797791770e+00
1.058823529411764691e-01 1.559086154492176579e+00
1.098039215686274495e-01 -2.938314555488519275e-02
1.137254901960784298e-01 3.548418463629605668e-01
1.176470588235294101e-01 8.637452669012302131e-01
1.215686274509803905e-01 3.083969910373859147e+00
1.254901960784313708e-01 4.649947910360737957e+00
1.294117647058823373e-01 2.200895510051752435e+00
1.333333333333333315e-01 2.949249212923836350e+00
1.372549019607843257e-01 5.489190717984074652e+00
1.411764705882352922e-01 3.271227239756725691e+00
1.450980392156862586e-01 1.230713516502086602e+00
1.490196078431372528e-01 5.000376739907061996e-01
1.529411764705882470e-01 2.655970423457893137e+00
1.568627450980392135e-01 1.740296758822774015e+00
1.607843137254901800e-01 2.950953016012169527e+00
1.647058823529411742e-01 4.172151924681465118e+00
1.686274509803921684e-01 6.080386632481011411e+00
1.725490196078431349e-01 5.418800956496987453e+00
1.764705882352941013e-01 4.993392057809492357e+00
1.803921568627450955e-01 5.163150986681638521e+00
1.843137254901960898e-01 3.278669744823467624e+00
1.882352941176470562e-01 4.323914513045415298e+00
1.921568627450980227e-01 2.465385728278665756e+00
1.960784313725490169e-01 3.647146135970286807e+00
2.000000000000000111e-01 1.804274694638116960e+00
2.039215686274509776e-01 2.950634390751621261e+00
2.078431372549019440e-01 4.354417758412177264e+00
2.117647058823529382e-01 4.522123899410695813e+00
2.156862745098039325e-01 5.695673519215525893e+00
2.196078431372548989e-01 5.932787856987601138e+00
2.235294117647058654e-01 4.821533494161859501e+00
2.274509803921568596e-01 4.983366179872669832e+00
2.313725490196078538e-01 6.581043386308962795e+00
2.352941176470588203e-01 4.893459685983273744e+00
2.392156862745097867e-01 5.006411864339106899e+00
2.431372549019607809e-01 4.602440944192508709e+00
2.470588235294117752e-01 3.786956690631400058e+00
2.509803921568627416e-01 4.189047067239329181e+00
2.549019607843137081e-01 5.760761913407984380e+00
2.588235294117646745e-01 8.338067769552024444e+00
2.627450980392156965e-01 7.514831944868600289e+00
2.666666666666666630e-01 6.676378394049104159e+00
2.705882352941176294e-01 6.480713538817027164e+00
2.745098039215686514e-01 6.066607547324835537e+00
2.784313725490196179e-01 5.626262787299449286e+00
2.823529411764705843e-01 5.430619165842773377e+00
2.862745098039215508e-01 3.247944957058586990e+00
2.901960784313725172e-01 4.933013049568836017e+00
2.941176470588235392e-01 4.845606316093618027e+00
2.980392156862745057e-01 4.234062885879176008e+00
3.019607843137254721e-01 4.845978477953530650e+00
3.058823529411764941e-01 5.588336292443835340e+00
3.098039215686274606e-01 5.179208428981514345e+00
3.137254901960784270e-01 5.080177578572117270e+00
3.176470588235293935e-01 4.617520624532647666e+00
3.215686274509803599e-01 3.940315292676262793e+00
3.254901960784313819e-01 3.666036394700484813e+00
3.294117647058823484e-01 4.508185740416341680e+00
3.333333333333333148e-01 4.784301444047729390e+00
3.372549019607843368e-01 6.326200507971447173e+00
3.411764705882353033e-01 7.130595512507399647e+00
3.450980392156862697e-01 7.355222948629321245e+00
3.490196078431372362e-01 7.071580168318659432e+00
3.529411764705882026e-01 6.115862827277159575e+00
3.568627450980392246e-01 6.195545349125675116e+00
3.607843137254901911e-01 4.727517432329700675e+00
3.647058823529411575e-01 5.104980130034925345e+00
3.686274509803921795e-01 3.955863392316418370e+00
3.725490196078431460e-01 7.320332752590004155e+00
3.764705882352941124e-01 5.871666654213915315e+00
3.803921568627450789e-01 6.862352719234932508e+00
3.843137254901960453e-01 7.866870557502792849e+00
3.882352941176470673e-01 9.859832345477540727e+00
3.921568627450980338e-01 6.209400975531649713e+00
3.960784313725490002e-01 7.066985068472501297e+00
4.000000000000000222e-01 5.566324144227524862e+00
4.039215686274509887e-01 6.074492312759024237e+00
4.078431372549019551e-01 5.588247166298730306e+00
4.117647058823529216e-01 6.018467517318388360e+00
4.156862745098038880e-01 7.387759486806236175e+00
4.196078431372549100e-01 8.477247502926857692e+00
4.235294117647058765e-01 9.345704432298242992e+00
4.274509803921568429e-01 8.954320637220368084e+00
4.313725490196078649e-01 8.741287694166347322e+00
4.352941176470588314e-01 7.387825302161751040e+00
4.392156862745097978e-01 9.086658009486388465e+00
4.431372549019607643e-01 7.927585469308896293e+00
4.470588235294117307e-01 5.798168707438380309e+00
4.509803921568627527e-01 6.859219272703177772e+00
4.549019607843137192e-01 9.563284526985238898e+00
4.588235294117646856e-01 8.499297401175628153e+00
4.627450980392157076e-01 1.146779022508176205e+01
4.666666666666666741e-01 7.986848240416432709e+00
4.705882352941176405e-01 8.407809390048971210e+00
4.745098039215686070e-01 8.969582368091282731e+00
4.784313725490195734e-01 7.580786495570366768e+00
4.823529411764705954e-01 9.515515892041026547e+00
4.862745098039215619e-01 6.439692745538272867e+00
4.901960784313725283e-01 6.812128134078458963e+00
4.941176470588235503e-01 9.641286883754300874e+00
4.980392156862745168e-01 9.085225912160392880e+00
5.019607843137254832e-01 9.865336903529849266e+00
5.058823529411764497e-01 9.240132988870993103e+00
5.098039215686274161e-01 1.035823342354768073e+01
5.137254901960783826e-01 7.953133375918683079e+00
5.176470588235293491e-01 9.615151196758301211e+00
5.215686274509804266e-01 6.193545204606537347e+00
5.254901960784313930e-01 9.002555909352992103e+00
5.294117647058823595e-01 8.915735131453324414e+00
5.333333333333333259e-01 8.827418081878146694e+00
5.372549019607842924e-01 1.124911723073252112e+01
5.411764705882352589e-01 1.048624284610576929e+01
5.450980392156862253e-01 1.003222786413453171e+01
5.490196078431373028e-01 1.095108239459149502e+01
5.529411764705882693e-01 9.534138839078128314e+00
5.568627450980392357e-01 9.332301097470349305e+00
5.607843137254902022e-01 7.438973515484694765e+00
5.647058823529411686e-01 9.043795936267297719e+00
5.686274509803921351e-01 9.493399074882670874e+00
5.725490196078431016e-01 9.287659452396901827e+00
5.764705882352940680e-01 1.036257369684206786e+01
5.803921568627450345e-01 1.010072786835311476e+01
5.843137254901961120e-01 1.129901484317401739e+01
5.882352941176470784e-01 1.188764179911384566e+01
5.921568627450980449e-01 1.138718588023842671e+01
5.960784313725490113e-01 9.497714667869029626e+00
5.999999999999999778e-01 1.118320408856251191e+01
6.039215686274509443e-01 8.298704126264061287e+00
6.078431372549019107e-01 8.686705179975229285e+00
6.117647058823529882e-01 7.715187924140088249e+00
6.156862745098039547e-01 1.177026303064683610e+01
6.196078431372549211e-01 8.782995292826351275e+00
6.235294117647058876e-01 1.091666842462439924e+01
6.274509803921568540e-01 1.022621290209651335e+01
6.313725490196078205e-01 1.152763176925567379e+01
6.352941176470587870e-01 8.735937698692040954e+00
6.392156862745097534e-01 8.878884069975807591e+00
6.431372549019607199e-01 1.144797696980856294e+01
6.470588235294117974e-01 9.882558440104471487e+00
6.509803921568627638e-01 9.206084774976892149e+00
6.549019607843137303e-01 9.885777966070396161e+00
6.588235294117646967e-01 1.004052213303668850e+01
6.627450980392156632e-01 9.746755113718988284e+00
6.666666666666666297e-01 9.369103145034703317e+00
6.705882352941175961e-01 1.120448106459617499e+01
6.745098039215686736e-01 1.082318578973735335e+01
6.784313725490196401e-01 9.451570114263601496e+00
6.823529411764706065e-01 1.084705277866395079e+01
6.862745098039215730e-01 9.409581512718217411e+00
6.901960784313725394e-01 9.764147720456271884e+00
6.941176470588235059e-01 7.460872796499057102e+00
6.980392156862744724e-01 8.235006854127513876e+00
7.019607843137254388e-01 7.163785482442879271e+00
7.058823529411764053e-01 7.196907164607070584e+00
7.098039215686274828e-01 1.092490636630162903e+01
7.137254901960784492e-01 1.000729273817048437e+01
7.176470588235294157e-01 9.823555093440564434e+00
7.215686274509803821e-01 9.296758367786289057e+00
7.254901960784313486e-01 9.819234373853143794e+00
7.294117647058823151e-01 9.759942858138245469e+00
7.333333333333332815e-01 7.463763289299230053e+00
7.372549019607843590e-01 7.279371657271218155e+00
7.411764705882353255e-01 6.413847645024779887e+00
7.450980392156862919e-01 6.332646284544898307e+00
7.490196078431372584e-01 7.756982678131015163e+00
7.529411764705882248e-01 8.747393931946527701e+00
7.568627450980391913e-01 1.040085449882032087e+01
7.607843137254901578e-01 1.253690698254142966e+01
7.647058823529411242e-01 1.007314143710306453e+01
7.686274509803920907e-01 9.994902710898790232e+00
7.725490196078431682e-01 9.533075094866379828e+00
7.764705882352941346e-01 1.036335052789830335e+01
7.803921568627451011e-01 7.515651630527184324e+00
7.843137254901960675e-01 1.033335121644630483e+01
7.882352941176470340e-01 9.125355151945777621e+00
7.921568627450980005e-01 8.200595325637994648e+00
7.960784313725489669e-01 8.468763391178949718e+00
8.000000000000000444e-01 9.768848316526458575e+00
8.039215686274510109e-01 9.691152080430308402e+00
8.078431372549019773e-01 9.852508200659258364e+00
8.117647058823529438e-01 1.116888258225671571e+01
8.156862745098039102e-01 6.799703843092427924e+00
8.196078431372548767e-01 8.384126829183692564e+00
8.235294117647058432e-01 9.182201692845790575e+00
8.274509803921568096e-01 8.326175720712155837e+00
8.313725490196077761e-01 8.005044791275681249e+00
8.352941176470588536e-01 8.328745457433143429e+00
8.392156862745098200e-01 9.947859413462198930e+00
8.431372549019607865e-01 9.298681151263606282e+00
8.470588235294117530e-01 8.754875131934570121e+00
8.509803921568627194e-01 1.039642011491832285e+01
8.549019607843136859e-01 9.729861139762784106e+00
8.588235294117646523e-01 6.309436458357634336e+00
8.627450980392157298e-01 8.838821470190582730e+00
8.666666666666666963e-01 7.607923084806523129e+00
8.705882352941176627e-01 7.628074040674275302e+00
8.745098039215686292e-01 8.740773098176310540e+00
8.784313725490195957e-01 7.296933508892307074e+00
8.823529411764705621e-01 7.308927920577739101e+00
8.862745098039215286e-01 9.369111142952627702e+00
8.901960784313724950e-01 7.460325674373361693e+00
8.941176470588234615e-01 7.724049068035717447e+00
8.980392156862745390e-01 7.722445831141779848e+00
9.019607843137255054e-01 5.847482775354037265e+00
9.058823529411764719e-01 6.799923074738473794e+00
9.098039215686274384e-01 8.244862271597520831e+00
9.137254901960784048e-01 8.918359824151584903e+00
9.176470588235293713e-01 8.266826945908119839e+00
9.215686274509803377e-01 8.532180430130456017e+00
9.254901960784314152e-01 8.860503579926463757e+00
9.294117647058823817e-01 7.339938062214103276e+00
9.333333333333333481e-01 9.148014614059514216e+00
9.372549019607843146e-01 6.772775802465556438e+00
9.411764705882352811e-01 7.411466410545064498e+00
9.450980392156862475e-01 8.721178994336828083e+00
9.490196078431372140e-01 6.416190232218044187e+00
9.529411764705881804e-01 7.907038001339176780e+00
9.568627450980391469e-01 6.807560934632528316e+00
9.607843137254902244e-01 8.345824205167881260e+00
9.647058823529411908e-01 5.246680715720327015e+00
9.686274509803921573e-01 7.956668153679075317e+00
9.725490196078431238e-01 6.925064816872832374e+00
9.764705882352940902e-01 5.405947515622894883e+00
9.803921568627450567e-01 5.968338298654935592e+00
9.843137254901960231e-01 6.426141821269729881e+00
9.882352941176471006e-01 4.100099034977915835e+00
9.921568627450980671e-01 5.153619086592183152e+00
9.960784313725490335e-01 7.040045945596061117e+00
1.000000000000000000e+00 7.472960411006267734e+00
