0.000000000000000000e+00 6.883625796282929699e+00
3.921568627450980338e-03 5.771489544599168298e+00
7.843137254901960675e-03 4.598486638170076191e+00
1.176470588235294101e-02 6.168229171324224325e+00
1.568627450980392135e-02 4.606602392230819909e+00
1.960784313725490169e-02 6.027284174799619976e+00
2.352941176470588203e-02 4.826743129310529845e+00
2.745098039215686236e-02 4.876893732539473447e+00
3.137254901960784270e-02 4.998436829861268471e+00
3.529411764705882304e-02 5.300636683799892168e+00
3.921568627450980338e-02 4.823644728385668046e+00
4.313725490196078372e-02 3.657988136222101616e+00
4.705882352941176405e-02 5.088393806817591347e+00
5.098039215686274439e-02 4.617032464194043229e+00
5.490196078431372473e-02 4.174721446782994505e+00
5.882352941176470507e-02 5.618117895313647914e+00
6.274509803921568540e-02 6.263634714682407179e+00
6.666666666666666574e-02 4.978167757607617538e+00
7.058823529411764608e-02 4.346567467895084746e+00
7.450980392156862642e-02 5.060514809668364755e+00
7.843137254901960675e-02 5.582409789557948088e+00
8.235294117647058709e-02 4.624374436645848796e+00
8.627450980392156743e-02 5.723799736262769500e+00
9.019607843137254777e-02 4.887668436835417296e+00
9.411764705882352811e-02 4.127100454807107965e+00
9.803921568627450844e-02 4.479880262402119229e+00
1.019607843137254888e-01 5.862985575574890973e+00
1.058823529411764691e-01 5.727893226676666671e+00
1.098039215686274495e-01 4.440479056781686751e+00
1.137254901960784298e-01 3.303468783640177264e+00
1.176470588235294101e-01 6.248959076875586049e+00
1.215686274509803905e-01 4.077744146816960402e+00
1.254901960784313708e-01 6.573330459650986057e+00
1.294117647058823373e-01 4.707215624724432779e+00
1.333333333333333315e-01 3.624247154810944060e+00
1.372549019607843257e-01 5.047894480516650795e+00
1.411764705882352922e-01 5.956936440367642582e+00
1.450980392156862586e-01 4.551773954009782130e+00
1.490196078431372528e-01 3.417856644925747034e+00
1.529411764705882470e-01 5.073953397313005986e+00
1.568627450980392135e-01 4.737003537770878125e+00
1.607843137254901800e-01 4.290645687452999901e+00
1.647058823529411742e-01 4.671900171963811133e+00
1.686274509803921684e-01 4.419954321008045639e+00
1.725490196078431349e-01 5.172669960963674818e+00
1.764705882352941013e-01 6.153999268065167172e+00
1.803921568627450955e-01 4.005735054858329924e+00
1.843137254901960898e-01 6.223155090361666808e+00
1.882352941176470562e-01 4.082950356509075007e+00
1.921568627450980227e-01 5.002604363227864503e+00
1.960784313725490169e-01 3.816755618342360101e+00
2.000000000000000111e-01 5.509482076541170059e+00
2.039215686274509776e-01 6.046601018908143388e+00
2.078431372549019440e-01 7.807543304574831033e+00
2.117647058823529382e-01 5.200493822701516500e+00
2.156862745098039325e-01 5.771594378422152616e+00
2.196078431372548989e-01 6.330480075360135572e+00
2.235294117647058654e-01 5.052788745039318741e+00
2.274509803921568596e-01 4.679251208787469807e+00
2.313725490196078538e-01 5.370371467171052515e+00
2.352941176470588203e-01 5.722718066377216140e+00
2.392156862745097867e-01 5.794576680556646764e+00
2.431372549019607809e-01 5.215708743323101970e+00
2.470588235294117752e-01 5.000060630094258940e+00
2.509803921568627416e-01 4.735819160405369210e+00
2.549019607843137081e-01 2.315661881712592240e+00
2.588235294117646745e-01 4.782147170544366332e+00
2.627450980392156965e-01 5.542775557712118939e+00
2.666666666666666630e-01 4.038251649234223528e+00
2.705882352941176294e-01 4.791968679964780264e+00
2.745098039215686514e-01 5.840773989292120660e+00
2.784313725490196179e-01 6.276861533250813530e+00
2.823529411764705843e-01 5.487696840144656640e+00
2.862745098039215508e-01 5.705823006573113254e+00
2.901960784313725172e-01 4.753087261538800234e+00
2.941176470588235392e-01 5.390517229446699865e+00
2.980392156862745057e-01 4.582168633122623014e+00
3.019607843137254721e-01 4.006617107092246499e+00
3.058823529411764941e-01 4.690851879262533330e+00
3.098039215686274606e-01 4.157731732026760163e+00
3.137254901960784270e-01 5.456561795530152637e+00
3.176470588235293935e-01 6.412697152308937554e+00
3.215686274509803599e-01 4.791962137872003424e+00
3.254901960784313819e-01 5.035756182767625155e+00
3.294117647058823484e-01 6.764282435724072506e+00
3.333333333333333148e-01 4.446757733149174108e+00
3.372549019607843368e-01 5.871638049443054008e+00
3.411764705882353033e-01 5.798425676586965949e+00
3.450980392156862697e-01 6.069620924469264267e+00
3.490196078431372362e-01 5.490011726890109856e+00
3.529411764705882026e-01 6.619857347993742813e+00
3.568627450980392246e-01 5.712936135367592705e+00
3.607843137254901911e-01 3.805624158962016779e+00
3.647058823529411575e-01 6.317523479591330648e+00
3.686274509803921795e-01 5.232681132870980356e+00
3.725490196078431460e-01 4.678706365049198013e+00
3.764705882352941124e-01 5.157199704447619659e+00
3.803921568627450789e-01 6.838701262262377512e+00
3.843137254901960453e-01 5.170996659131093409e+00
3.882352941176470673e-01 2.864966307679209567e+00
3.921568627450980338e-01 7.149640812447686677e+00
3.960784313725490002e-01 4.512202394656113391e+00
4.000000000000000222e-01 6.317617235880248927e+00
4.039215686274509887e-01 5.877794878525274491e+00
4.078431372549019551e-01 5.408110780432931364e+00
4.117647058823529216e-01 4.810015384286273843e+00
4.156862745098038880e-01 6.014367273034519457e+00
4.196078431372549100e-01 5.923012436378287227e+00
4.235294117647058765e-01 5.610253211092159908e+00
4.274509803921568429e-01 6.315011408379525903e+00
4.313725490196078649e-01 5.858469363627746951e+00
4.352941176470588314e-01 3.527743740691810181e+00
4.392156862745097978e-01 6.843850401471073930e+00
4.431372549019607643e-01 5.043533701568309269e+00
4.470588235294117307e-01 5.785478833432045498e+00
4.509803921568627527e-01 4.325332081202999390e+00
4.549019607843137192e-01 3.848586337502405641e+00
4.588235294117646856e-01 5.886135544271245301e+00
4.627450980392157076e-01 4.496783806419102802e+00
4.666666666666666741e-01 6.514861965217854767e+00
4.705882352941176405e-01 5.670723117055812779e+00
4.745098039215686070e-01 6.579220166586751795e+00
4.784313725490195734e-01 4.381941643404353215e+00
4.823529411764705954e-01 4.277963012192733672e+00
4.862745098039215619e-01 4.949699353204642271e+00
4.901960784313725283e-01 5.583832962744884831e+00
4.941176470588235503e-01 6.351790060858946596e+00
4.980392156862745168e-01 6.767816278362131399e+00
5.019607843137254832e-01 5.591746127954999146e+00
5.058823529411764497e-01 5.946792604252059355e+00
5.098039215686274161e-01 5.785535052127529276e+00
5.137254901960783826e-01 4.624170360242326971e+00
5.176470588235293491e-01 6.761497006342353622e+00
5.215686274509804266e-01 4.482556777035007656e+00
5.254901960784313930e-01 5.151547147507810287e+00
5.294117647058823595e-01 4.892586737461815716e+00
5.333333333333333259e-01 4.828653221011251162e+00
5.372549019607842924e-01 4.448653777580514834e+00
5.411764705882352589e-01 7.432655388866685087e+00
5.450980392156862253e-01 4.937862252274602071e+00
5.490196078431373028e-01 7.428383157592636898e+00
5.529411764705882693e-01 5.197802400933844602e+00
5.568627450980392357e-01 4.309451017779974080e+00
5.607843137254902022e-01 7.202686795398874686e+00
5.647058823529411686e-01 6.015567082575360658e+00
5.686274509803921351e-01 4.437065898217964488e+00
5.725490196078431016e-01 5.516544092914816844e+00
5.764705882352940680e-01 6.334510415043890674e+00
5.803921568627450345e-01 4.933265255557648388e+00
5.843137254901961120e-01 5.175763862243035973e+00
5.882352941176470784e-01 6.663510851057642626e+00
5.921568627450980449e-01 4.007943139525771414e+00
5.960784313725490113e-01 4.955720201684562731e+00
5.999999999999999778e-01 6.163756370482425417e+00
6.039215686274509443e-01 5.608287062488233055e+00
6.078431372549019107e-01 5.670323974617142326e+00
6.117647058823529882e-01 4.161923872382188527e+00
6.156862745098039547e-01 5.843493553604361956e+00
6.196078431372549211e-01 5.644604768964698316e+00
6.235294117647058876e-01 7.374939396273399339e+00
6.274509803921568540e-01 5.141447064688206225e+00
6.313725490196078205e-01 4.900760806295696881e+00
6.352941176470587870e-01 5.459857689711969719e+00
6.392156862745097534e-01 8.135416253498364725e+00
6.431372549019607199e-01 4.576344269541635867e+00
6.470588235294117974e-01 5.433318795481723917e+00
6.509803921568627638e-01 4.845489574524481924e+00
6.549019607843137303e-01 4.263460808448710004e+00
6.588235294117646967e-01 4.632536766803490913e+00
6.627450980392156632e-01 5.382005634980707498e+00
6.666666666666666297e-01 5.292451164508703343e+00
6.705882352941175961e-01 5.151671155508418032e+00
6.745098039215686736e-01 6.748502097565168611e+00
6.784313725490196401e-01 5.490222067445797549e+00
6.823529411764706065e-01 4.930757997255823533e+00
6.862745098039215730e-01 5.454516570785863827e+00
6.901960784313725394e-01 5.194867888238289488e+00
6.941176470588235059e-01 5.639006701369660313e+00
6.980392156862744724e-01 5.201501951749249564e+00
7.019607843137254388e-01 3.125115479213299796e+00
7.058823529411764053e-01 6.878501215493645127e+00
7.098039215686274828e-01 6.653199369844872813e+00
7.137254901960784492e-01 5.298283751818127385e+00
7.176470588235294157e-01 3.854400541914648759e+00
7.215686274509803821e-01 5.043003245378167243e+00
7.254901960784313486e-01 5.549208880832708246e+00
7.294117647058823151e-01 5.491709711516733705e+00
7.333333333333332815e-01 5.580098500986826693e+00
7.372549019607843590e-01 6.473535874927883960e+00
7.411764705882353255e-01 4.906953902553330416e+00
7.450980392156862919e-01 7.118752555425952977e+00
7.490196078431372584e-01 4.061652998210378840e+00
7.529411764705882248e-01 5.370940425226256032e+00
7.568627450980391913e-01 6.410153271430569788e+00
7.607843137254901578e-01 5.904969846214983775e+00
7.647058823529411242e-01 5.475252740871455082e+00
7.686274509803920907e-01 5.132165225655834995e+00
7.725490196078431682e-01 5.520578366550158655e+00
7.764705882352941346e-01 3.722016415236190312e+00
7.803921568627451011e-01 3.994499864252885946e+00
7.843137254901960675e-01 5.574643260017993818e+00
7.882352941176470340e-01 5.652650150623246716e+00
7.921568627450980005e-01 4.613609476503060414e+00
7.960784313725489669e-01 5.685938924551766860e+00
8.000000000000000444e-01 4.896261077413249119e+00
8.039215686274510109e-01 4.574621705560056206e+00
8.078431372549019773e-01 5.378420266481884759e+00
8.117647058823529438e-01 6.594007760060087264e+00
8.156862745098039102e-01 5.582012197879512527e+00
8.196078431372548767e-01 5.520492520202713749e+00
8.235294117647058432e-01 5.949338222798442821e+00
8.274509803921568096e-01 5.728324868728490671e+00
8.313725490196077761e-01 6.180523237000132397e+00
8.352941176470588536e-01 6.103799577491527018e+00
8.392156862745098200e-01 7.567411846061197878e+00
8.431372549019607865e-01 7.276508530431540223e+00
8.470588235294117530e-01 6.299979262681288716e+00
8.509803921568627194e-01 6.139507809922753800e+00
8.549019607843136859e-01 4.975144209790931527e+00
8.588235294117646523e-01 3.477473822567864303e+00
8.627450980392157298e-01 4.925922098654280212e+00
8.666666666666666963e-01 3.881196816995312382e+00
8.705882352941176627e-01 4.822864501091781442e+00
8.745098039215686292e-01 5.237605777622396097e+00
8.784313725490195957e-01 4.559164023252423981e+00
8.823529411764705621e-01 5.779967275157215312e+00
8.862745098039215286e-01 5.005695468809170379e+00
8.901960784313724950e-01 4.341274799810800999e+00
8.941176470588234615e-01 5.137665262428453339e+00
8.980392156862745390e-01 5.541998988005524929e+00
9.019607843137255054e-01 5.595256344166259943e+00
9.058823529411764719e-01 3.967525604698376451e+00
9.098039215686274384e-01 4.309706287965980209e+00
9.137254901960784048e-01 5.292613122819320282e+00
9.176470588235293713e-01 3.431350326490910874e+00
9.215686274509803377e-01 4.218778349965244701e+00
9.254901960784314152e-01 5.528155924350600436e+00
9.294117647058823817e-01 3.672173494795218485e+00
9.333333333333333481e-01 4.803599665592046541e+00
9.372549019607843146e-01 5.415498081649243289e+00
9.411764705882352811e-01 3.769719420547219979e+00
9.450980392156862475e-01 5.186760199899266510e+00
9.490196078431372140e-01 5.543442778253158565e+00
9.529411764705881804e-01 7.275264303310702729e+00
9.568627450980391469e-01 6.273489250445322796e+00
9.607843137254902244e-01 5.236219930707678216e+00
9.647058823529411908e-01 4.967848275208647912e+00
9.686274509803921573e-01 4.440795474000287513e+00
9.725490196078431238e-01 3.257498399303742964e+00
9.764705882352940902e-01 1.663167526065627122e+00
9.803921568627450567e-01 2.757948429609477614e+00
9.843137254901960231e-01 4.210656372246842416e+00
9.882352941176471006e-01 5.242750143567037391e+00
9.921568627450980671e-01 4.957991878221317705e+00
9.960784313725490335e-01 5.087992335952561618e+00
1.000000000000000000e+00 5.973682265286799797e+00
