0.000000000000000000e+00 5.785144820633776774e+00
3.921568627450980338e-03 7.890515932194763771e+00
7.843137254901960675e-03 5.289692128811365635e+00
1.176470588235294101e-02 6.054666612532440872e+00
1.568627450980392135e-02 4.275877969732422734e+00
1.960784313725490169e-02 2.177633298550091467e+00
2.352941176470588203e-02 2.814925212362503704e+00
2.745098039215686236e-02 3.417212916631444664e+00
3.137254901960784270e-02 2.142185333971969197e+00
3.529411764705882304e-02 4.093973184594743131e+00
3.921568627450980338e-02 5.146646660612432811e+00
4.313725490196078372e-02 5.431143690194321749e+00
4.705882352941176405e-02 4.080815674826027362e+00
5.098039215686274439e-02 5.279555236950085551e+00
5.490196078431372473e-02 1.396482183388455312e+00
5.882352941176470507e-02 1.444350627951573873e+00
6.274509803921568540e-02 2.333730466127152514e+00
6.666666666666666574e-02 -2.312584166764963811e-02
7.058823529411764608e-02 6.656826710727594687e-01
7.450980392156862642e-02 2.659898778343769976e+00
7.843137254901960675e-02 3.663594834956653834e+00
8.235294117647058709e-02 2.714504433962721563e+00
8.627450980392156743e-02 5.396750170188533424e+00
9.019607843137254777e-02 4.594521755639542349e+00
9.411764705882352811e-02 7.046310560728874961e+00
9.803921568627450844e-02 1.669867218667782094e+00
1.019607843137254888e-01 2.536338206295077224e+00
1.058823529411764691e-01 3.024417120721679453e+00
1.098039215686274495e-01 2.772405422164886168e+00
1.137254901960784298e-01 4.623329247412766740e+00
1.176470588235294101e-01 2.557834517237039140e+00
1.215686274509803905e-01 4.187744294889221841e+00
1.254901960784313708e-01 4.066856062288852769e+00
1.294117647058823373e-01 4.792614088007121964e+00
1.333333333333333315e-01 4.899993107252448077e+00
1.372549019607843257e-01 3.014923271395300031e+00
1.411764705882352922e-01 2.573159109137701073e+00
1.450980392156862586e-01 1.708461346862525598e+00
1.490196078431372528e-01 3.495651827777001230e+00
1.529411764705882470e-01 2.517475486547001928e+00
1.568627450980392135e-01 3.149800115842265047e+00
1.607843137254901800e-01 4.174776169355730815e+00
1.647058823529411742e-01 5.435608412753134999e+00
1.686274509803921684e-01 5.992072434178735918e+00
1.725490196078431349e-01 4.329407078966052147e+00
1.764705882352941013e-01 4.207794381030978137e+00
1.803921568627450955e-01 5.152195414293984754e+00
1.843137254901960898e-01 4.409471097693734798e+00
1.882352941176470562e-01 6.307758790112797165e+00
1.921568627450980227e-01 4.790494633033239857e+00
1.960784313725490169e-01 6.335650653076983829e+00
2.000000000000000111e-01 5.770181868057120411e+00
2.039215686274509776e-01 4.864585433187447627e+00
2.078431372549019440e-01 5.961582763163474574e+00
2.117647058823529382e-01 4.404443475520457341e+00
2.156862745098039325e-01 6.304261718638773715e+00
2.196078431372548989e-01 4.371306506746796217e+00
2.235294117647058654e-01 4.557352510351769581e+00
2.274509803921568596e-01 4.267948480960694901e+00
2.313725490196078538e-01 4.687929361250039229e+00
2.352941176470588203e-01 3.306171397860294903e+00
2.392156862745097867e-01 5.277280426825493365e+00
2.431372549019607809e-01 4.855910935601343681e+00
2.470588235294117752e-01 7.886476444540019948e+00
2.509803921568627416e-01 7.416586781716063115e+00
2.549019607843137081e-01 4.615319308121611286e+00
2.588235294117646745e-01 4.682632386120613610e+00
2.627450980392156965e-01 5.669224994195135814e+00
2.666666666666666630e-01 4.980007791610572276e+00
2.705882352941176294e-01 4.818908112456988135e+00
2.745098039215686514e-01 8.054044466461444784e+00
2.784313725490196179e-01 6.259774806802516522e+00
2.823529411764705843e-01 3.937072302094292375e+00
2.862745098039215508e-01 5.476303449025921921e+00
2.901960784313725172e-01 5.391542370552798502e+00
2.941176470588235392e-01 3.911622032257307868e+00
2.980392156862745057e-01 2.232766175682709076e+00
3.019607843137254721e-01 3.534022792895367804e+00
3.058823529411764941e-01 3.006833534031191579e+00
3.098039215686274606e-01 3.073857212808099426e+00
3.137254901960784270e-01 3.072363871683829739e+00
3.176470588235293935e-01 4.287795256454963067e+00
3.215686274509803599e-01 6.228280833582521936e+00
3.254901960784313819e-01 2.011807748031523513e+00
3.294117647058823484e-01 3.744668504833644107e+00
3.333333333333333148e-01 4.962464649794811500e+00
3.372549019607843368e-01 2.849189334183705569e+00
3.411764705882353033e-01 3.448599679500257142e+00
3.450980392156862697e-01 7.698148227301156332e+00
3.490196078431372362e-01 6.481490157323026580e+00
3.529411764705882026e-01 6.520156292044593904e+00
3.568627450980392246e-01 4.788640020103554384e+00
3.607843137254901911e-01 4.678148911692791678e+00
3.647058823529411575e-01 5.330454628438394238e+00
3.686274509803921795e-01 3.705797380139960850e+00
3.725490196078431460e-01 3.906616746085769698e+00
3.764705882352941124e-01 2.141968102072555169e+00
3.803921568627450789e-01 4.169672909256435744e+00
3.843137254901960453e-01 4.685514603084298457e+00
3.882352941176470673e-01 4.699193653317696118e+00
3.921568627450980338e-01 3.896175745452516548e+00
3.960784313725490002e-01 7.026496989728608256e+00
4.000000000000000222e-01 5.193805585093059562e+00
4.039215686274509887e-01 5.276259480537597746e+00
4.078431372549019551e-01 4.400457980113769096e+00
4.117647058823529216e-01 4.489424707714408491e+00
4.156862745098038880e-01 4.398586625859580046e+00
4.196078431372549100e-01 5.782328654798752687e+00
4.235294117647058765e-01 5.264514942809428888e+00
4.274509803921568429e-01 5.754988980990180636e+00
4.313725490196078649e-01 6.438873883766831341e+00
4.352941176470588314e-01 6.232468802984698186e+00
4.392156862745097978e-01 5.950237617825955283e+00
4.431372549019607643e-01 4.199739284810039663e+00
4.470588235294117307e-01 6.819843505074621781e+00
4.509803921568627527e-01 4.843638005667811441e+00
4.549019607843137192e-01 3.747845132138900581e+00
4.588235294117646856e-01 7.162798365515167909e+00
4.627450980392157076e-01 6.354886647564736535e+00
4.666666666666666741e-01 5.654547527678653651e+00
4.705882352941176405e-01 5.386206823102020813e+00
4.745098039215686070e-01 6.865384599768863616e+00
4.784313725490195734e-01 5.054021924508433017e+00
4.823529411764705954e-01 6.024886687968526111e+00
4.862745098039215619e-01 7.345282653462399836e+00
4.901960784313725283e-01 6.486354251117243841e+00
4.941176470588235503e-01 5.512282483695583046e+00
4.980392156862745168e-01 6.209550492527355914e+00
5.019607843137254832e-01 7.729453969922374768e+00
5.058823529411764497e-01 6.365365110519003444e+00
5.098039215686274161e-01 7.963916493628206084e+00
5.137254901960783826e-01 7.398159994423815000e+00
5.176470588235293491e-01 5.966436386973652972e+00
5.215686274509804266e-01 6.802641370427778611e+00
5.254901960784313930e-01 4.293148393323503065e+00
5.294117647058823595e-01 5.006837233942200704e+00
5.333333333333333259e-01 3.760701474115669463e+00
5.372549019607842924e-01 6.249026320442325755e+00
5.411764705882352589e-01 5.537357831420251841e+00
5.450980392156862253e-01 4.083676813574861342e+00
5.490196078431373028e-01 6.883992275443756803e+00
5.529411764705882693e-01 6.857926905948346530e+00
5.568627450980392357e-01 3.679021270046470171e+00
5.607843137254902022e-01 4.501097190253325664e+00
5.647058823529411686e-01 4.950578319307888719e+00
5.686274509803921351e-01 4.465353663880827995e+00
5.725490196078431016e-01 4.359200383920265764e+00
5.764705882352940680e-01 4.458879412435029721e+00
5.803921568627450345e-01 3.443098330900866255e+00
5.843137254901961120e-01 4.136882395778523680e+00
5.882352941176470784e-01 3.416208320903884932e+00
5.921568627450980449e-01 4.658497928911559782e+00
5.960784313725490113e-01 2.391089235115933409e+00
5.999999999999999778e-01 3.928219594613735488e+00
6.039215686274509443e-01 3.844660466026039281e+00
6.078431372549019107e-01 3.463653347244354030e+00
6.117647058823529882e-01 3.689590132413095969e+00
6.156862745098039547e-01 5.041905373787387568e+00
6.196078431372549211e-01 4.449300044688476952e+00
6.235294117647058876e-01 2.979810076732250845e+00
6.274509803921568540e-01 4.799087740120766554e+00
6.313725490196078205e-01 5.088794534680435966e+00
6.352941176470587870e-01 6.192757950284323520e+00
6.392156862745097534e-01 3.458714576695760989e+00
6.431372549019607199e-01 4.819962914478353788e+00
6.470588235294117974e-01 5.482914387337584294e+00
6.509803921568627638e-01 4.819026720683018183e+00
6.549019607843137303e-01 4.915813644842439878e+00
6.588235294117646967e-01 1.442305651715237946e+00
6.627450980392156632e-01 3.843765039686509954e+00
6.666666666666666297e-01 4.318660743246263145e+00
6.705882352941175961e-01 5.018628721489523770e+00
6.745098039215686736e-01 4.241324706530192223e+00
6.784313725490196401e-01 3.096581039277974234e+00
6.823529411764706065e-01 4.235919580823327202e+00
6.862745098039215730e-01 2.728584320963090892e+00
6.901960784313725394e-01 3.010928985711553985e+00
6.941176470588235059e-01 3.582610364800465685e+00
6.980392156862744724e-01 3.177091549491942057e+00
7.019607843137254388e-01 2.140565497000227246e+00
7.058823529411764053e-01 1.303351330730604385e+00
7.098039215686274828e-01 9.572229199317674464e-01
7.137254901960784492e-01 2.546992083643261129e+00
7.176470588235294157e-01 3.753744410988506530e+00
7.215686274509803821e-01 3.661537623404822916e+00
7.254901960784313486e-01 4.433002924161144165e+00
7.294117647058823151e-01 2.989168202522519024e+00
7.333333333333332815e-01 3.253614711513804547e+00
7.372549019607843590e-01 3.163178718481159279e+00
7.411764705882353255e-01 2.927243515644508687e+00
7.450980392156862919e-01 2.947411896591497271e+00
7.490196078431372584e-01 2.176940914949569539e+00
7.529411764705882248e-01 5.950706153360365569e-01
7.568627450980391913e-01 3.438586459623963698e+00
7.607843137254901578e-01 2.215623414590782936e+00
7.647058823529411242e-01 6.163779031510070894e+00
7.686274509803920907e-01 4.907386881614199226e+00
7.725490196078431682e-01 3.570488904131152275e+00
7.764705882352941346e-01 5.141193056846609544e+00
7.803921568627451011e-01 6.229736205828642071e+00
7.843137254901960675e-01 1.476341782042113859e+00
7.882352941176470340e-01 3.274347645268894436e+00
7.921568627450980005e-01 2.837721436354425641e+00
7.960784313725489669e-01 2.229854648323001953e+00
8.000000000000000444e-01 3.316967577468720396e+00
8.039215686274510109e-01 4.075924229744068761e+00
8.078431372549019773e-01 4.070646531188862660e+00
8.117647058823529438e-01 2.752800400698503402e+00
8.156862745098039102e-01 2.793573439313766560e+00
8.196078431372548767e-01 3.187211869071362891e+00
8.235294117647058432e-01 4.484768467889593602e+00
8.274509803921568096e-01 5.046989898288948950e+00
8.313725490196077761e-01 2.674650798707009614e+00
8.352941176470588536e-01 3.324665310620993353e+00
8.392156862745098200e-01 1.066723211049363407e+00
8.431372549019607865e-01 2.979784595246644407e+00
8.470588235294117530e-01 4.412222435979666457e+00
8.509803921568627194e-01 3.399051131207699417e+00
8.549019607843136859e-01 5.406507623196076473e+00
8.588235294117646523e-01 4.297622929191672547e+00
8.627450980392157298e-01 3.227320981843242009e+00
8.666666666666666963e-01 4.095079972516197486e+00
8.705882352941176627e-01 2.431411067881540156e+00
8.745098039215686292e-01 2.847564338047863686e+00
8.784313725490195957e-01 1.702485637423402087e+00
8.823529411764705621e-01 3.339677092780755085e+00
8.862745098039215286e-01 4.402212722107948117e+00
8.901960784313724950e-01 3.236152415189084142e+00
8.941176470588234615e-01 5.617227243697854533e+00
8.980392156862745390e-01 4.852769854369297420e+00
9.019607843137255054e-01 3.415425257284972815e+00
9.058823529411764719e-01 2.999613329284516183e+00
9.098039215686274384e-01 -1.085217674365859253e-01
9.137254901960784048e-01 1.961687663232522416e+00
9.176470588235293713e-01 1.941365464090752058e+00
9.215686274509803377e-01 2.308549120788482512e+00
9.254901960784314152e-01 4.839375954336154528e+00
9.294117647058823817e-01 4.653459941952903023e+00
9.333333333333333481e-01 3.352906160059154761e+00
9.372549019607843146e-01 1.389458689044506645e+00
9.411764705882352811e-01 7.531534332126645914e-01
9.450980392156862475e-01 7.457627028180517925e-01
9.490196078431372140e-01 3.823359529686851666e+00
9.529411764705881804e-01 2.370657583661355705e+00
9.568627450980391469e-01 3.933113717826083544e+00
9.607843137254902244e-01 4.314013560075306231e+00
9.647058823529411908e-01 2.807259999803391359e+00
9.686274509803921573e-01 3.273021940983575906e+00
9.725490196078431238e-01 3.810088956695846463e+00
9.764705882352940902e-01 2.079218274523711329e+00
9.803921568627450567e-01 2.230528959160312574e+00
9.843137254901960231e-01 3.966243652768477013e+00
9.882352941176471006e-01 1.843270920514136435e+00
9.921568627450980671e-01 3.646567895013274274e+00
9.960784313725490335e-01 2.779672536175400666e+00
1.000000000000000000e+00 1.314542956905991433e+00
