0.000000000000000000e+00 8.910914920205046386e+00
3.921568627450980338e-03 6.531757871293041084e+00
7.843137254901960675e-03 6.592536999532457642e+00
1.176470588235294101e-02 8.155111422690152878e+00
1.568627450980392135e-02 8.035460174697041325e+00
1.960784313725490169e-02 7.940183193386824101e+00
2.352941176470588203e-02 7.403252601821116663e+00
2.745098039215686236e-02 9.034365316874868768e+00
3.137254901960784270e-02 1.049508047636756203e+01
3.529411764705882304e-02 1.017247820510078249e+01
3.921568627450980338e-02 9.799271324777608427e+00
4.313725490196078372e-02 8.764741107471786918e+00
4.705882352941176405e-02 9.908813299338982361e+00
5.098039215686274439e-02 8.650795590897192966e+00
5.490196078431372473e-02 7.916984371947882515e+00
5.882352941176470507e-02 8.095506855980293182e+00
6.274509803921568540e-02 6.445114211392736436e+00
6.666666666666666574e-02 8.493786420324832775e+00
7.058823529411764608e-02 9.038496434067024410e+00
7.450980392156862642e-02 9.092408246249515713e+00
7.843137254901960675e-02 8.859942442386600447e+00
8.235294117647058709e-02 9.867021532833247122e+00
8.627450980392156743e-02 9.185601377531707357e+00
9.019607843137254777e-02 1.098220455495237680e+01
9.411764705882352811e-02 7.700364861930276916e+00
9.803921568627450844e-02 9.375545341959414358e+00
1.019607843137254888e-01 8.774981162552730751e+00
1.058823529411764691e-01 7.614946322449444693e+00
1.098039215686274495e-01 1.004115000048616579e+01
1.137254901960784298e-01 9.159300586258064314e+00
1.176470588235294101e-01 9.872380121371721273e+00
1.215686274509803905e-01 7.790579945932930350e+00
1.254901960784313708e-01 1.107413124578647867e+01
1.294117647058823373e-01 8.978103302496432292e+00
1.333333333333333315e-01 9.144237885888449213e+00
1.372549019607843257e-01 8.832228164430164341e+00
1.411764705882352922e-01 7.863663156909002971e+00
1.450980392156862586e-01 9.033168120852206329e+00
1.490196078431372528e-01 8.468501590673986001e+00
1.529411764705882470e-01 8.726180677382993522e+00
1.568627450980392135e-01 7.669957735463263759e+00
1.607843137254901800e-01 9.539756782182733374e+00
1.647058823529411742e-01 9.160726527162454502e+00
1.686274509803921684e-01 9.070388796357688577e+00
1.725490196078431349e-01 9.191780924486979032e+00
1.764705882352941013e-01 6.765836608205375136e+00
1.803921568627450955e-01 7.292006955197739337e+00
1.843137254901960898e-01 1.051870898281330469e+01
1.882352941176470562e-01 7.567672075397644527e+00
1.921568627450980227e-01 8.058834592205874614e+00
1.960784313725490169e-01 8.384610005710642966e+00
2.000000000000000111e-01 8.799687339994397561e+00
2.039215686274509776e-01 8.648555389833548546e+00
2.078431372549019440e-01 7.497253018866700813e+00
2.117647058823529382e-01 7.595415532852991092e+00
2.156862745098039325e-01 8.002478726004442322e+00
2.196078431372548989e-01 9.034393134927205082e+00
2.235294117647058654e-01 7.183313443963724509e+00
2.274509803921568596e-01 8.850031431135626292e+00
2.313725490196078538e-01 8.340127750695272013e+00
2.352941176470588203e-01 8.189199054339809436e+00
2.392156862745097867e-01 8.031651355869000142e+00
2.431372549019607809e-01 8.094206033773458486e+00
2.470588235294117752e-01 9.791171130094806330e+00
2.509803921568627416e-01 8.246740302360933583e+00
2.549019607843137081e-01 9.430236163296175533e+00
2.588235294117646745e-01 9.901933754819376432e+00
2.627450980392156965e-01 7.819938125489116487e+00
2.666666666666666630e-01 9.918122070023361658e+00
2.705882352941176294e-01 9.107867121053686787e+00
2.745098039215686514e-01 8.228449218202078086e+00
2.784313725490196179e-01 7.608727573415553280e+00
2.823529411764705843e-01 7.831366706485814788e+00
2.862745098039215508e-01 8.034892969361669302e+00
2.901960784313725172e-01 5.753022961044813144e+00
2.941176470588235392e-01 7.186377557144311368e+00
2.980392156862745057e-01 1.042453385444500391e+01
3.019607843137254721e-01 9.723026601208644593e+00
3.058823529411764941e-01 8.072835546784942196e+00
3.098039215686274606e-01 9.955126278021653619e+00
3.137254901960784270e-01 8.561328670645613315e+00
3.176470588235293935e-01 8.185487883464244163e+00
3.215686274509803599e-01 8.407668590321014435e+00
3.254901960784313819e-01 9.224573031393116906e+00
3.294117647058823484e-01 8.675822961690467849e+00
3.333333333333333148e-01 9.130276607118604559e+00
3.372549019607843368e-01 9.590348511455811575e+00
3.411764705882353033e-01 8.556955274523566857e+00
3.450980392156862697e-01 7.815967810469158117e+00
3.490196078431372362e-01 8.144227380084961609e+00
3.529411764705882026e-01 8.639239897624166886e+00
3.568627450980392246e-01 7.023813992670099537e+00
3.607843137254901911e-01 8.771777190896985488e+00
3.647058823529411575e-01 6.979587726945686299e+00
3.686274509803921795e-01 7.469062469914533153e+00
3.725490196078431460e-01 7.984767303328271559e+00
3.764705882352941124e-01 8.615194247757159474e+00
3.803921568627450789e-01 7.331279906814732961e+00
3.843137254901960453e-01 8.703473864083145273e+00
3.882352941176470673e-01 7.837095154545661302e+00
3.921568627450980338e-01 9.007950311220270123e+00
3.960784313725490002e-01 8.369693719202823345e+00
4.000000000000000222e-01 7.176316934602988695e+00
4.039215686274509887e-01 7.817518751840491831e+00
4.078431372549019551e-01 6.360205890910127557e+00
4.117647058823529216e-01 5.201663387431702645e+00
4.156862745098038880e-01 4.409525508572324171e+00
4.196078431372549100e-01 6.445799401244041604e+00
4.235294117647058765e-01 7.842989322680339548e+00
4.274509803921568429e-01 9.115662756709099313e+00
4.313725490196078649e-01 8.503623871437714143e+00
4.352941176470588314e-01 8.815248124458726409e+00
4.392156862745097978e-01 8.576199193968397694e+00
4.431372549019607643e-01 7.011609339002107255e+00
4.470588235294117307e-01 8.006671941257545555e+00
4.509803921568627527e-01 8.675971809589226424e+00
4.549019607843137192e-01 7.992998152608105755e+00
4.588235294117646856e-01 8.419667876336454526e+00
4.627450980392157076e-01 7.624794396689475562e+00
4.666666666666666741e-01 7.571288812396637979e+00
4.705882352941176405e-01 7.193982120381866352e+00
4.745098039215686070e-01 6.109938706855661650e+00
4.784313725490195734e-01 7.264767473286330990e+00
4.823529411764705954e-01 7.445925546484772894e+00
4.862745098039215619e-01 7.353086336678105184e+00
4.901960784313725283e-01 5.045753810129089523e+00
4.941176470588235503e-01 8.503847241773017984e+00
4.980392156862745168e-01 6.139030266702233618e+00
5.019607843137254832e-01 8.206822053496411584e+00
5.058823529411764497e-01 8.860872618315594806e+00
5.098039215686274161e-01 6.746308466111283764e+00
5.137254901960783826e-01 8.096991758361733460e+00
5.176470588235293491e-01 5.972409285176746074e+00
5.215686274509804266e-01 5.044543477471105319e+00
5.254901960784313930e-01 6.537603534911704983e+00
5.294117647058823595e-01 6.537138607522846812e+00
5.333333333333333259e-01 5.199582797395894573e+00
5.372549019607842924e-01 6.362671418315723137e+00
5.411764705882352589e-01 5.793043686210154419e+00
5.450980392156862253e-01 5.647616921196100037e+00
5.490196078431373028e-01 5.317289239754109609e+00
5.529411764705882693e-01 6.743439206811317810e+00
5.568627450980392357e-01 6.200919728458587521e+00
5.607843137254902022e-01 6.315693684181922229e+00
5.647058823529411686e-01 4.503692142756621664e+00
5.686274509803921351e-01 4.059322317714791239e+00
5.725490196078431016e-01 4.170276736699133124e+00
5.764705882352940680e-01 4.573239120071926678e+00
5.803921568627450345e-01 8.456025734213627132e+00
5.843137254901961120e-01 4.793555592675148525e+00
5.882352941176470784e-01 5.340714397622686960e+00
5.921568627450980449e-01 5.343732558562604318e+00
5.960784313725490113e-01 4.273345571951441713e+00
5.999999999999999778e-01 6.490384965405069373e+00
6.039215686274509443e-01 4.952823317747235166e+00
6.078431372549019107e-01 7.828446290984111045e+00
6.117647058823529882e-01 7.818219220336269260e+00
6.156862745098039547e-01 5.720835485418275468e+00
6.196078431372549211e-01 9.276093720449690494e+00
6.235294117647058876e-01 6.392429042771490266e+00
6.274509803921568540e-01 6.413112636043599935e+00
6.313725490196078205e-01 5.660129065951945648e+00
6.352941176470587870e-01 5.613220993959992633e+00
6.392156862745097534e-01 6.252834508599132590e+00
6.431372549019607199e-01 6.112613091390505460e+00
6.470588235294117974e-01 6.039025567512438464e+00
6.509803921568627638e-01 4.298412291220438775e+00
6.549019607843137303e-01 6.796642128527449422e+00
6.588235294117646967e-01 4.797336091633135347e+00
6.627450980392156632e-01 5.856014600078394139e+00
6.666666666666666297e-01 7.549718572039946451e+00
6.705882352941175961e-01 3.782730743790771122e+00
6.745098039215686736e-01 7.247909888851524762e+00
6.784313725490196401e-01 5.431994315127163908e+00
6.823529411764706065e-01 7.043578691228034927e+00
6.862745098039215730e-01 4.294866676582533849e+00
6.901960784313725394e-01 4.173740379824912416e+00
6.941176470588235059e-01 5.866125232345020812e+00
6.980392156862744724e-01 7.628789984503065114e+00
7.019607843137254388e-01 5.796749348767856524e+00
7.058823529411764053e-01 7.771414197159407067e+00
7.098039215686274828e-01 7.242999468272736330e+00
7.137254901960784492e-01 6.469680106020081922e+00
7.176470588235294157e-01 5.196305456201971928e+00
7.215686274509803821e-01 5.965182509682493972e+00
7.254901960784313486e-01 3.939732268085033517e+00
7.294117647058823151e-01 3.745444931588773674e+00
7.333333333333332815e-01 2.911153401553304487e+00
7.372549019607843590e-01 4.313838131339747584e+00
7.411764705882353255e-01 4.900184279128542819e+00
7.450980392156862919e-01 7.414741972982257678e+00
7.490196078431372584e-01 6.645994074335568769e+00
7.529411764705882248e-01 7.364003733173023036e+00
7.568627450980391913e-01 6.825318994457929556e+00
7.607843137254901578e-01 8.098626277241775639e+00
7.647058823529411242e-01 6.562279013765516922e+00
7.686274509803920907e-01 5.550184730391922727e+00
7.725490196078431682e-01 5.123303063512552491e+00
7.764705882352941346e-01 3.371483293668103620e+00
7.803921568627451011e-01 4.781157746324688596e+00
7.843137254901960675e-01 5.205828601653578858e+00
7.882352941176470340e-01 4.555119407028794143e+00
7.921568627450980005e-01 6.175784551966227554e+00
7.960784313725489669e-01 5.759069325195930844e+00
8.000000000000000444e-01 3.853922904485233225e+00
8.039215686274510109e-01 5.634103244982220815e+00
8.078431372549019773e-01 5.466095278476453601e+00
8.117647058823529438e-01 6.445158283191494419e+00
8.156862745098039102e-01 7.064338663786035255e+00
8.196078431372548767e-01 5.062903229640973279e+00
8.235294117647058432e-01 6.569298499049327944e+00
8.274509803921568096e-01 5.042115755191911575e+00
8.313725490196077761e-01 4.542268985417115879e+00
8.352941176470588536e-01 4.186208622772122467e+00
8.392156862745098200e-01 3.430124653710754590e+00
8.431372549019607865e-01 4.006470154908191361e+00
8.470588235294117530e-01 6.189569817611955571e+00
8.509803921568627194e-01 5.329672432687330819e+00
8.549019607843136859e-01 6.004327372272404872e+00
8.588235294117646523e-01 4.718452689104368325e+00
8.627450980392157298e-01 5.090783663900897871e+00
8.666666666666666963e-01 7.083296522521881577e+00
8.705882352941176627e-01 4.522845412766931084e+00
8.745098039215686292e-01 4.611733902450060540e+00
8.784313725490195957e-01 4.327628898260158508e+00
8.823529411764705621e-01 5.265864085742396838e+00
8.862745098039215286e-01 4.352558578408914691e+00
8.901960784313724950e-01 4.547288612181738188e+00
8.941176470588234615e-01 4.565137631777282046e+00
8.980392156862745390e-01 5.485030748023147495e+00
9.019607843137255054e-01 5.319948494251924842e+00
9.058823529411764719e-01 4.022187083590566203e+00
9.098039215686274384e-01 4.681210976046195071e+00
9.137254901960784048e-01 6.123921975789479610e+00
9.176470588235293713e-01 5.851711186022856559e+00
9.215686274509803377e-01 6.991181713430840716e+00
9.254901960784314152e-01 5.561659814462399432e+00
9.294117647058823817e-01 5.642146876820855361e+00
9.333333333333333481e-01 5.013517388999179758e+00
9.372549019607843146e-01 3.860477203627955767e+00
9.411764705882352811e-01 5.473376400433764388e+00
9.450980392156862475e-01 4.960165868349316831e+00
9.490196078431372140e-01 3.495943950984222948e+00
9.529411764705881804e-01 4.623374504818524855e+00
9.568627450980391469e-01 7.124825627276093698e+00
9.607843137254902244e-01 6.862211334500488036e+00
9.647058823529411908e-01 4.769803657524130713e+00
9.686274509803921573e-01 4.894679539811440883e+00
9.725490196078431238e-01 2.641688934437901537e+00
9.764705882352940902e-01 4.151587340788194247e+00
9.803921568627450567e-01 3.441980160920078635e+00
9.843137254901960231e-01 4.529394693990055565e+00
9.882352941176471006e-01 3.979301411045644166e+00
9.921568627450980671e-01 6.864181806575843758e+00
9.960784313725490335e-01 6.349182098146822995e+00
1.000000000000000000e+00 6.551712055496507148e+00
