0.000000000000000000e+00 8.023227891473904805e+00
3.921568627450980338e-03 8.031527946849109867e+00
7.843137254901960675e-03 5.946994390902923477e+00
1.176470588235294101e-02 5.013058741872391977e+00
1.568627450980392135e-02 4.640544682377111485e+00
1.960784313725490169e-02 1.840410163261751553e+00
2.352941176470588203e-02 3.802368578249963882e+00
2.745098039215686236e-02 5.240715364290203127e+00
3.137254901960784270e-02 3.949611940227670814e+00
3.529411764705882304e-02 6.619354715345906470e+00
3.921568627450980338e-02 4.241300357629273599e+00
4.313725490196078372e-02 4.661914790435154110e+00
4.705882352941176405e-02 5.195514286803241788e+00
5.098039215686274439e-02 3.226014932364188237e+00
5.490196078431372473e-02 4.570569818538929852e+00
5.882352941176470507e-02 4.270963779589966869e+00
6.274509803921568540e-02 3.419644580963848490e+00
6.666666666666666574e-02 3.475520278110937333e+00
7.058823529411764608e-02 3.581240146299767613e+00
7.450980392156862642e-02 2.425208288237670207e+00
7.843137254901960675e-02 4.434313364650631861e+00
8.235294117647058709e-02 4.943036498703579085e+00
8.627450980392156743e-02 5.144321703272390245e+00
9.019607843137254777e-02 4.398456534191838685e+00
9.411764705882352811e-02 5.187375833387123159e+00
9.803921568627450844e-02 6.178024932849109696e+00
1.019607843137254888e-01 3.084208607391140333e+00
1.058823529411764691e-01 4.693215635154099452e+00
1.098039215686274495e-01 2.698623688238478646e+00
1.137254901960784298e-01 3.318096039943170261e+00
1.176470588235294101e-01 3.904276336409175929e+00
1.215686274509803905e-01 4.653066511599218913e+00
1.254901960784313708e-01 6.285467771406445969e+00
1.294117647058823373e-01 4.916535080898404964e+00
1.333333333333333315e-01 6.582241416981643667e+00
1.372549019607843257e-01 4.197880319069589916e+00
1.411764705882352922e-01 4.906748822122824372e+00
1.450980392156862586e-01 4.429086414911477476e+00
1.490196078431372528e-01 4.932275011821255717e+00
1.529411764705882470e-01 6.177256267866337858e+00
1.568627450980392135e-01 5.855428746131315698e+00
1.607843137254901800e-01 8.274986922562817426e+00
1.647058823529411742e-01 8.608704255906236114e+00
1.686274509803921684e-01 6.568152428028948719e+00
1.725490196078431349e-01 7.257085856656889433e+00
1.764705882352941013e-01 7.315927739620455839e+00
1.803921568627450955e-01 6.604256506988305908e+00
1.843137254901960898e-01 4.466803208657488256e+00
1.882352941176470562e-01 3.138953836008663512e+00
1.921568627450980227e-01 4.573277441744092897e+00
1.960784313725490169e-01 5.134833758971022455e+00
2.000000000000000111e-01 7.684774328761208473e+00
2.039215686274509776e-01 5.940918520152792759e+00
2.078431372549019440e-01 6.793872044123086873e+00
2.117647058823529382e-01 5.750786233282802584e+00
2.156862745098039325e-01 5.102064542908434142e+00
2.196078431372548989e-01 4.631278879492612965e+00
2.235294117647058654e-01 4.081765666684712635e+00
2.274509803921568596e-01 3.742684754575167361e+00
2.313725490196078538e-01 6.100077645032829565e+00
2.352941176470588203e-01 6.421527998832510242e+00
2.392156862745097867e-01 6.933683280427640483e+00
2.431372549019607809e-01 6.046792184474790943e+00
2.470588235294117752e-01 5.275271822990672099e+00
2.509803921568627416e-01 5.472319175627389676e+00
2.549019607843137081e-01 4.898611731391377511e+00
2.588235294117646745e-01 4.172912760381123576e+00
2.627450980392156965e-01 4.814730702962918940e+00
2.666666666666666630e-01 6.767480025153662204e+00
2.705882352941176294e-01 6.188085186886401523e+00
2.745098039215686514e-01 6.419798838902811333e+00
2.784313725490196179e-01 8.186524599445988315e+00
2.823529411764705843e-01 7.199985873797600355e+00
2.862745098039215508e-01 7.157892295167716412e+00
2.901960784313725172e-01 6.113644345909799327e+00
2.941176470588235392e-01 6.694355654053072868e+00
2.980392156862745057e-01 5.986586626940871625e+00
3.019607843137254721e-01 5.999158536994521285e+00
3.058823529411764941e-01 6.491215241535431169e+00
3.098039215686274606e-01 6.750627941223863893e+00
3.137254901960784270e-01 1.005233914178788801e+01
3.176470588235293935e-01 8.769462407344319033e+00
3.215686274509803599e-01 7.834268692726536365e+00
3.254901960784313819e-01 8.899046556114816653e+00
3.294117647058823484e-01 9.355581583241930232e+00
3.333333333333333148e-01 7.305771364174344029e+00
3.372549019607843368e-01 6.948394619673412542e+00
3.411764705882353033e-01 7.925270919427362060e+00
3.450980392156862697e-01 8.467896551730451193e+00
3.490196078431372362e-01 8.342849936461357530e+00
3.529411764705882026e-01 7.970097756418527801e+00
3.568627450980392246e-01 6.939364403984065177e+00
3.607843137254901911e-01 8.419844599082587422e+00
3.647058823529411575e-01 5.973140800107842097e+00
3.686274509803921795e-01 6.312962845502489984e+00
3.725490196078431460e-01 8.878133657050710781e+00
3.764705882352941124e-01 8.518038780939184207e+00
3.803921568627450789e-01 8.880391429987280816e+00
3.843137254901960453e-01 8.261877362533867952e+00
3.882352941176470673e-01 7.609421802929116296e+00
3.921568627450980338e-01 6.506584566074907983e+00
3.960784313725490002e-01 6.336577509582604684e+00
4.000000000000000222e-01 9.049580128145619184e+00
4.039215686274509887e-01 1.028115667875375649e+01
4.078431372549019551e-01 1.131922745744063796e+01
4.117647058823529216e-01 1.068505546284393759e+01
4.156862745098038880e-01 1.041972307338009429e+01
4.196078431372549100e-01 7.932925549278408539e+00
4.235294117647058765e-01 9.733638139224934704e+00
4.274509803921568429e-01 1.224232894169468722e+01
4.313725490196078649e-01 1.057499484664017331e+01
4.352941176470588314e-01 9.704735279457096908e+00
4.392156862745097978e-01 1.104685020071637602e+01
4.431372549019607643e-01 1.006502894487376842e+01
4.470588235294117307e-01 9.167443048656569005e+00
4.509803921568627527e-01 1.081053303988451830e+01
4.549019607843137192e-01 1.096915562216967999e+01
4.588235294117646856e-01 8.706520083337389693e+00
4.627450980392157076e-01 8.177879467703336402e+00
4.666666666666666741e-01 7.054454170028031434e+00
4.705882352941176405e-01 6.783168370881268672e+00
4.745098039215686070e-01 7.728017224614284864e+00
4.784313725490195734e-01 9.645275343857345973e+00
4.823529411764705954e-01 8.782401049786471958e+00
4.862745098039215619e-01 9.222308831331115897e+00
4.901960784313725283e-01 1.064780085158269429e+01
4.941176470588235503e-01 7.862879599097432504e+00
4.980392156862745168e-01 7.408769649693391912e+00
5.019607843137254832e-01 8.115989917469150328e+00
5.058823529411764497e-01 6.572480296863744798e+00
5.098039215686274161e-01 7.035688656439782918e+00
5.137254901960783826e-01 7.896886487203712335e+00
5.176470588235293491e-01 9.459921924061664100e+00
5.215686274509804266e-01 1.022217653313115981e+01
5.254901960784313930e-01 8.680139970242017000e+00
5.294117647058823595e-01 9.338178353273363541e+00
5.333333333333333259e-01 8.168814110338677992e+00
5.372549019607842924e-01 5.864278484412954739e+00
5.411764705882352589e-01 7.929906787573191451e+00
5.450980392156862253e-01 8.811497064364068876e+00
5.490196078431373028e-01 9.139251398398767989e+00
5.529411764705882693e-01 9.917887823958103866e+00
5.568627450980392357e-01 9.797601717143045619e+00
5.607843137254902022e-01 9.645506183604231509e+00
5.647058823529411686e-01 1.027486700752208648e+01
5.686274509803921351e-01 9.236633716074605260e+00
5.725490196078431016e-01 8.473511741912657769e+00
5.764705882352940680e-01 6.478360097696677755e+00
5.803921568627450345e-01 6.274453902518481563e+00
5.843137254901961120e-01 7.888412628388931758e+00
5.882352941176470784e-01 8.650443727199828459e+00
5.921568627450980449e-01 8.522966868072499480e+00
5.960784313725490113e-01 8.805376773829468817e+00
5.999999999999999778e-01 1.033243836625894119e+01
6.039215686274509443e-01 7.251477191545244949e+00
6.078431372549019107e-01 8.982876722301462280e+00
6.117647058823529882e-01 9.376303428849894317e+00
6.156862745098039547e-01 8.278022770251322271e+00
6.196078431372549211e-01 9.898318630096866855e+00
6.235294117647058876e-01 9.123407576541247010e+00
6.274509803921568540e-01 9.561846913420779970e+00
6.313725490196078205e-01 8.582873488134701745e+00
6.352941176470587870e-01 8.079075737374949995e+00
6.392156862745097534e-01 9.042271432797319264e+00
6.431372549019607199e-01 9.283711498970056653e+00
6.470588235294117974e-01 9.462591059810904426e+00
6.509803921568627638e-01 8.281051438731200420e+00
6.549019607843137303e-01 1.005409058743857642e+01
6.588235294117646967e-01 1.021169481409273772e+01
6.627450980392156632e-01 8.727645881973806752e+00
6.666666666666666297e-01 1.105901229968463184e+01
6.705882352941175961e-01 6.553383969992364833e+00
6.745098039215686736e-01 8.981451454981080218e+00
6.784313725490196401e-01 7.034356423345699660e+00
6.823529411764706065e-01 7.842318668964676220e+00
6.862745098039215730e-01 5.839664491944670743e+00
6.901960784313725394e-01 9.649647920609048413e+00
6.941176470588235059e-01 6.071958008439684029e+00
6.980392156862744724e-01 8.238116800416660723e+00
7.019607843137254388e-01 7.278662133552603386e+00
7.058823529411764053e-01 5.348316470388162713e+00
7.098039215686274828e-01 6.553302283289622387e+00
7.137254901960784492e-01 5.930309374982110526e+00
7.176470588235294157e-01 6.382343351071604332e+00
7.215686274509803821e-01 5.292811650300775383e+00
7.254901960784313486e-01 6.578832709871919704e+00
7.294117647058823151e-01 7.426259682941627638e+00
7.333333333333332815e-01 6.150438838747913195e+00
7.372549019607843590e-01 4.830574125258013218e+00
7.411764705882353255e-01 4.916926450933467585e+00
7.450980392156862919e-01 5.635827338813280463e+00
7.490196078431372584e-01 5.517996301080309252e+00
7.529411764705882248e-01 6.113957399634149859e+00
7.568627450980391913e-01 4.599439545660196416e+00
7.607843137254901578e-01 5.380760145479458245e+00
7.647058823529411242e-01 5.775009419778065478e+00
7.686274509803920907e-01 5.362375274104021372e+00
7.725490196078431682e-01 6.238049790959412810e+00
7.764705882352941346e-01 5.683475505682958229e+00
7.803921568627451011e-01 5.962653827165612874e+00
7.843137254901960675e-01 6.461535356378084849e+00
7.882352941176470340e-01 7.856637193916276019e+00
7.921568627450980005e-01 7.435970590877998276e+00
7.960784313725489669e-01 8.625247858770006104e+00
8.000000000000000444e-01 4.905046238475863518e+00
8.039215686274510109e-01 6.748216808572701453e+00
8.078431372549019773e-01 6.620801986713411580e+00
8.117647058823529438e-01 4.553036859632976885e+00
8.156862745098039102e-01 7.755851265548435514e+00
8.196078431372548767e-01 5.901293770584178588e+00
8.235294117647058432e-01 6.737120094739325715e+00
8.274509803921568096e-01 7.003329313112662824e+00
8.313725490196077761e-01 7.550985940204368418e+00
8.352941176470588536e-01 7.170599467149199491e+00
8.392156862745098200e-01 6.404715837168905246e+00
8.431372549019607865e-01 5.038262235001938372e+00
8.470588235294117530e-01 6.863586547528505832e+00
8.509803921568627194e-01 6.111783424146821631e+00
8.549019607843136859e-01 5.621853263268869583e+00
8.588235294117646523e-01 8.870622549985041516e+00
8.627450980392157298e-01 8.379702485043253546e+00
8.666666666666666963e-01 9.345133105527763107e+00
8.705882352941176627e-01 6.688423363386069909e+00
8.745098039215686292e-01 7.471664143985641715e+00
8.784313725490195957e-01 5.807739397384509061e+00
8.823529411764705621e-01 4.509376718202805279e+00
8.862745098039215286e-01 7.190222781898517823e+00
8.901960784313724950e-01 7.703561083979298729e+00
8.941176470588234615e-01 7.138156259930940273e+00
8.980392156862745390e-01 6.302453217704175437e+00
9.019607843137255054e-01 7.110817058831237603e+00
9.058823529411764719e-01 3.554203856099470205e+00
9.098039215686274384e-01 4.719665773366882533e+00
9.137254901960784048e-01 6.249075363177713172e+00
9.176470588235293713e-01 5.300381272263893884e+00
9.215686274509803377e-01 6.590158425315169488e+00
9.254901960784314152e-01 6.875292486566856098e+00
9.294117647058823817e-01 6.401024579388157498e+00
9.333333333333333481e-01 7.134140847832204813e+00
9.372549019607843146e-01 5.752179056687800163e+00
9.411764705882352811e-01 6.266568507087590056e+00
9.450980392156862475e-01 5.501131724304582526e+00
9.490196078431372140e-01 5.740986415697372003e+00
9.529411764705881804e-01 4.351777988533727992e+00
9.568627450980391469e-01 7.325367714605435232e+00
9.607843137254902244e-01 8.362810846888404370e+00
9.647058823529411908e-01 6.734416745925674519e+00
9.686274509803921573e-01 7.312548436325674750e+00
9.725490196078431238e-01 5.688418696812105324e+00
9.764705882352940902e-01 6.480461577113074689e+00
9.803921568627450567e-01 3.947294938530415909e+00
9.843137254901960231e-01 4.480237691940510913e+00
9.882352941176471006e-01 5.268114010242750389e+00
9.921568627450980671e-01 6.918471859223692455e+00
9.960784313725490335e-01 5.694856528839863152e+00
1.000000000000000000e+00 6.931082634228914685e+00
