0.000000000000000000e+00 1.603545811119473807e+00
3.921568627450980338e-03 1.745569055125734126e+00
7.843137254901960675e-03 2.526292307374822244e+00
1.176470588235294101e-02 1.549691709598309597e+00
1.568627450980392135e-02 1.436996299478702666e+00
1.960784313725490169e-02 2.257759273674321054e+00
2.352941176470588203e-02 -5.148864164805309063e-01
2.745098039215686236e-02 1.287970694083348189e+00
3.137254901960784270e-02 1.986989246435815426e+00
3.529411764705882304e-02 1.790281806134026876e+00
3.921568627450980338e-02 2.813059829272781531e+00
4.313725490196078372e-02 1.573527879379161609e+00
4.705882352941176405e-02 1.763086910681790132e+00
5.098039215686274439e-02 4.339906014366203379e+00
5.490196078431372473e-02 1.564725905551587859e+00
5.882352941176470507e-02 1.936108834537215717e+00
6.274509803921568540e-02 1.751216119530718540e+00
6.666666666666666574e-02 3.879286638157295464e-01
7.058823529411764608e-02 -6.468428859881858450e-02
7.450980392156862642e-02 1.350806922732544768e+00
7.843137254901960675e-02 2.448196334055634082e+00
8.235294117647058709e-02 1.325729938469370151e+00
8.627450980392156743e-02 7.661561761446338270e-01
9.019607843137254777e-02 1.181450334824407866e+00
9.411764705882352811e-02 2.156349331340259301e+00
9.803921568627450844e-02 2.749932317487382427e+00
1.019607843137254888e-01 3.076736685054044518e+00
1.058823529411764691e-01 3.304599508261098162e+00
1.098039215686274495e-01 3.015762363802537038e+00
1.137254901960784298e-01 2.404731688039180693e+00
1.176470588235294101e-01 2.356273602184533633e+00
1.215686274509803905e-01 8.721213119485962117e-01
1.254901960784313708e-01 2.094431553535136992e+00
1.294117647058823373e-01 1.469541743355553987e+00
1.333333333333333315e-01 2.970171145584970862e+00
1.372549019607843257e-01 1.488197028701931934e+00
1.411764705882352922e-01 1.473009991228882543e+00
1.450980392156862586e-01 4.416658088873444576e+00
1.490196078431372528e-01 3.012148255984770095e+00
1.529411764705882470e-01 2.994815423600258875e+00
1.568627450980392135e-01 -2.209804778800252834e-01
1.607843137254901800e-01 2.051064033445885837e+00
1.647058823529411742e-01 1.085226682268779275e+00
1.686274509803921684e-01 4.244261851243764649e-01
1.725490196078431349e-01 2.016997121302182894e+00
1.764705882352941013e-01 2.591200529352831960e+00
1.803921568627450955e-01 3.404314123801199354e+00
1.843137254901960898e-01 3.472412344218829716e+00
1.882352941176470562e-01 3.347757293930464062e+00
1.921568627450980227e-01 3.848231553255483384e-01
1.960784313725490169e-01 4.482128908239320086e-01
2.000000000000000111e-01 3.581132049252842009e+00
2.039215686274509776e-01 2.714151289605456707e+00
2.078431372549019440e-01 2.901585130083788489e+00
2.117647058823529382e-01 2.818815716105909974e+00
2.156862745098039325e-01 2.438281860605612028e+00
2.196078431372548989e-01 3.490479937951343814e+00
2.235294117647058654e-01 3.984582097708151416e+00
2.274509803921568596e-01 3.591884307652082775e+00
2.313725490196078538e-01 2.595398029241429594e+00
2.352941176470588203e-01 3.366354538113032202e+00
2.392156862745097867e-01 2.874152517865804057e+00
2.431372549019607809e-01 3.401471205192725833e+00
2.470588235294117752e-01 2.075376120633313004e+00
2.509803921568627416e-01 2.025552093944616328e+00
2.549019607843137081e-01 3.441580668770370721e+00
2.588235294117646745e-01 4.001198550031555001e+00
2.627450980392156965e-01 2.184720778575997446e+00
2.666666666666666630e-01 2.136378959480913942e+00
2.705882352941176294e-01 2.606878730237177422e+00
2.745098039215686514e-01 1.943478614322733833e+00
2.784313725490196179e-01 1.169330384414386304e+00
2.823529411764705843e-01 3.335740961572611685e+00
2.862745098039215508e-01 -9.046770369555368063e-03
2.901960784313725172e-01 2.166546882653115791e+00
2.941176470588235392e-01 1.356910899026685824e+00
2.980392156862745057e-01 3.790821889453384497e+00
3.019607843137254721e-01 3.258696695761011508e+00
3.058823529411764941e-01 4.168459420960453521e+00
3.098039215686274606e-01 3.773974992991728339e+00
3.137254901960784270e-01 2.988552807402940825e+00
3.176470588235293935e-01 3.483636968805532419e+00
3.215686274509803599e-01 4.880679717505481463e+00
3.254901960784313819e-01 1.690941584121296248e+00
3.294117647058823484e-01 4.508222301092356332e+00
3.333333333333333148e-01 2.492570360688578734e+00
3.372549019607843368e-01 3.943447378743099918e+00
3.411764705882353033e-01 1.943730682012125621e+00
3.450980392156862697e-01 2.998558294180464490e+00
3.490196078431372362e-01 3.180241260312996143e+00
3.529411764705882026e-01 1.764906603231745974e+00
3.568627450980392246e-01 3.456638369907429009e+00
3.607843137254901911e-01 9.919547702418982649e-01
3.647058823529411575e-01 3.772522639963539870e+00
3.686274509803921795e-01 2.143440245520393361e+00
3.725490196078431460e-01 2.621263338425985356e+00
3.764705882352941124e-01 4.197232373261816640e+00
3.803921568627450789e-01 3.221478062486172078e+00
3.843137254901960453e-01 3.075606357412730585e+00
3.882352941176470673e-01 9.423597143817596944e-01
3.921568627450980338e-01 1.145188430772914545e+00
3.960784313725490002e-01 2.494166469795894958e+00
4.000000000000000222e-01 3.707578152064926691e+00
4.039215686274509887e-01 1.632782045100410695e+00
4.078431372549019551e-01 2.387878157855570560e+00
4.117647058823529216e-01 2.306029846654499504e+00
4.156862745098038880e-01 7.357107616042553033e-01
4.196078431372549100e-01 1.524780063928647733e+00
4.235294117647058765e-01 3.572287574738822968e+00
4.274509803921568429e-01 2.247352613804792565e+00
4.313725490196078649e-01 2.529298765716809783e+00
4.352941176470588314e-01 4.203974075187387527e+00
4.392156862745097978e-01 2.592391573210687028e+00
4.431372549019607643e-01 1.045944627617030331e+00
4.470588235294117307e-01 -1.844728589259769791e-02
4.509803921568627527e-01 3.418926555572070924e+00
4.549019607843137192e-01 6.770503845255571029e-01
4.588235294117646856e-01 2.759510660072745925e+00
4.627450980392157076e-01 2.273114394646818859e+00
4.666666666666666741e-01 1.609234548203979598e+00
4.705882352941176405e-01 3.907653339531560022e+00
4.745098039215686070e-01 1.951926439776744182e+00
4.784313725490195734e-01 1.790259838359267164e+00
4.823529411764705954e-01 7.263643460327720014e-01
4.862745098039215619e-01 3.076755656948789053e+00
4.901960784313725283e-01 2.551443725611268754e+00
4.941176470588235503e-01 4.019487610324729232e+00
4.980392156862745168e-01 2.644415577368977033e+00
5.019607843137254832e-01 3.007523538918512429e+00
5.058823529411764497e-01 4.285709889034167830e+00
5.098039215686274161e-01 4.151636361138935527e+00
5.137254901960783826e-01 2.627700148782738498e+00
5.176470588235293491e-01 2.040275054307370439e+00
5.215686274509804266e-01 2.204954265481259501e+00
5.254901960784313930e-01 2.406265887106370016e+00
5.294117647058823595e-01 3.804410216403759648e+00
5.333333333333333259e-01 1.736585456969215402e+00
5.372549019607842924e-01 3.265425998064761082e+00
5.411764705882352589e-01 1.743391128492516984e+00
5.450980392156862253e-01 3.669353189752961875e+00
5.490196078431373028e-01 2.939550330169913739e+00
5.529411764705882693e-01 2.864269477296189415e+00
5.568627450980392357e-01 3.605755654283369971e+00
5.607843137254902022e-01 1.874139457241942308e+00
5.647058823529411686e-01 2.088851614498453912e+00
5.686274509803921351e-01 2.857999290673454595e+00
5.725490196078431016e-01 5.704430162198828924e+00
5.764705882352940680e-01 5.936503511909032582e+00
5.803921568627450345e-01 4.373808081537721826e+00
5.843137254901961120e-01 2.675211334206878178e+00
5.882352941176470784e-01 3.923316993860049617e+00
5.921568627450980449e-01 2.840002627946092151e+00
5.960784313725490113e-01 3.031954300755328902e+00
5.999999999999999778e-01 3.149631044324995077e+00
6.039215686274509443e-01 4.540815824356761787e+00
6.078431372549019107e-01 3.872883637028927684e+00
6.117647058823529882e-01 4.289279431180699653e+00
6.156862745098039547e-01 2.791933096837026618e+00
6.196078431372549211e-01 3.635266154237521530e+00
6.235294117647058876e-01 3.361159764483038437e+00
6.274509803921568540e-01 2.963485719375928973e+00
6.313725490196078205e-01 5.105428447359184219e+00
6.352941176470587870e-01 4.673863868410435884e+00
6.392156862745097534e-01 4.198324298628651086e+00
6.431372549019607199e-01 4.932133744978546730e+00
6.470588235294117974e-01 5.157530806772792076e+00
6.509803921568627638e-01 4.268554850454405525e+00
6.549019607843137303e-01 4.705046526299147658e+00
6.588235294117646967e-01 4.877035032881181564e+00
6.627450980392156632e-01 3.265856477531625668e+00
6.666666666666666297e-01 3.198490274880293693e+00
6.705882352941175961e-01 3.184240286494200767e+00
6.745098039215686736e-01 4.146335493035866904e+00
6.784313725490196401e-01 3.021421861539186349e+00
6.823529411764706065e-01 3.998783154690137565e+00
6.862745098039215730e-01 3.847448155605087017e+00
6.901960784313725394e-01 2.852210506542167234e+00
6.941176470588235059e-01 4.102362152155524022e+00
6.980392156862744724e-01 2.967127375110488519e+00
7.019607843137254388e-01 3.275908807381368693e+00
7.058823529411764053e-01 2.907854818134992136e+00
7.098039215686274828e-01 2.218765895237151398e+00
7.137254901960784492e-01 2.809728216710601689e+00
7.176470588235294157e-01 2.747196606313282441e+00
7.215686274509803821e-01 3.225367518482206375e+00
7.254901960784313486e-01 3.821675018898656351e+00
7.294117647058823151e-01 3.281009837426124953e+00
7.333333333333332815e-01 2.756993587296799220e+00
7.372549019607843590e-01 -1.847224047022586468e-01
7.411764705882353255e-01 2.707807142325778571e+00
7.450980392156862919e-01 2.126553529130847497e+00
7.490196078431372584e-01 1.798286959253767581e+00
7.529411764705882248e-01 3.581501050524605656e+00
7.568627450980391913e-01 2.846031332175924966e+00
7.607843137254901578e-01 1.977743280087699729e+00
7.647058823529411242e-01 1.610351720831954880e+00
7.686274509803920907e-01 3.198485180424236685e+00
7.725490196078431682e-01 2.786096193020354495e+00
7.764705882352941346e-01 2.163944022699950231e+00
7.803921568627451011e-01 2.524699015821826542e+00
7.843137254901960675e-01 3.105503610876064968e+00
7.882352941176470340e-01 2.761526984244083938e+00
7.921568627450980005e-01 2.135820436142007672e+00
7.960784313725489669e-01 3.168213979821832726e+00
8.000000000000000444e-01 3.671496423633227035e+00
8.039215686274510109e-01 3.239356663608937037e+00
8.078431372549019773e-01 1.186029495621319763e+00
8.117647058823529438e-01 -2.084046621511479458e-01
8.156862745098039102e-01 2.354090971880484329e+00
8.196078431372548767e-01 9.839149034760588108e-01
8.235294117647058432e-01 1.688976211907442515e+00
8.274509803921568096e-01 2.493870294473894855e+00
8.313725490196077761e-01 1.995262862285746230e+00
8.352941176470588536e-01 2.316453892336863163e+00
8.392156862745098200e-01 2.531271105974359337e+00
8.431372549019607865e-01 2.631530701789162041e+00
8.470588235294117530e-01 1.069077161667365106e+00
8.509803921568627194e-01 3.262483139516251462e+00
8.549019607843136859e-01 2.888272225515360336e+00
8.588235294117646523e-01 3.212725718354582316e+00
8.627450980392157298e-01 5.479867913920266176e+00
8.666666666666666963e-01 3.920154293829441361e+00
8.705882352941176627e-01 3.677296560598476649e+00
8.745098039215686292e-01 3.421815042156140407e+00
8.784313725490195957e-01 1.885251161886697391e+00
8.823529411764705621e-01 4.014132511466730335e+00
8.862745098039215286e-01 1.025043601708142793e+00
8.901960784313724950e-01 1.941982450291708240e+00
8.941176470588234615e-01 2.334507318884565752e+00
8.980392156862745390e-01 2.641086224816143080e+00
9.019607843137255054e-01 1.135354858961029390e+00
9.058823529411764719e-01 2.327618214325764878e+00
9.098039215686274384e-01 2.751139442516722600e+00
9.137254901960784048e-01 1.895912939960672006e+00
9.176470588235293713e-01 3.226822092574039846e-01
9.215686274509803377e-01 3.798062426329524843e-01
9.254901960784314152e-01 1.178689510883023317e+00
9.294117647058823817e-01 1.638328804350262402e+00
9.333333333333333481e-01 2.900378131644735014e+00
9.372549019607843146e-01 3.282537023332116721e+00
9.411764705882352811e-01 3.034467617100792491e+00
9.450980392156862475e-01 1.576178068157666923e+00
9.490196078431372140e-01 8.646585165393949612e-01
9.529411764705881804e-01 -4.229397933625982375e-01
9.568627450980391469e-01 1.308303870863153584e+00
9.607843137254902244e-01 1.957574849098479675e+00
9.647058823529411908e-01 1.217574553175080787e+00
9.686274509803921573e-01 1.023433031294625595e+00
9.725490196078431238e-01 -1.937917425522608372e-01
9.764705882352940902e-01 1.118456914336300123e+00
9.803921568627450567e-01 1.226037367447248005e-01
9.843137254901960231e-01 6.335578450352317148e-01
9.882352941176471006e-01 1.380543607508085691e+00
9.921568627450980671e-01 -1.945450388725347146e-01
9.960784313725490335e-01 -1.910468093196626693e-01
1.000000000000000000e+00 -7.039056437745627726e-01
