0.000000000000000000e+00 2.869285869609745188e+00
3.921568627450980338e-03 3.499397519054898265e+00
7.843137254901960675e-03 4.619319348153215543e+00
1.176470588235294101e-02 3.240584854390676561e+00
1.568627450980392135e-02 2.490450773615060509e+00
1.960784313725490169e-02 4.686459719061394580e+00
2.352941176470588203e-02 1.214002445939444064e+00
2.745098039215686236e-02 2.771917100146617408e+00
3.137254901960784270e-02 3.324911184523821284e+00
3.529411764705882304e-02 1.324575052425056798e+00
3.921568627450980338e-02 1.928369954150942700e+00
4.313725490196078372e-02 1.426960611591638228e+00
4.705882352941176405e-02 1.807147831934910798e+00
5.098039215686274439e-02 2.998050654656458924e+00
5.490196078431372473e-02 2.432962678825939307e+00
5.882352941176470507e-02 1.293934906439274890e+00
6.274509803921568540e-02 2.839056094768074079e+00
6.666666666666666574e-02 2.308789550701893845e+00
7.058823529411764608e-02 2.957351023466414652e+00
7.450980392156862642e-02 1.972303183801068061e+00
7.843137254901960675e-02 1.500456106807682488e+00
8.235294117647058709e-02 2.155146415613056643e+00
8.627450980392156743e-02 3.679310336701758111e+00
9.019607843137254777e-02 2.757619369141574239e+00
9.411764705882352811e-02 3.095774705636486601e+00
9.803921568627450844e-02 3.764163152372483889e+00
1.019607843137254888e-01 3.297921153021468932e+00
1.058823529411764691e-01 1.700707086375504939e+00
1.098039215686274495e-01 1.994047865207034587e+00
1.137254901960784298e-01 3.524943043376762564e+00
1.176470588235294101e-01 4.789642975318830764e+00
1.215686274509803905e-01 3.233543455462099203e+00
1.254901960784313708e-01 2.898199363313915367e+00
1.294117647058823373e-01 4.116347204236906698e+00
1.333333333333333315e-01 3.185996076059085524e+00
1.372549019607843257e-01 4.268694412653529113e+00
1.411764705882352922e-01 4.854833030888731749e+00
1.450980392156862586e-01 3.435401078746476600e+00
1.490196078431372528e-01 4.518094221172919589e+00
1.529411764705882470e-01 5.196930608476695745e+00
1.568627450980392135e-01 4.963043579491187351e+00
1.607843137254901800e-01 1.719272100285065719e+00
1.647058823529411742e-01 2.228285232289965556e+00
1.686274509803921684e-01 2.437901315230235788e+00
1.725490196078431349e-01 3.791096464545262279e+00
1.764705882352941013e-01 4.422027826135451534e+00
1.803921568627450955e-01 3.919331083823078821e+00
1.843137254901960898e-01 3.056432771618806221e+00
1.882352941176470562e-01 4.073738852798894250e+00
1.921568627450980227e-01 6.974392072346900839e+00
1.960784313725490169e-01 5.065681977933103930e+00
2.000000000000000111e-01 5.276843945311942896e+00
2.039215686274509776e-01 4.849372104827490482e+00
2.078431372549019440e-01 3.237485540881009705e+00
2.117647058823529382e-01 4.584482116796674056e+00
2.156862745098039325e-01 4.661745902183889179e+00
2.196078431372548989e-01 5.728267814630596533e+00
2.235294117647058654e-01 5.097904502005638605e+00
2.274509803921568596e-01 4.114027011229485886e+00
2.313725490196078538e-01 6.211075487532900397e+00
2.352941176470588203e-01 4.312306845551041157e+00
2.392156862745097867e-01 3.973468904779154709e+00
2.431372549019607809e-01 6.434931465683861873e+00
2.470588235294117752e-01 3.485575559181017802e+00
2.509803921568627416e-01 5.458930891375040062e+00
2.549019607843137081e-01 3.589096477702018451e+00
2.588235294117646745e-01 6.165087630844821476e+00
2.627450980392156965e-01 5.419906796350351108e+00
2.666666666666666630e-01 7.398290030396093897e+00
2.705882352941176294e-01 6.754651931805573994e+00
2.745098039215686514e-01 4.648908797642826940e+00
2.784313725490196179e-01 4.306113430413731180e+00
2.823529411764705843e-01 6.138907702883162898e+00
2.862745098039215508e-01 4.449748634944219461e+00
2.901960784313725172e-01 5.865689343667610522e+00
2.941176470588235392e-01 6.905718785364524770e+00
2.980392156862745057e-01 6.645280363070209084e+00
3.019607843137254721e-01 5.076833717670914403e+00
3.058823529411764941e-01 7.496668540073812004e+00
3.098039215686274606e-01 7.496234363413448065e+00
3.137254901960784270e-01 5.443615619906770675e+00
3.176470588235293935e-01 3.254088117941777103e+00
3.215686274509803599e-01 5.775190187100532668e+00
3.254901960784313819e-01 6.684370620064660429e+00
3.294117647058823484e-01 6.796418684791770026e+00
3.333333333333333148e-01 6.638395464379707178e+00
3.372549019607843368e-01 6.137408812797178648e+00
3.411764705882353033e-01 6.480995507974410152e+00
3.450980392156862697e-01 5.804461402716635021e+00
3.490196078431372362e-01 7.071955386769650964e+00
3.529411764705882026e-01 7.431149233518646646e+00
3.568627450980392246e-01 6.166609737846134642e+00
3.607843137254901911e-01 7.553336877511445557e+00
3.647058823529411575e-01 5.706496191579883970e+00
3.686274509803921795e-01 5.994575869181214323e+00
3.725490196078431460e-01 4.479642000790648559e+00
3.764705882352941124e-01 5.584833221063208342e+00
3.803921568627450789e-01 5.300506756532481489e+00
3.843137254901960453e-01 5.104640102416770020e+00
3.882352941176470673e-01 6.677001239847360381e+00
3.921568627450980338e-01 8.179410194710934334e+00
3.960784313725490002e-01 7.660790118744203347e+00
4.000000000000000222e-01 7.878657791482071460e+00
4.039215686274509887e-01 5.891464658595090498e+00
4.078431372549019551e-01 5.484228788936693633e+00
4.117647058823529216e-01 6.542604399344035038e+00
4.156862745098038880e-01 4.985914119681218892e+00
4.196078431372549100e-01 6.590345422940770526e+00
4.235294117647058765e-01 7.276403699280403536e+00
4.274509803921568429e-01 6.388819756112029680e+00
4.313725490196078649e-01 8.299766531045845497e+00
4.352941176470588314e-01 5.476028763285359702e+00
4.392156862745097978e-01 5.304832306841048783e+00
4.431372549019607643e-01 5.971890074926371916e+00
4.470588235294117307e-01 6.604431035396737038e+00
4.509803921568627527e-01 6.677638153636070939e+00
4.549019607843137192e-01 5.250145183439909324e+00
4.588235294117646856e-01 5.888089244019733215e+00
4.627450980392157076e-01 7.926533909069153339e+00
4.666666666666666741e-01 6.528464045681404038e+00
4.705882352941176405e-01 6.105273760075450085e+00
4.745098039215686070e-01 6.771332331525971249e+00
4.784313725490195734e-01 6.415174570826954081e+00
4.823529411764705954e-01 5.104731853850401180e+00
4.862745098039215619e-01 7.056364201583379625e+00
4.901960784313725283e-01 6.411852956065898113e+00
4.941176470588235503e-01 7.796835696887491451e+00
4.980392156862745168e-01 6.758241701710709926e+00
5.019607843137254832e-01 5.165887237425586420e+00
5.058823529411764497e-01 5.284545714709860675e+00
5.098039215686274161e-01 8.903163048877916097e+00
5.137254901960783826e-01 7.293401844396592892e+00
5.176470588235293491e-01 5.446096673786740894e+00
5.215686274509804266e-01 7.278506132902156089e+00
5.254901960784313930e-01 5.312930289513641213e+00
5.294117647058823595e-01 5.495478950276120322e+00
5.333333333333333259e-01 4.754546605969927064e+00
5.372549019607842924e-01 5.790393405674130634e+00
5.411764705882352589e-01 5.091012566353457558e+00
5.450980392156862253e-01 6.478946925425344006e+00
5.490196078431373028e-01 4.475316188753550861e+00
5.529411764705882693e-01 8.458583626984923498e+00
5.568627450980392357e-01 6.670522418163312928e+00
5.607843137254902022e-01 4.279447237860119380e+00
5.647058823529411686e-01 3.422191824168032692e+00
5.686274509803921351e-01 4.262452907682463987e+00
5.725490196078431016e-01 4.689618911241440813e+00
5.764705882352940680e-01 4.312970674438569851e+00
5.803921568627450345e-01 5.335620670039761926e+00
5.843137254901961120e-01 6.184758003096099799e+00
5.882352941176470784e-01 6.525279990056688462e+00
5.921568627450980449e-01 7.132217163748848066e+00
5.960784313725490113e-01 4.625465654037347107e+00
5.999999999999999778e-01 5.477618313882826051e+00
6.039215686274509443e-01 4.875413713578772956e+00
6.078431372549019107e-01 5.936798348776822110e+00
6.117647058823529882e-01 6.136187374827986041e+00
6.156862745098039547e-01 5.969024579376288386e+00
6.196078431372549211e-01 7.977931407429426969e+00
6.235294117647058876e-01 7.781582665288620859e+00
6.274509803921568540e-01 6.130883281643487059e+00
6.313725490196078205e-01 5.489624567159999913e+00
6.352941176470587870e-01 5.272066582228204012e+00
6.392156862745097534e-01 7.033828563182464855e+00
6.431372549019607199e-01 8.091726305884664683e+00
6.470588235294117974e-01 7.439926279068441950e+00
6.509803921568627638e-01 6.950648455695128014e+00
6.549019607843137303e-01 8.329039167812432254e+00
6.588235294117646967e-01 5.563271629611880265e+00
6.627450980392156632e-01 4.225978114538274433e+00
6.666666666666666297e-01 5.462503591322624530e+00
6.705882352941175961e-01 7.045485585459950073e+00
6.745098039215686736e-01 6.695130894338043426e+00
6.784313725490196401e-01 6.647929800103058895e+00
6.823529411764706065e-01 5.482704580229571967e+00
6.862745098039215730e-01 7.019957464488189913e+00
6.901960784313725394e-01 6.902565357514793831e+00
6.941176470588235059e-01 5.826102519776428679e+00
6.980392156862744724e-01 3.008982713764693617e+00
7.019607843137254388e-01 6.253693390168634458e+00
7.058823529411764053e-01 6.763196280132707017e+00
7.098039215686274828e-01 5.143645279354250199e+00
7.137254901960784492e-01 6.519281967813925327e+00
7.176470588235294157e-01 4.977954208269533609e+00
7.215686274509803821e-01 5.066935428112122608e+00
7.254901960784313486e-01 5.167077779705576468e+00
7.294117647058823151e-01 6.555424247307187535e+00
7.333333333333332815e-01 6.267825583303317849e+00
7.372549019607843590e-01 5.774087645547968606e+00
7.411764705882353255e-01 5.942832814022074750e+00
7.450980392156862919e-01 4.923339431031470426e+00
7.490196078431372584e-01 6.178147033467161542e+00
7.529411764705882248e-01 5.868854893423034014e+00
7.568627450980391913e-01 4.245003931239972772e+00
7.607843137254901578e-01 4.947502390344883594e+00
7.647058823529411242e-01 2.624419535216763411e+00
7.686274509803920907e-01 4.723862552789546143e+00
7.725490196078431682e-01 5.031155164237513411e+00
7.764705882352941346e-01 4.984071802809348029e+00
7.803921568627451011e-01 4.036221696547082516e+00
7.843137254901960675e-01 3.266717977611824253e+00
7.882352941176470340e-01 3.833865631982497302e+00
7.921568627450980005e-01 5.682027853094185232e+00
7.960784313725489669e-01 3.881672100718312812e+00
8.000000000000000444e-01 4.477690689191194728e+00
8.039215686274510109e-01 4.412590324635153216e+00
8.078431372549019773e-01 5.861049847781838906e+00
8.117647058823529438e-01 4.686496343338232506e+00
8.156862745098039102e-01 4.381915619467724454e+00
8.196078431372548767e-01 3.617298917412963277e+00
8.235294117647058432e-01 2.467618763534380477e+00
8.274509803921568096e-01 3.622967334906766368e+00
8.313725490196077761e-01 3.637549582045594310e+00
8.352941176470588536e-01 5.889982794781160713e+00
8.392156862745098200e-01 4.387190883652987594e+00
8.431372549019607865e-01 -3.300861302401525421e-02
8.470588235294117530e-01 3.308116206334974052e+00
8.509803921568627194e-01 3.952179094541337534e+00
8.549019607843136859e-01 3.991682202600284501e+00
8.588235294117646523e-01 2.590402332614636371e+00
8.627450980392157298e-01 3.660558705917538624e+00
8.666666666666666963e-01 3.944606600325441192e+00
8.705882352941176627e-01 3.637624365051787212e+00
8.745098039215686292e-01 3.030811447569502270e+00
8.784313725490195957e-01 3.363310754827788962e+00
8.823529411764705621e-01 3.437737337028951234e+00
8.862745098039215286e-01 5.242285365091936988e+00
8.901960784313724950e-01 2.849138197935959571e+00
8.941176470588234615e-01 3.390975540800795329e+00
8.980392156862745390e-01 2.889761057280481715e+00
9.019607843137255054e-01 3.739128169850535421e+00
9.058823529411764719e-01 4.372724512497311089e+00
9.098039215686274384e-01 2.936564268032664682e+00
9.137254901960784048e-01 2.014903867872113175e+00
9.176470588235293713e-01 3.766463764950656490e+00
9.215686274509803377e-01 4.726819612686050220e+00
9.254901960784314152e-01 4.392043964830275371e+00
9.294117647058823817e-01 4.468530347781797474e+00
9.333333333333333481e-01 4.055544188528945604e+00
9.372549019607843146e-01 3.813150239651707185e+00
9.411764705882352811e-01 3.705115816199203493e+00
9.450980392156862475e-01 3.510435283675044538e+00
9.490196078431372140e-01 1.878679266043393747e+00
9.529411764705881804e-01 4.578218110429308929e+00
9.568627450980391469e-01 4.447884268454474821e+00
9.607843137254902244e-01 3.299015288387027400e+00
9.647058823529411908e-01 1.409433311588000670e+00
9.686274509803921573e-01 2.268123703790145385e+00
9.725490196078431238e-01 4.394306913755110067e+00
9.764705882352940902e-01 2.935227041744705723e+00
9.803921568627450567e-01 2.475255326205249240e+00
9.843137254901960231e-01 2.004700673173100078e+00
9.882352941176471006e-01 7.217727538894704864e-01
9.921568627450980671e-01 1.312461901229211136e+00
9.960784313725490335e-01 2.177282934921024982e+00
1.000000000000000000e+00 2.291629589694148539e+00
