0.000000000000000000e+00 1.408149414746735051e+00
3.921568627450980338e-03 2.700010223828086975e+00
7.843137254901960675e-03 9.916403061200507185e-01
1.176470588235294101e-02 2.359935964356882465e+00
1.568627450980392135e-02 2.813993130973065249e+00
1.960784313725490169e-02 4.517645496725863907e+00
2.352941176470588203e-02 3.738776182500042289e+00
2.745098039215686236e-02 1.562537886594059788e+00
3.137254901960784270e-02 3.924132327270976273e+00
3.529411764705882304e-02 2.614170578329749972e+00
3.921568627450980338e-02 2.011669012012022861e+00
4.313725490196078372e-02 2.712923947129884272e+00
4.705882352941176405e-02 2.191568835847421681e+00
5.098039215686274439e-02 3.543865793747828619e+00
5.490196078431372473e-02 2.395218942946469642e+00
5.882352941176470507e-02 3.005523092246864092e+00
6.274509803921568540e-02 3.088765403037253332e+00
6.666666666666666574e-02 4.767446189262471989e+00
7.058823529411764608e-02 3.111599869962449638e+00
7.450980392156862642e-02 2.763178995928609716e+00
7.843137254901960675e-02 1.051846042713355356e+00
8.235294117647058709e-02 4.354678441264119293e+00
8.627450980392156743e-02 3.070388046119118197e+00
9.019607843137254777e-02 2.809114219911915011e+00
9.411764705882352811e-02 3.643674471862289543e+00
9.803921568627450844e-02 1.909246796776776556e+00
1.019607843137254888e-01 2.914396027564158942e+00
1.058823529411764691e-01 1.984132649980354657e+00
1.098039215686274495e-01 2.568524148101845039e+00
1.137254901960784298e-01 3.028427629033742630e+00
1.176470588235294101e-01 3.493926130858998391e+00
1.215686274509803905e-01 2.931031009680909349e+00
1.254901960784313708e-01 1.976097560933534947e+00
1.294117647058823373e-01 3.535120063164387982e+00
1.333333333333333315e-01 3.155859392743667335e+00
1.372549019607843257e-01 2.346230817565071014e+00
1.411764705882352922e-01 2.185898643780890716e+00
1.450980392156862586e-01 2.588365733164658788e+00
1.490196078431372528e-01 1.655769133013990979e+00
1.529411764705882470e-01 2.111547293739025832e+00
1.568627450980392135e-01 3.190965299585270643e+00
1.607843137254901800e-01 1.737438095376601765e+00
1.647058823529411742e-01 3.729594292716674975e+00
1.686274509803921684e-01 3.379305469363321990e+00
1.725490196078431349e-01 3.659073169633963118e+00
1.764705882352941013e-01 2.316719340111342174e+00
1.803921568627450955e-01 2.985598530817677787e+00
1.843137254901960898e-01 1.914478070645226238e+00
1.882352941176470562e-01 4.030979834156569019e+00
1.921568627450980227e-01 4.817735013873166494e+00
1.960784313725490169e-01 2.467581818419987805e+00
2.000000000000000111e-01 1.304958377151336002e+00
2.039215686274509776e-01 1.606893239440943200e+00
2.078431372549019440e-01 3.892904925149047290e+00
2.117647058823529382e-01 3.126704794880600158e+00
2.156862745098039325e-01 4.579948108818596708e+00
2.196078431372548989e-01 3.731680991010476234e+00
2.235294117647058654e-01 5.343241866609157675e+00
2.274509803921568596e-01 3.081738526725796845e+00
2.313725490196078538e-01 3.472772809352047130e+00
2.352941176470588203e-01 3.109017283721466463e+00
2.392156862745097867e-01 2.493654976067686491e+00
2.431372549019607809e-01 1.424230428983668695e+00
2.470588235294117752e-01 4.225720871339491147e+00
2.509803921568627416e-01 1.406404832515564252e+00
2.549019607843137081e-01 4.243187864568580103e+00
2.588235294117646745e-01 1.986016556836459834e+00
2.627450980392156965e-01 3.484861982081364218e+00
2.666666666666666630e-01 4.325597827335336376e+00
2.705882352941176294e-01 3.001094199326095335e+00
2.745098039215686514e-01 4.774597031532215929e+00
2.784313725490196179e-01 2.872601189716914138e+00
2.823529411764705843e-01 4.332720513618455449e-01
2.862745098039215508e-01 1.968814233392192969e+00
2.901960784313725172e-01 1.472223011854338015e+00
2.941176470588235392e-01 2.084281559327994415e+00
2.980392156862745057e-01 -3.990017136496160077e-02
3.019607843137254721e-01 2.704099044682656938e+00
3.058823529411764941e-01 5.098236793886761653e+00
3.098039215686274606e-01 2.462768223897525033e+00
3.137254901960784270e-01 3.892353619925312813e+00
3.176470588235293935e-01 3.517610235309983402e+00
3.215686274509803599e-01 3.879729496216905105e+00
3.254901960784313819e-01 6.040820017095738237e+00
3.294117647058823484e-01 4.848247425157973467e+00
3.333333333333333148e-01 5.068130846429776959e+00
3.372549019607843368e-01 5.421353568601309902e+00
3.411764705882353033e-01 2.559093243936697348e+00
3.450980392156862697e-01 5.144421023522491865e+00
3.490196078431372362e-01 3.116107118384437769e+00
3.529411764705882026e-01 2.156452913179195185e+00
3.568627450980392246e-01 3.083483883494792188e+00
3.607843137254901911e-01 3.545512052805026126e+00
3.647058823529411575e-01 3.490086777355915881e+00
3.686274509803921795e-01 5.516241076247014874e+00
3.725490196078431460e-01 3.238030796586409910e+00
3.764705882352941124e-01 3.821426027099090739e+00
3.803921568627450789e-01 3.979865875733769265e+00
3.843137254901960453e-01 4.582393525398011924e+00
3.882352941176470673e-01 4.602306095550591891e+00
3.921568627450980338e-01 5.552662688689791182e+00
3.960784313725490002e-01 4.987524932592186211e+00
4.000000000000000222e-01 5.355085627454608144e+00
4.039215686274509887e-01 4.815061643186152374e+00
4.078431372549019551e-01 4.903481397160615707e+00
4.117647058823529216e-01 3.277463936333225636e+00
4.156862745098038880e-01 2.734010331374332026e+00
4.196078431372549100e-01 6.127254098159450102e+00
4.235294117647058765e-01 3.857317932861482834e+00
4.274509803921568429e-01 6.054687315679178283e+00
4.313725490196078649e-01 5.456731251932955828e+00
4.352941176470588314e-01 5.438094575709724765e+00
4.392156862745097978e-01 5.844771583486485511e+00
4.431372549019607643e-01 6.559410784580772535e+00
4.470588235294117307e-01 3.986610809703080793e+00
4.509803921568627527e-01 4.223949636085667869e+00
4.549019607843137192e-01 3.522222847243306809e+00
4.588235294117646856e-01 3.632264423990696045e+00
4.627450980392157076e-01 4.273673121015527876e+00
4.666666666666666741e-01 5.107287774492582422e+00
4.705882352941176405e-01 6.522680562318937447e+00
4.745098039215686070e-01 6.096859072855172812e+00
4.784313725490195734e-01 4.991533793502219929e+00
4.823529411764705954e-01 5.668088652707748309e+00
4.862745098039215619e-01 6.403361326284742638e+00
4.901960784313725283e-01 6.013625756920458088e+00
4.941176470588235503e-01 4.116895436957603849e+00
4.980392156862745168e-01 3.441595919675485948e+00
5.019607843137254832e-01 5.614430099694343923e+00
5.058823529411764497e-01 6.250951615178071741e+00
5.098039215686274161e-01 4.347790742993535851e+00
5.137254901960783826e-01 3.607618550236281862e+00
5.176470588235293491e-01 6.036804196807089795e+00
5.215686274509804266e-01 5.647848161688562740e+00
5.254901960784313930e-01 5.923195234947283616e+00
5.294117647058823595e-01 5.557076305179292852e+00
5.333333333333333259e-01 4.314593194132793741e+00
5.372549019607842924e-01 5.787777877397840776e+00
5.411764705882352589e-01 4.066604404447190291e+00
5.450980392156862253e-01 3.750580484764450162e+00
5.490196078431373028e-01 4.154694117004361864e+00
5.529411764705882693e-01 3.734201724114996512e+00
5.568627450980392357e-01 4.829312839097572585e+00
5.607843137254902022e-01 4.567110729764725541e+00
5.647058823529411686e-01 6.595223733761807594e+00
5.686274509803921351e-01 4.770801293727161330e+00
5.725490196078431016e-01 4.486588895524568521e+00
5.764705882352940680e-01 7.001921478273520627e+00
5.803921568627450345e-01 5.133008816321615875e+00
5.843137254901961120e-01 5.124639701642891509e+00
5.882352941176470784e-01 4.749412102851661821e+00
5.921568627450980449e-01 4.181570281693294255e+00
5.960784313725490113e-01 5.006487538102210699e+00
5.999999999999999778e-01 4.077863003840310085e+00
6.039215686274509443e-01 4.234540668419688458e+00
6.078431372549019107e-01 5.093623257077522837e+00
6.117647058823529882e-01 5.568567780356831420e+00
6.156862745098039547e-01 3.140759358177548144e+00
6.196078431372549211e-01 1.823761667184187640e+00
6.235294117647058876e-01 4.095086422369775825e+00
6.274509803921568540e-01 2.531336158215991450e+00
6.313725490196078205e-01 2.405918871292457517e+00
6.352941176470587870e-01 3.600299176556778669e+00
6.392156862745097534e-01 3.795052282353364781e+00
6.431372549019607199e-01 5.107969890548405445e+00
6.470588235294117974e-01 3.442735390847058596e+00
6.509803921568627638e-01 6.562749171052449704e+00
6.549019607843137303e-01 6.090191747049869875e+00
6.588235294117646967e-01 4.931363827686946699e+00
6.627450980392156632e-01 6.409165277791332826e+00
6.666666666666666297e-01 2.937338034088903260e+00
6.705882352941175961e-01 2.555186108718478621e+00
6.745098039215686736e-01 3.511455465278878751e+00
6.784313725490196401e-01 3.361749517878721338e+00
6.823529411764706065e-01 1.086400901382821527e+00
6.862745098039215730e-01 4.171971289281131590e+00
6.901960784313725394e-01 4.662925067256114886e+00
6.941176470588235059e-01 5.304259611013879550e+00
6.980392156862744724e-01 5.071218215220213210e+00
7.019607843137254388e-01 4.309933050956156642e+00
7.058823529411764053e-01 5.652788769133190172e+00
7.098039215686274828e-01 6.052915438564751227e+00
7.137254901960784492e-01 2.596155046484416751e+00
7.176470588235294157e-01 4.727535669486420566e+00
7.215686274509803821e-01 3.596923929933677933e+00
7.254901960784313486e-01 3.338312739060271372e+00
7.294117647058823151e-01 2.067887925680011119e+00
7.333333333333332815e-01 4.110404516311088052e+00
7.372549019607843590e-01 3.594086069815036311e+00
7.411764705882353255e-01 3.924759122069368722e+00
7.450980392156862919e-01 2.334686988946646835e+00
7.490196078431372584e-01 3.517136211599619866e+00
7.529411764705882248e-01 5.213256499139323985e+00
7.568627450980391913e-01 5.076084271445677309e+00
7.607843137254901578e-01 5.225246346436237310e+00
7.647058823529411242e-01 4.501864650513744515e+00
7.686274509803920907e-01 3.141809011626119919e+00
7.725490196078431682e-01 4.297458703304042338e+00
7.764705882352941346e-01 2.673646177884396735e+00
7.803921568627451011e-01 5.972692352430381213e+00
7.843137254901960675e-01 3.561612767552576386e+00
7.882352941176470340e-01 4.488989594453812515e+00
7.921568627450980005e-01 4.301688013363920149e+00
7.960784313725489669e-01 3.415851122351290403e+00
8.000000000000000444e-01 2.960046856490801126e+00
8.039215686274510109e-01 4.347546122357832665e+00
8.078431372549019773e-01 3.745924324111766790e+00
8.117647058823529438e-01 5.290778382281853709e+00
8.156862745098039102e-01 4.171220342546686055e+00
8.196078431372548767e-01 4.481183802604400412e+00
8.235294117647058432e-01 3.175647817629705827e+00
8.274509803921568096e-01 5.164213763291360948e+00
8.313725490196077761e-01 3.626656694819156979e+00
8.352941176470588536e-01 1.995234618029665619e+00
8.392156862745098200e-01 3.897275480978665829e+00
8.431372549019607865e-01 3.211963459693888190e+00
8.470588235294117530e-01 1.529543115148737087e+00
8.509803921568627194e-01 3.240754083813383701e+00
8.549019607843136859e-01 2.187417305904034937e+00
8.588235294117646523e-01 4.094014252494154071e+00
8.627450980392157298e-01 2.785526175862964582e+00
8.666666666666666963e-01 3.944915505175436543e+00
8.705882352941176627e-01 4.565717760787658897e+00
8.745098039215686292e-01 5.050365066426556027e+00
8.784313725490195957e-01 3.176709830546053492e+00
8.823529411764705621e-01 3.823631707767237486e+00
8.862745098039215286e-01 3.468219727311492750e+00
8.901960784313724950e-01 3.929558243230065528e+00
8.941176470588234615e-01 5.040603827355987221e+00
8.980392156862745390e-01 1.955087617323431060e+00
9.019607843137255054e-01 4.961474237453995961e+00
9.058823529411764719e-01 5.720465691193894031e+00
9.098039215686274384e-01 3.227292125841092929e+00
9.137254901960784048e-01 2.325610371494693407e+00
9.176470588235293713e-01 2.764302806030793480e+00
9.215686274509803377e-01 2.756088080408360064e+00
9.254901960784314152e-01 4.854845386899451221e+00
9.294117647058823817e-01 3.431741147797645830e+00
9.333333333333333481e-01 3.957665768024373421e+00
9.372549019607843146e-01 4.048510266233820154e+00
9.411764705882352811e-01 3.376645064046302824e+00
9.450980392156862475e-01 3.645675179723569581e+00
9.490196078431372140e-01 4.275459151038861094e+00
9.529411764705881804e-01 4.363277391182890597e+00
9.568627450980391469e-01 3.539225508797513520e+00
9.607843137254902244e-01 4.646493447269279820e+00
9.647058823529411908e-01 3.366871782491689835e+00
9.686274509803921573e-01 3.627683587990315317e+00
9.725490196078431238e-01 4.262577533413483444e+00
9.764705882352940902e-01 4.993829793922067495e+00
9.803921568627450567e-01 3.215867784184810674e+00
9.843137254901960231e-01 3.618582180915185020e+00
9.882352941176471006e-01 4.777378013538567281e+00
9.921568627450980671e-01 3.687855655119992360e+00
9.960784313725490335e-01 3.171917939701354161e+00
1.000000000000000000e+00 4.240242225232096374e+00
