0.000000000000000000e+00 3.971396545941017209e+00
3.921568627450980338e-03 5.368704264940120652e+00
7.843137254901960675e-03 1.160801589433627212e+00
1.176470588235294101e-02 2.347451768233947966e+00
1.568627450980392135e-02 3.232067773147275780e+00
1.960784313725490169e-02 7.751937928901624364e-01
2.352941176470588203e-02 2.938724058835626707e+00
2.745098039215686236e-02 6.204477423347840581e-01
3.137254901960784270e-02 2.377884435313285305e+00
3.529411764705882304e-02 7.554967743892115895e-01
3.921568627450980338e-02 2.728622116477827486e+00
4.313725490196078372e-02 2.530652107291136321e+00
4.705882352941176405e-02 3.496152496756549599e+00
5.098039215686274439e-02 3.388604242416472623e+00
5.490196078431372473e-02 3.885391704516484523e+00
5.882352941176470507e-02 3.498719285054816108e+00
6.274509803921568540e-02 5.751878103374819418e+00
6.666666666666666574e-02 2.451311194830677387e+00
7.058823529411764608e-02 2.707427527388684751e+00
7.450980392156862642e-02 2.329262102346507213e+00
7.843137254901960675e-02 3.178940512707559840e-01
8.235294117647058709e-02 4.698061063093808443e+00
8.627450980392156743e-02 3.654015924269223170e+00
9.019607843137254777e-02 3.778108464098108854e+00
9.411764705882352811e-02 4.069427166520272365e+00
9.803921568627450844e-02 3.948863614772479380e+00
1.019607843137254888e-01 3.796150943350992790e+00
1.058823529411764691e-01 4.541878903943766588e+00
1.098039215686274495e-01 1.626604752070894833e+00
1.137254901960784298e-01 4.951623797866906429e+00
1.176470588235294101e-01 3.024006612698500351e+00
1.215686274509803905e-01 1.663243357627213648e+00
1.254901960784313708e-01 2.795419027731053774e+00
1.294117647058823373e-01 2.905660339705696593e+00
1.333333333333333315e-01 5.064232914628015614e+00
1.372549019607843257e-01 4.812068392469017297e+00
1.411764705882352922e-01 3.166930998126861407e+00
1.450980392156862586e-01 4.294435880768858738e+00
1.490196078431372528e-01 3.815818855255840081e+00
1.529411764705882470e-01 3.527122844185041739e+00
1.568627450980392135e-01 1.504481565911738539e+00
1.607843137254901800e-01 3.450358660252846654e+00
1.647058823529411742e-01 2.731157344114793162e+00
1.686274509803921684e-01 1.961865891011810970e+00
1.725490196078431349e-01 3.274265422249212243e+00
1.764705882352941013e-01 9.294273040550429243e-01
1.803921568627450955e-01 1.799214504629476075e-01
1.843137254901960898e-01 -2.846344193709358095e-01
1.882352941176470562e-01 2.688505827516138869e+00
1.921568627450980227e-01 4.220287616894147220e+00
1.960784313725490169e-01 3.954805807229257564e+00
2.000000000000000111e-01 3.740877563978078690e+00
2.039215686274509776e-01 7.634592519156528923e+00
2.078431372549019440e-01 4.945944117015104169e+00
2.117647058823529382e-01 9.034069393506019452e+00
2.156862745098039325e-01 6.885188462317112013e+00
2.196078431372548989e-01 5.866865620855779007e+00
2.235294117647058654e-01 4.374793261174584558e+00
2.274509803921568596e-01 4.187481857203135149e+00
2.313725490196078538e-01 1.989770766457193307e+00
2.352941176470588203e-01 2.249185472299379374e+00
2.392156862745097867e-01 2.063797163667803858e+00
2.431372549019607809e-01 2.453030706414057516e+00
2.470588235294117752e-01 3.682267462713832984e+00
2.509803921568627416e-01 7.699909150929909352e+00
2.549019607843137081e-01 7.579678933775079841e+00
2.588235294117646745e-01 7.186259185013730288e+00
2.627450980392156965e-01 5.807445899391890265e+00
2.666666666666666630e-01 6.671319015238688976e+00
2.705882352941176294e-01 6.439312302763570806e+00
2.745098039215686514e-01 5.204008682474946745e+00
2.784313725490196179e-01 3.413644107430997998e+00
2.823529411764705843e-01 3.892042798673766235e+00
2.862745098039215508e-01 4.464069612965251288e+00
2.901960784313725172e-01 2.029989030077505863e+00
2.941176470588235392e-01 4.660669152714707941e+00
2.980392156862745057e-01 3.206994287883769168e+00
3.019607843137254721e-01 3.194588015910936107e+00
3.058823529411764941e-01 6.905963092350177135e+00
3.098039215686274606e-01 3.746749500394786381e+00
3.137254901960784270e-01 5.806632998855031147e+00
3.176470588235293935e-01 7.910208273692438397e+00
3.215686274509803599e-01 6.833260585830944756e+00
3.254901960784313819e-01 3.862396017109340995e+00
3.294117647058823484e-01 5.550477689438763740e+00
3.333333333333333148e-01 8.034027836814656709e+00
3.372549019607843368e-01 5.352312918881114712e+00
3.411764705882353033e-01 6.662816829321210221e+00
3.450980392156862697e-01 6.764066739076614709e+00
3.490196078431372362e-01 5.919720352926189477e+00
3.529411764705882026e-01 7.389093754171181416e+00
3.568627450980392246e-01 4.674524502736145948e+00
3.607843137254901911e-01 5.483195552335031309e+00
3.647058823529411575e-01 6.678000343719250331e+00
3.686274509803921795e-01 6.579876703785269676e+00
3.725490196078431460e-01 6.975201447091330387e+00
3.764705882352941124e-01 5.696198052934039247e+00
3.803921568627450789e-01 5.057387141384390716e+00
3.843137254901960453e-01 3.907147460432320418e+00
3.882352941176470673e-01 3.520864776483393577e+00
3.921568627450980338e-01 4.988602360751428932e+00
3.960784313725490002e-01 4.978053191343197348e+00
4.000000000000000222e-01 5.645917191196568652e+00
4.039215686274509887e-01 4.719260930471680382e+00
4.078431372549019551e-01 4.648797043117101069e+00
4.117647058823529216e-01 6.540130554010739061e+00
4.156862745098038880e-01 7.324928029716082811e+00
4.196078431372549100e-01 6.770504509859073927e+00
4.235294117647058765e-01 8.175409018061992938e+00
4.274509803921568429e-01 6.604223062220966334e+00
4.313725490196078649e-01 6.809688880901633823e+00
4.352941176470588314e-01 5.758199232579582549e+00
4.392156862745097978e-01 6.497978227894043002e+00
4.431372549019607643e-01 4.755871775444639127e+00
4.470588235294117307e-01 7.015846793356936395e+00
4.509803921568627527e-01 7.229126205637903091e+00
4.549019607843137192e-01 5.593955685938087896e+00
4.588235294117646856e-01 5.263996719228029697e+00
4.627450980392157076e-01 6.472640418935047713e+00
4.666666666666666741e-01 6.151050208665521879e+00
4.705882352941176405e-01 6.627988684631334948e+00
4.745098039215686070e-01 6.276248630289345876e+00
4.784313725490195734e-01 7.886171303435641988e+00
4.823529411764705954e-01 8.472574325586133881e+00
4.862745098039215619e-01 6.907794909433526698e+00
4.901960784313725283e-01 4.788123272872709002e+00
4.941176470588235503e-01 5.159676255216544938e+00
4.980392156862745168e-01 6.380476422363674516e+00
5.019607843137254832e-01 7.616880635206758399e+00
5.058823529411764497e-01 5.115637299291670104e+00
5.098039215686274161e-01 7.416944615334100988e+00
5.137254901960783826e-01 7.488130025415816959e+00
5.176470588235293491e-01 6.744086358332452846e+00
5.215686274509804266e-01 9.248264279873271931e+00
5.254901960784313930e-01 8.131742566303213238e+00
5.294117647058823595e-01 9.965368050381673726e+00
5.333333333333333259e-01 8.485669822499136927e+00
5.372549019607842924e-01 7.505042013354066732e+00
5.411764705882352589e-01 4.895243564582703044e+00
5.450980392156862253e-01 4.386846603512593035e+00
5.490196078431373028e-01 4.164658860222294479e+00
5.529411764705882693e-01 4.359993749942367991e+00
5.568627450980392357e-01 6.982216908739436789e+00
5.607843137254902022e-01 6.390308010144491568e+00
5.647058823529411686e-01 6.426188515956711811e+00
5.686274509803921351e-01 7.393921128666828935e+00
5.725490196078431016e-01 8.168785361988248894e+00
5.764705882352940680e-01 7.831182194621207238e+00
5.803921568627450345e-01 8.379033702950575702e+00
5.843137254901961120e-01 7.520447516932876830e+00
5.882352941176470784e-01 6.394700246055143644e+00
5.921568627450980449e-01 7.640900918877597370e+00
5.960784313725490113e-01 5.374033683171928644e+00
5.999999999999999778e-01 7.834241692307423399e+00
6.039215686274509443e-01 4.662381834282723680e+00
6.078431372549019107e-01 6.309160455293128855e+00
6.117647058823529882e-01 5.893866985279656134e+00
6.156862745098039547e-01 6.016479488122964625e+00
6.196078431372549211e-01 5.541995663552937934e+00
6.235294117647058876e-01 6.413767758270894959e+00
6.274509803921568540e-01 5.949954742167937738e+00
6.313725490196078205e-01 6.292568300020041860e+00
6.352941176470587870e-01 7.993389980369373760e+00
6.392156862745097534e-01 5.619882429591979367e+00
6.431372549019607199e-01 7.828030953516432966e+00
6.470588235294117974e-01 5.059998386877651910e+00
6.509803921568627638e-01 5.255920013105340516e+00
6.549019607843137303e-01 5.596305300643228620e+00
6.588235294117646967e-01 6.303300300125589395e+00
6.627450980392156632e-01 8.742410476457791901e+00
6.666666666666666297e-01 8.156777415636554451e+00
6.705882352941175961e-01 1.051128144885434956e+01
6.745098039215686736e-01 8.584785801663471716e+00
6.784313725490196401e-01 7.742350114742208689e+00
6.823529411764706065e-01 7.262334893851577711e+00
6.862745098039215730e-01 5.136676363087873121e+00
6.901960784313725394e-01 5.859809106087839226e+00
6.941176470588235059e-01 3.648853700552567414e+00
6.980392156862744724e-01 3.599999246256778029e+00
7.019607843137254388e-01 5.432795370560273618e+00
7.058823529411764053e-01 7.962978101509057716e+00
7.098039215686274828e-01 5.327684033823921972e+00
7.137254901960784492e-01 7.603685730110372631e+00
7.176470588235294157e-01 7.646648235947126615e+00
7.215686274509803821e-01 8.635720761416322944e+00
7.254901960784313486e-01 8.561502570961858183e+00
7.294117647058823151e-01 8.818640905796716112e+00
7.333333333333332815e-01 7.030679060612078146e+00
7.372549019607843590e-01 6.899186412478949926e+00
7.411764705882353255e-01 6.617846597996334346e+00
7.450980392156862919e-01 6.691583102528920968e+00
7.490196078431372584e-01 6.239699283284820375e+00
7.529411764705882248e-01 6.095706114978633572e+00
7.568627450980391913e-01 4.723960768364582563e+00
7.607843137254901578e-01 6.725933717638832299e+00
7.647058823529411242e-01 5.922603598960615834e+00
7.686274509803920907e-01 6.115503429821625758e+00
7.725490196078431682e-01 4.461646312162045547e+00
7.764705882352941346e-01 7.261848539087830012e+00
7.803921568627451011e-01 6.207947748968040358e+00
7.843137254901960675e-01 6.651878961685917524e+00
7.882352941176470340e-01 7.042056370414783828e+00
7.921568627450980005e-01 4.880094007558647640e+00
7.960784313725489669e-01 4.369111994862636017e+00
8.000000000000000444e-01 5.895080302625810731e+00
8.039215686274510109e-01 4.157664337044959524e+00
8.078431372549019773e-01 6.550264671225114910e+00
8.117647058823529438e-01 6.290265776062366143e+00
8.156862745098039102e-01 6.537236571873634716e+00
8.196078431372548767e-01 6.605050492225757353e+00
8.235294117647058432e-01 6.591634724687905234e+00
8.274509803921568096e-01 5.602340746175737962e+00
8.313725490196077761e-01 6.747551378691055923e+00
8.352941176470588536e-01 5.905565657866456597e+00
8.392156862745098200e-01 3.802786967907677784e+00
8.431372549019607865e-01 4.580282323434555991e+00
8.470588235294117530e-01 4.504693834268885588e+00
8.509803921568627194e-01 4.065587715983695283e+00
8.549019607843136859e-01 6.285171537529537389e+00
8.588235294117646523e-01 5.722623599472356659e+00
8.627450980392157298e-01 5.335455975472362056e+00
8.666666666666666963e-01 6.137902997297856267e+00
8.705882352941176627e-01 4.240123681028762803e+00
8.745098039215686292e-01 4.308436399015249663e+00
8.784313725490195957e-01 1.867424815907799740e+00
8.823529411764705621e-01 5.595082207826272302e+00
8.862745098039215286e-01 4.646103429027844456e+00
8.901960784313724950e-01 4.551878037649202291e+00
8.941176470588234615e-01 4.257201048901903206e+00
8.980392156862745390e-01 3.234346188970167013e+00
9.019607843137255054e-01 3.801922818468953302e+00
9.058823529411764719e-01 4.213994467591088089e+00
9.098039215686274384e-01 5.441851261465553868e+00
9.137254901960784048e-01 3.452773459088684938e+00
9.176470588235293713e-01 5.425863009230234901e+00
9.215686274509803377e-01 3.510776295215539911e+00
9.254901960784314152e-01 3.270347572646307821e+00
9.294117647058823817e-01 3.701915725094959697e-01
9.333333333333333481e-01 3.090593382007352119e+00
9.372549019607843146e-01 3.308183587876515563e+00
9.411764705882352811e-01 5.791614414530230626e+00
9.450980392156862475e-01 5.690483580302752920e+00
9.490196078431372140e-01 2.644140229295937061e+00
9.529411764705881804e-01 4.047958560609656864e+00
9.568627450980391469e-01 7.104150001349110788e+00
9.607843137254902244e-01 5.253934791271213101e+00
9.647058823529411908e-01 3.329026865761263831e+00
9.686274509803921573e-01 6.130126602856809548e+00
9.725490196078431238e-01 4.290152795033266742e+00
9.764705882352940902e-01 3.749443257119155604e+00
9.803921568627450567e-01 2.785275888382912512e+00
9.843137254901960231e-01 1.401594071996237201e+00
9.882352941176471006e-01 3.421020541743223120e+00
9.921568627450980671e-01 4.088361802348124741e+00
9.960784313725490335e-01 4.932868557826385114e+00
1.000000000000000000e+00 5.447668806629193838e+00
