0.000000000000000000e+00 4.048411245183970664e+00
3.921568627450980338e-03 3.280923497121739363e+00
7.843137254901960675e-03 4.082278402571379416e+00
1.176470588235294101e-02 1.795595915469504922e+00
1.568627450980392135e-02 3.542401937718662630e+00
1.960784313725490169e-02 3.463350911900299423e+00
2.352941176470588203e-02 2.548774426124170933e+00
2.745098039215686236e-02 6.654595443417155032e-01
3.137254901960784270e-02 4.647161316617170357e+00
3.529411764705882304e-02 1.889712664432190659e+00
3.921568627450980338e-02 2.351636359337710758e+00
4.313725490196078372e-02 2.584191087228446371e+00
4.705882352941176405e-02 2.560246378646460652e+00
5.098039215686274439e-02 2.779937391385643775e+00
5.490196078431372473e-02 3.144726956249190408e+00
5.882352941176470507e-02 3.074476017464235156e+00
6.274509803921568540e-02 3.065918365730042172e+00
6.666666666666666574e-02 4.012074885278016367e+00
7.058823529411764608e-02 2.574370303297627505e+00
7.450980392156862642e-02 3.708236448158495069e+00
7.843137254901960675e-02 3.663434505200315883e+00
8.235294117647058709e-02 4.127990000219442734e+00
8.627450980392156743e-02 3.436053090557845469e+00
9.019607843137254777e-02 5.931464250548284411e+00
9.411764705882352811e-02 3.308801328471249192e+00
9.803921568627450844e-02 1.926399584283268407e+00
1.019607843137254888e-01 2.895412610303779832e+00
1.058823529411764691e-01 2.421551452434062668e+00
1.098039215686274495e-01 2.415935331752062876e+00
1.137254901960784298e-01 3.222859101339899723e+00
1.176470588235294101e-01 2.360063239793274370e+00
1.215686274509803905e-01 3.909874841458652828e+00
1.254901960784313708e-01 3.358233366097943318e+00
1.294117647058823373e-01 3.229145512983304211e+00
1.333333333333333315e-01 2.390353953946854126e+00
1.372549019607843257e-01 1.299438166145297835e+00
1.411764705882352922e-01 2.352966221084452414e+00
1.450980392156862586e-01 3.463753469824268016e+00
1.490196078431372528e-01 4.197636095781327903e+00
1.529411764705882470e-01 6.063721231710070825e+00
1.568627450980392135e-01 4.254523724741472890e+00
1.607843137254901800e-01 4.104408892663726327e+00
1.647058823529411742e-01 9.597271749799531904e-01
1.686274509803921684e-01 3.163935899661196149e+00
1.725490196078431349e-01 2.828048023459159399e+00
1.764705882352941013e-01 5.606429633215560315e+00
1.803921568627450955e-01 3.507136689443841160e+00
1.843137254901960898e-01 4.414394028943564585e+00
1.882352941176470562e-01 3.675603665669413989e+00
1.921568627450980227e-01 7.207623578034474399e-01
1.960784313725490169e-01 1.646223467252275086e+00
2.000000000000000111e-01 1.614619390697707768e+00
2.039215686274509776e-01 2.139706780936093011e+00
2.078431372549019440e-01 5.633307763811204794e+00
2.117647058823529382e-01 6.940176259868746200e+00
2.156862745098039325e-01 3.234171922248707531e+00
2.196078431372548989e-01 3.548495972642730312e+00
2.235294117647058654e-01 2.470048241402041711e+00
2.274509803921568596e-01 3.249916739462801019e+00
2.313725490196078538e-01 1.715412312162599928e+00
2.352941176470588203e-01 3.082723661800469639e+00
2.392156862745097867e-01 5.033226773834675427e+00
2.431372549019607809e-01 5.229057267249189955e+00
2.470588235294117752e-01 5.914087986853213685e+00
2.509803921568627416e-01 5.685595427507691646e+00
2.549019607843137081e-01 3.451683530981946912e+00
2.588235294117646745e-01 5.044532106050422904e+00
2.627450980392156965e-01 3.997248848874586091e+00
2.666666666666666630e-01 3.662252700228808333e+00
2.705882352941176294e-01 4.903719486713750797e+00
2.745098039215686514e-01 5.805002965102195489e+00
2.784313725490196179e-01 5.315222400900753819e+00
2.823529411764705843e-01 5.852290386807741385e+00
2.862745098039215508e-01 3.699942684731448495e+00
2.901960784313725172e-01 2.633726856861732468e+00
2.941176470588235392e-01 3.745597425306873340e+00
2.980392156862745057e-01 3.753022252387046009e+00
3.019607843137254721e-01 4.449462231459016870e+00
3.058823529411764941e-01 5.096979222136289067e+00
3.098039215686274606e-01 5.304137698612823471e+00
3.137254901960784270e-01 5.299690254889757313e+00
3.176470588235293935e-01 4.432510307031803265e+00
3.215686274509803599e-01 5.764799001416693436e+00
3.254901960784313819e-01 2.703816430556986727e+00
3.294117647058823484e-01 2.933857532992948158e+00
3.333333333333333148e-01 1.835453594180558312e+00
3.372549019607843368e-01 4.622587375353957029e+00
3.411764705882353033e-01 4.646151345479809791e+00
3.450980392156862697e-01 3.225968484376377177e+00
3.490196078431372362e-01 2.142492607498804436e+00
3.529411764705882026e-01 2.700686066249599726e+00
3.568627450980392246e-01 2.775252374345892115e+00
3.607843137254901911e-01 1.753847368591917810e+00
3.647058823529411575e-01 4.121864680585376028e+00
3.686274509803921795e-01 5.401883773426613189e+00
3.725490196078431460e-01 5.106420706238591123e+00
3.764705882352941124e-01 6.474191349126114936e+00
3.803921568627450789e-01 5.039235370566308880e+00
3.843137254901960453e-01 4.381598752876171510e+00
3.882352941176470673e-01 4.159457954451338146e+00
3.921568627450980338e-01 3.678388322433780999e+00
3.960784313725490002e-01 3.238102488902870668e+00
4.000000000000000222e-01 6.467314083511459089e+00
4.039215686274509887e-01 4.737313340334963208e+00
4.078431372549019551e-01 5.217366858857928946e+00
4.117647058823529216e-01 4.022314444236366526e+00
4.156862745098038880e-01 4.382307032075542175e+00
4.196078431372549100e-01 5.060584347918490877e+00
4.235294117647058765e-01 5.094095145864346641e+00
4.274509803921568429e-01 5.946322738587904944e+00
4.313725490196078649e-01 5.635484538469993865e+00
4.352941176470588314e-01 6.318132129596235380e+00
4.392156862745097978e-01 4.386524603658615185e+00
4.431372549019607643e-01 3.944808727551897043e+00
4.470588235294117307e-01 4.891781796219701661e+00
4.509803921568627527e-01 4.352442623615756290e+00
4.549019607843137192e-01 2.997772710492268011e+00
4.588235294117646856e-01 4.283348435914205332e+00
4.627450980392157076e-01 5.961212486116370002e+00
4.666666666666666741e-01 5.232966450876073594e+00
4.705882352941176405e-01 7.168597577472775484e+00
4.745098039215686070e-01 3.849345113974898869e+00
4.784313725490195734e-01 5.747212062270502742e+00
4.823529411764705954e-01 5.580637227391869182e+00
4.862745098039215619e-01 3.055311671932785078e+00
4.901960784313725283e-01 2.908176145813530233e+00
4.941176470588235503e-01 2.936767504787705541e+00
4.980392156862745168e-01 3.904435978754647874e+00
5.019607843137254832e-01 4.731014334933798970e+00
5.058823529411764497e-01 3.396308678936675207e+00
5.098039215686274161e-01 3.148268567795628137e+00
5.137254901960783826e-01 3.382433519932895205e+00
5.176470588235293491e-01 5.035749705420582423e+00
5.215686274509804266e-01 3.695519955963496805e+00
5.254901960784313930e-01 3.899565727503981449e+00
5.294117647058823595e-01 3.841305430032018187e+00
5.333333333333333259e-01 3.627439407987043118e+00
5.372549019607842924e-01 5.127715899210372186e+00
5.411764705882352589e-01 2.563953451029891806e+00
5.450980392156862253e-01 2.321439308906626753e+00
5.490196078431373028e-01 3.499583453330398441e+00
5.529411764705882693e-01 2.087718256545766149e+00
5.568627450980392357e-01 2.628673126573892294e+00
5.607843137254902022e-01 4.799376229872073907e+00
5.647058823529411686e-01 5.083477380812471580e+00
5.686274509803921351e-01 4.717515218366235885e+00
5.725490196078431016e-01 4.286719091764961576e+00
5.764705882352940680e-01 4.123467479370865441e+00
5.803921568627450345e-01 3.381445592330871719e+00
5.843137254901961120e-01 1.041139313601148864e+00
5.882352941176470784e-01 4.527228298212206958e+00
5.921568627450980449e-01 6.221833057214415597e+00
5.960784313725490113e-01 4.315550551565558557e+00
5.999999999999999778e-01 5.362589665109418036e+00
6.039215686274509443e-01 4.881010793390875513e+00
6.078431372549019107e-01 3.013188686809029626e+00
6.117647058823529882e-01 3.503746455500755808e+00
6.156862745098039547e-01 2.945905041907291633e+00
6.196078431372549211e-01 3.168756974197746601e+00
6.235294117647058876e-01 5.559366924946586686e+00
6.274509803921568540e-01 3.151215989503609816e+00
6.313725490196078205e-01 5.974829439948619481e+00
6.352941176470587870e-01 4.172697148948841139e+00
6.392156862745097534e-01 5.730377875103549457e+00
6.431372549019607199e-01 4.431489495323395644e+00
6.470588235294117974e-01 4.546844002061540380e+00
6.509803921568627638e-01 2.775780540485269565e+00
6.549019607843137303e-01 2.721569213306258561e+00
6.588235294117646967e-01 4.775499314507719362e+00
6.627450980392156632e-01 4.090757426616949743e+00
6.666666666666666297e-01 4.925045829732513702e+00
6.705882352941175961e-01 3.063250572192528054e+00
6.745098039215686736e-01 2.824307910946712852e+00
6.784313725490196401e-01 1.475065838302156429e+00
6.823529411764706065e-01 1.805306732999480523e+00
6.862745098039215730e-01 4.266936051240331373e+00
6.901960784313725394e-01 3.522015619583925172e+00
6.941176470588235059e-01 2.470771246956933176e+00
6.980392156862744724e-01 4.707231438376966004e+00
7.019607843137254388e-01 3.091286638403810905e+00
7.058823529411764053e-01 4.920796124804379446e+00
7.098039215686274828e-01 3.394318517875973384e+00
7.137254901960784492e-01 2.386076446297578979e+00
7.176470588235294157e-01 3.933640313213902395e+00
7.215686274509803821e-01 4.418990660393368408e+00
7.254901960784313486e-01 4.171973975363554743e+00
7.294117647058823151e-01 4.022393963389424343e+00
7.333333333333332815e-01 5.728881715296998856e+00
7.372549019607843590e-01 4.475830980596539277e+00
7.411764705882353255e-01 3.511727439490285096e+00
7.450980392156862919e-01 2.033777449274335680e+00
7.490196078431372584e-01 3.588436568358265966e+00
7.529411764705882248e-01 2.203459028172951140e+00
7.568627450980391913e-01 5.643059222210128567e+00
7.607843137254901578e-01 2.906438801504726221e+00
7.647058823529411242e-01 3.838972699281075318e+00
7.686274509803920907e-01 2.096982161483887275e+00
7.725490196078431682e-01 4.884946998695649079e+00
7.764705882352941346e-01 2.040882434877310914e+00
7.803921568627451011e-01 3.106478135278476493e+00
7.843137254901960675e-01 3.218032067494547288e+00
7.882352941176470340e-01 4.935187715390735974e+00
7.921568627450980005e-01 2.905626928621860117e+00
7.960784313725489669e-01 2.875750092209101272e+00
8.000000000000000444e-01 2.931256054299324454e+00
8.039215686274510109e-01 4.682102572027790011e+00
8.078431372549019773e-01 2.447877464249705426e+00
8.117647058823529438e-01 2.417772843417649753e+00
8.156862745098039102e-01 3.020609186274346936e+00
8.196078431372548767e-01 2.556195679203746352e+00
8.235294117647058432e-01 2.685928238741164265e+00
8.274509803921568096e-01 2.149728827325106728e+00
8.313725490196077761e-01 2.779700170899853440e+00
8.352941176470588536e-01 4.552816336835823208e+00
8.392156862745098200e-01 3.190834342809720781e+00
8.431372549019607865e-01 1.874183149596079234e+00
8.470588235294117530e-01 9.055053234620897840e-01
8.509803921568627194e-01 2.614832489651498282e+00
8.549019607843136859e-01 2.690540738047507929e+00
8.588235294117646523e-01 3.900169020105525686e+00
8.627450980392157298e-01 1.870491991285835987e+00
8.666666666666666963e-01 4.779448205901433155e+00
8.705882352941176627e-01 3.237723709855333531e+00
8.745098039215686292e-01 2.593303159614949394e+00
8.784313725490195957e-01 8.984137305622299507e-01
8.823529411764705621e-01 1.567899797238895943e+00
8.862745098039215286e-01 2.787122603540577614e+00
8.901960784313724950e-01 2.853271193513966519e+00
8.941176470588234615e-01 3.861251066078501992e+00
8.980392156862745390e-01 2.380166785387558992e+00
9.019607843137255054e-01 1.302936921719047403e+00
9.058823529411764719e-01 1.047571722145629547e+00
9.098039215686274384e-01 2.884484644109120755e+00
9.137254901960784048e-01 2.479326207643834490e+00
9.176470588235293713e-01 5.092737601641192491e+00
9.215686274509803377e-01 1.412133269424312942e+00
9.254901960784314152e-01 3.815537027241231449e+00
9.294117647058823817e-01 3.421550437215866936e+00
9.333333333333333481e-01 1.835144351363783954e+00
9.372549019607843146e-01 1.528213938840102815e+00
9.411764705882352811e-01 1.698665011443035500e+00
9.450980392156862475e-01 2.512578883485053538e+00
9.490196078431372140e-01 4.815284070161180985e-01
9.529411764705881804e-01 2.202525922044612283e+00
9.568627450980391469e-01 9.000459523222836822e-01
9.607843137254902244e-01 8.547115828326230513e-01
9.647058823529411908e-01 -1.511577618864343719e-01
9.686274509803921573e-01 -5.480764829969801966e-01
9.725490196078431238e-01 -4.904967091756784470e-02
9.764705882352940902e-01 1.296039709840853593e+00
9.803921568627450567e-01 7.735594424107963274e-01
9.843137254901960231e-01 3.285783371273219622e+00
9.882352941176471006e-01 2.733117845484366093e+00
9.921568627450980671e-01 8.654231573353838858e-01
9.960784313725490335e-01 4.818824609056029384e-01
1.000000000000000000e+00 -1.101641870613973673e+00
