0.000000000000000000e+00 5.974091669385742875e+00
3.921568627450980338e-03 7.881242260490797236e+00
7.843137254901960675e-03 6.025622244266171990e+00
1.176470588235294101e-02 5.601710029165208660e+00
1.568627450980392135e-02 4.147308832302598169e+00
1.960784313725490169e-02 3.335768682140692665e+00
2.352941176470588203e-02 4.186007533016312898e+00
2.745098039215686236e-02 5.709885438264284296e+00
3.137254901960784270e-02 4.897401370622602279e+00
3.529411764705882304e-02 6.206595990901725202e+00
3.921568627450980338e-02 6.915554157007162139e+00
4.313725490196078372e-02 7.011327271634198333e+00
4.705882352941176405e-02 9.223942568575095535e+00
5.098039215686274439e-02 8.236244364936153417e+00
5.490196078431372473e-02 6.845636670698681314e+00
5.882352941176470507e-02 5.878491143929995388e+00
6.274509803921568540e-02 5.475004417451379446e+00
6.666666666666666574e-02 5.635415638596784405e+00
7.058823529411764608e-02 5.743007090508648105e+00
7.450980392156862642e-02 6.474913180224704412e+00
7.843137254901960675e-02 6.701456466784669885e+00
8.235294117647058709e-02 5.945082338262555943e+00
8.627450980392156743e-02 7.656669986605286304e+00
9.019607843137254777e-02 6.636004373694476044e+00
9.411764705882352811e-02 6.148380801685811470e+00
9.803921568627450844e-02 7.259956775610804769e+00
1.019607843137254888e-01 4.401553975637289007e+00
1.058823529411764691e-01 5.223927788769261227e+00
1.098039215686274495e-01 6.530951471053020541e+00
1.137254901960784298e-01 5.489155959696381260e+00
1.176470588235294101e-01 5.824007030539254615e+00
1.215686274509803905e-01 8.229394856555270366e+00
1.254901960784313708e-01 7.752233774062771587e+00
1.294117647058823373e-01 8.414331688232921991e+00
1.333333333333333315e-01 1.060366327032580713e+01
1.372549019607843257e-01 7.598859293543851479e+00
1.411764705882352922e-01 5.682642276180427388e+00
1.450980392156862586e-01 5.873529821562792463e+00
1.490196078431372528e-01 6.752952194099702155e+00
1.529411764705882470e-01 5.177372289690411300e+00
1.568627450980392135e-01 4.108666843034664673e+00
1.607843137254901800e-01 7.729895178970827452e+00
1.647058823529411742e-01 8.280732112505033271e+00
1.686274509803921684e-01 9.627675265413957462e+00
1.725490196078431349e-01 8.738719364089455155e+00
1.764705882352941013e-01 8.784552082568673370e+00
1.803921568627450955e-01 7.937070568485413702e+00
1.843137254901960898e-01 5.993639145070467578e+00
1.882352941176470562e-01 4.978372400030474765e+00
1.921568627450980227e-01 5.218772652707471593e+00
1.960784313725490169e-01 6.471539892030108376e+00
2.000000000000000111e-01 5.464307598491847884e+00
2.039215686274509776e-01 6.628918210372418685e+00
2.078431372549019440e-01 5.708379729513177736e+00
2.117647058823529382e-01 8.413379240510444390e+00
2.156862745098039325e-01 7.911132354807144829e+00
2.196078431372548989e-01 8.960179878622883010e+00
2.235294117647058654e-01 7.134129921665735452e+00
2.274509803921568596e-01 7.640756392399157271e+00
2.313725490196078538e-01 6.248325355125970759e+00
2.352941176470588203e-01 3.930093129365686444e+00
2.392156862745097867e-01 3.354470719924448119e+00
2.431372549019607809e-01 6.154979597902460853e+00
2.470588235294117752e-01 4.392082568600565118e+00
2.509803921568627416e-01 6.418124420454375922e+00
2.549019607843137081e-01 7.484028756023180406e+00
2.588235294117646745e-01 8.155226116238821987e+00
2.627450980392156965e-01 8.983000629357555056e+00
2.666666666666666630e-01 8.043768461106624912e+00
2.705882352941176294e-01 7.047641571232888147e+00
2.745098039215686514e-01 5.940936593444022584e+00
2.784313725490196179e-01 4.820312873414376753e+00
2.823529411764705843e-01 4.143668340685708884e+00
2.862745098039215508e-01 3.870551707248246043e+00
2.901960784313725172e-01 5.276793264991349375e+00
2.941176470588235392e-01 6.053382169120735234e+00
2.980392156862745057e-01 9.015573136276648469e+00
3.019607843137254721e-01 9.983682457282686329e+00
3.058823529411764941e-01 9.516240022325634484e+00
3.098039215686274606e-01 9.086226353237810471e+00
3.137254901960784270e-01 9.948714868088153196e+00
3.176470588235293935e-01 6.563520019427986796e+00
3.215686274509803599e-01 6.055102837468014698e+00
3.254901960784313819e-01 3.679291521467173975e+00
3.294117647058823484e-01 5.062270250243139813e+00
3.333333333333333148e-01 5.803452142724356833e+00
3.372549019607843368e-01 4.648094212507441370e+00
3.411764705882353033e-01 7.616353787117659202e+00
3.450980392156862697e-01 8.334985328057957332e+00
3.490196078431372362e-01 9.702553889733126269e+00
3.529411764705882026e-01 9.536414900240524517e+00
3.568627450980392246e-01 8.859935484963875396e+00
3.607843137254901911e-01 6.602995530259820001e+00
3.647058823529411575e-01 5.439906385688114909e+00
3.686274509803921795e-01 3.675874664883147069e+00
3.725490196078431460e-01 3.904870610672415143e+00
3.764705882352941124e-01 4.507351899061870171e+00
3.803921568627450789e-01 5.900175066712773919e+00
3.843137254901960453e-01 9.056643416539319702e+00
3.882352941176470673e-01 9.996455044384452648e+00
3.921568627450980338e-01 7.643073876621150120e+00
3.960784313725490002e-01 9.843568656613522094e+00
4.000000000000000222e-01 8.947214109789975112e+00
4.039215686274509887e-01 6.528299315546835402e+00
4.078431372549019551e-01 6.824002568213023423e+00
4.117647058823529216e-01 4.915520447617860889e+00
4.156862745098038880e-01 4.366575366097670496e+00
4.196078431372549100e-01 5.717248126793426977e+00
4.235294117647058765e-01 6.051690187149199929e+00
4.274509803921568429e-01 8.352035201506506468e+00
4.313725490196078649e-01 8.248521850697693836e+00
4.352941176470588314e-01 7.941588146827369243e+00
4.392156862745097978e-01 5.772020028914997880e+00
4.431372549019607643e-01 6.718202950593699541e+00
4.470588235294117307e-01 6.773239028357323832e+00
4.509803921568627527e-01 7.628656752893576254e+00
4.549019607843137192e-01 8.281285496944148505e+00
4.588235294117646856e-01 8.360419608503899980e+00
4.627450980392157076e-01 6.624453784307704929e+00
4.666666666666666741e-01 6.773594369085713218e+00
4.705882352941176405e-01 7.670843823947949502e+00
4.745098039215686070e-01 6.522286672032423738e+00
4.784313725490195734e-01 6.646402587923859961e+00
4.823529411764705954e-01 6.893485792385455113e+00
4.862745098039215619e-01 6.010599380580968543e+00
4.901960784313725283e-01 7.235913834105096143e+00
4.941176470588235503e-01 6.368574603597843442e+00
4.980392156862745168e-01 8.953393128328716699e+00
5.019607843137254832e-01 6.265267402311967437e+00
5.058823529411764497e-01 6.158466228673212584e+00
5.098039215686274161e-01 7.313377970990751820e+00
5.137254901960783826e-01 7.128201834795595104e+00
5.176470588235293491e-01 5.606330979742017995e+00
5.215686274509804266e-01 6.307752093330697640e+00
5.254901960784313930e-01 7.123766074377654967e+00
5.294117647058823595e-01 6.758672286997264855e+00
5.333333333333333259e-01 6.238352202053593309e+00
5.372549019607842924e-01 6.470209863795815863e+00
5.411764705882352589e-01 7.882410956419153791e+00
5.450980392156862253e-01 8.147808365885719439e+00
5.490196078431373028e-01 6.235849818179754145e+00
5.529411764705882693e-01 8.176085138909840566e+00
5.568627450980392357e-01 7.627835747848103587e+00
5.607843137254902022e-01 5.724335710254496057e+00
5.647058823529411686e-01 6.254296543187702007e+00
5.686274509803921351e-01 6.484089297162309862e+00
5.725490196078431016e-01 6.280014882113018615e+00
5.764705882352940680e-01 6.313661401559381048e+00
5.803921568627450345e-01 8.241005760110960310e+00
5.843137254901961120e-01 7.803299804295581232e+00
5.882352941176470784e-01 8.793023847035584595e+00
5.921568627450980449e-01 5.184768988929358002e+00
5.960784313725490113e-01 7.563220819800365646e+00
5.999999999999999778e-01 7.532431004935480345e+00
6.039215686274509443e-01 6.491321159117611650e+00
6.078431372549019107e-01 8.104877271448087228e+00
6.117647058823529882e-01 5.916078781456425517e+00
6.156862745098039547e-01 5.606032780646950542e+00
6.196078431372549211e-01 5.974733114417555946e+00
6.235294117647058876e-01 7.418922031882109636e+00
6.274509803921568540e-01 5.336841852473525272e+00
6.313725490196078205e-01 7.595986479789032408e+00
6.352941176470587870e-01 9.791778570292359873e+00
6.392156862745097534e-01 8.126414135917235271e+00
6.431372549019607199e-01 7.412033405859230761e+00
6.470588235294117974e-01 7.690381110556804067e+00
6.509803921568627638e-01 8.564948669662621583e+00
6.549019607843137303e-01 5.759205197772305773e+00
6.588235294117646967e-01 7.675469080190481463e+00
6.627450980392156632e-01 5.651639775595863391e+00
6.666666666666666297e-01 6.544442886465571263e+00
6.705882352941175961e-01 3.406635035092979713e+00
6.745098039215686736e-01 8.221774373246436340e+00
6.784313725490196401e-01 8.883838058365322254e+00
6.823529411764706065e-01 7.028905226917621540e+00
6.862745098039215730e-01 8.894015454107215390e+00
6.901960784313725394e-01 9.167747535669231951e+00
6.941176470588235059e-01 7.493895679803030063e+00
6.980392156862744724e-01 5.827393952176304737e+00
7.019607843137254388e-01 5.177663559562393658e+00
7.058823529411764053e-01 4.611334959843927273e+00
7.098039215686274828e-01 5.953904870926428394e+00
7.137254901960784492e-01 6.006880096653052448e+00
7.176470588235294157e-01 8.520938564876963994e+00
7.215686274509803821e-01 7.317771596365412634e+00
7.254901960784313486e-01 8.415920737825922870e+00
7.294117647058823151e-01 8.541374028604330704e+00
7.333333333333332815e-01 5.545165269361313598e+00
7.372549019607843590e-01 6.389828324407004878e+00
7.411764705882353255e-01 6.922558857419405243e+00
7.450980392156862919e-01 6.873688740322359436e+00
7.490196078431372584e-01 5.780403780651324652e+00
7.529411764705882248e-01 6.884734061710580555e+00
7.568627450980391913e-01 6.522305705320523117e+00
7.607843137254901578e-01 8.396306368724385294e+00
7.647058823529411242e-01 7.615092574806606507e+00
7.686274509803920907e-01 8.130763885034660632e+00
7.725490196078431682e-01 8.412099736657953741e+00
7.764705882352941346e-01 7.469432520692675936e+00
7.803921568627451011e-01 6.848541626075789424e+00
7.843137254901960675e-01 3.957188995464783421e+00
7.882352941176470340e-01 7.163392890444752581e+00
7.921568627450980005e-01 5.538175559912442480e+00
7.960784313725489669e-01 3.673094810210921768e+00
8.000000000000000444e-01 9.253426307941669648e+00
8.039215686274510109e-01 8.433954335788808265e+00
8.078431372549019773e-01 5.825618190647763761e+00
8.117647058823529438e-01 7.357145307083712282e+00
8.156862745098039102e-01 7.415824174260868595e+00
8.196078431372548767e-01 6.222128379004511878e+00
8.235294117647058432e-01 4.283358618360155745e+00
8.274509803921568096e-01 4.693592513494184715e+00
8.313725490196077761e-01 5.539724591804543685e+00
8.352941176470588536e-01 4.964276317180583042e+00
8.392156862745098200e-01 5.562125856567767812e+00
8.431372549019607865e-01 6.814826849345063664e+00
8.470588235294117530e-01 7.606235928463296325e+00
8.509803921568627194e-01 6.892909623111936668e+00
8.549019607843136859e-01 5.948131057634031826e+00
8.588235294117646523e-01 6.418382136676783922e+00
8.627450980392157298e-01 6.141601206216035003e+00
8.666666666666666963e-01 5.861719426382647313e+00
8.705882352941176627e-01 5.246216212786357858e+00
8.745098039215686292e-01 5.119158478475103635e+00
8.784313725490195957e-01 7.690209496940279443e+00
8.823529411764705621e-01 4.340751830181655002e+00
8.862745098039215286e-01 6.547455160863404622e+00
8.901960784313724950e-01 5.780612981064028766e+00
8.941176470588234615e-01 5.072735703122688733e+00
8.980392156862745390e-01 9.528489518990131302e+00
9.019607843137255054e-01 6.558330985795310042e+00
9.058823529411764719e-01 7.440083553239345449e+00
9.098039215686274384e-01 3.361297854033093557e+00
9.137254901960784048e-01 5.861788350321393892e+00
9.176470588235293713e-01 4.267197699512131237e+00
9.215686274509803377e-01 5.833324431465128690e+00
9.254901960784314152e-01 4.274159522629766172e+00
9.294117647058823817e-01 4.810140584325378832e+00
9.333333333333333481e-01 4.515321371269637396e+00
9.372549019607843146e-01 5.946816817441335168e+00
9.411764705882352811e-01 7.755364856363147652e+00
9.450980392156862475e-01 7.832505312357040950e+00
9.490196078431372140e-01 7.823234500142739023e+00
9.529411764705881804e-01 7.748617695547009632e+00
9.568627450980391469e-01 6.996093359671484713e+00
9.607843137254902244e-01 5.729162146889847484e+00
9.647058823529411908e-01 4.587219114742818959e+00
9.686274509803921573e-01 5.130092697943670288e+00
9.725490196078431238e-01 4.333494176349525162e+00
9.764705882352940902e-01 6.539665407435984790e+00
9.803921568627450567e-01 3.757816190610606011e+00
9.843137254901960231e-01 7.833331456346231292e+00
9.882352941176471006e-01 6.242275536192924079e+00
9.921568627450980671e-01 6.480734790127112177e+00
9.960784313725490335e-01 7.350389832215894259e+00
1.000000000000000000e+00 6.857329762626033443e+00
