0.000000000000000000e+00 3.666676408416657651e+00
3.921568627450980338e-03 3.588991940392308955e+00
7.843137254901960675e-03 2.675106676201687073e+00
1.176470588235294101e-02 2.330827181819307814e+00
1.568627450980392135e-02 2.586916663778730197e+00
1.960784313725490169e-02 3.403092053553051333e+00
2.352941176470588203e-02 2.243676601546058968e+00
2.745098039215686236e-02 1.812423688885197448e+00
3.137254901960784270e-02 1.057376180734630022e+00
3.529411764705882304e-02 4.641151603596785691e+00
3.921568627450980338e-02 8.880962802974310399e-01
4.313725490196078372e-02 1.811281831703777545e+00
4.705882352941176405e-02 3.625868180553500686e+00
5.098039215686274439e-02 3.159671380294169829e+00
5.490196078431372473e-02 3.516232304486833105e+00
5.882352941176470507e-02 5.160811094205927319e+00
6.274509803921568540e-02 4.207637208661298089e+00
6.666666666666666574e-02 3.223658747521898960e+00
7.058823529411764608e-02 2.345342141158715421e+00
7.450980392156862642e-02 3.252960315693441906e+00
7.843137254901960675e-02 4.717573589309504989e+00
8.235294117647058709e-02 4.043182938379259461e+00
8.627450980392156743e-02 4.964406076109349364e+00
9.019607843137254777e-02 2.222684851331422795e+00
9.411764705882352811e-02 3.667643833018400912e+00
9.803921568627450844e-02 3.042386167380913164e+00
1.019607843137254888e-01 5.540536220135611423e+00
1.058823529411764691e-01 3.740267972403600538e+00
1.098039215686274495e-01 3.386742679639184850e+00
1.137254901960784298e-01 5.305992230988660019e+00
1.176470588235294101e-01 5.041615278450873205e+00
1.215686274509803905e-01 3.934064723414999243e+00
1.254901960784313708e-01 2.859640273212657569e+00
1.294117647058823373e-01 5.099633528680251437e+00
1.333333333333333315e-01 4.897747542882203931e+00
1.372549019607843257e-01 4.071684799805685984e+00
1.411764705882352922e-01 2.447387025924949278e+00
1.450980392156862586e-01 3.950839475231274989e+00
1.490196078431372528e-01 2.697383103069309396e+00
1.529411764705882470e-01 3.650016143509468680e+00
1.568627450980392135e-01 3.881715508719201679e+00
1.607843137254901800e-01 4.862274901244200365e+00
1.647058823529411742e-01 4.602360136812279734e+00
1.686274509803921684e-01 3.699629165102625183e+00
1.725490196078431349e-01 2.865992788678245695e+00
1.764705882352941013e-01 5.756794979942048585e+00
1.803921568627450955e-01 5.593372421462349031e+00
1.843137254901960898e-01 4.678923460113182387e+00
1.882352941176470562e-01 3.827675648808483544e+00
1.921568627450980227e-01 3.763639033091120911e+00
1.960784313725490169e-01 5.724878057058917946e+00
2.000000000000000111e-01 5.397856502031675774e+00
2.039215686274509776e-01 3.272782883196539760e+00
2.078431372549019440e-01 3.615363218621878261e+00
2.117647058823529382e-01 4.063555709921174319e+00
2.156862745098039325e-01 6.160858573937525229e+00
2.196078431372548989e-01 6.543149212853314189e+00
2.235294117647058654e-01 5.815359726951061070e+00
2.274509803921568596e-01 6.284385052290273777e+00
2.313725490196078538e-01 4.691486998773044093e+00
2.352941176470588203e-01 5.340702201350016942e+00
2.392156862745097867e-01 3.721782401640258531e+00
2.431372549019607809e-01 5.855057423794394644e+00
2.470588235294117752e-01 4.504038472727301290e+00
2.509803921568627416e-01 6.072860709668418622e+00
2.549019607843137081e-01 5.598295143439504074e+00
2.588235294117646745e-01 7.253706557976969727e+00
2.627450980392156965e-01 4.750455657213887406e+00
2.666666666666666630e-01 4.302050237330403704e+00
2.705882352941176294e-01 5.179888454800558151e+00
2.745098039215686514e-01 6.410863691012645305e+00
2.784313725490196179e-01 8.217057636123735520e+00
2.823529411764705843e-01 8.282832606027010769e+00
2.862745098039215508e-01 5.716427997052853094e+00
2.901960784313725172e-01 5.772179753274029324e+00
2.941176470588235392e-01 5.241187669249930181e+00
2.980392156862745057e-01 5.368813691338274907e+00
3.019607843137254721e-01 8.242461390455915193e+00
3.058823529411764941e-01 8.719130901496077612e+00
3.098039215686274606e-01 7.872604727182552331e+00
3.137254901960784270e-01 8.554852429915598577e+00
3.176470588235293935e-01 5.048978276057384917e+00
3.215686274509803599e-01 5.906053537992975500e+00
3.254901960784313819e-01 7.660741115157197356e+00
3.294117647058823484e-01 8.116667073706235414e+00
3.333333333333333148e-01 7.285332726229019507e+00
3.372549019607843368e-01 9.236009826042080206e+00
3.411764705882353033e-01 7.479383640756417151e+00
3.450980392156862697e-01 7.179096234731873416e+00
3.490196078431372362e-01 3.724347089779606712e+00
3.529411764705882026e-01 6.662134994820261724e+00
3.568627450980392246e-01 6.288544364652371321e+00
3.607843137254901911e-01 8.632177790288050545e+00
3.647058823529411575e-01 8.364465539503807889e+00
3.686274509803921795e-01 9.250272054500799257e+00
3.725490196078431460e-01 8.966898686605214053e+00
3.764705882352941124e-01 6.874901109683958289e+00
3.803921568627450789e-01 7.611455053579090801e+00
3.843137254901960453e-01 6.895297292657917687e+00
3.882352941176470673e-01 8.520119063336823118e+00
3.921568627450980338e-01 9.580776024619122921e+00
3.960784313725490002e-01 8.782100393238646774e+00
4.000000000000000222e-01 8.464205703314860330e+00
4.039215686274509887e-01 7.211993242121249814e+00
4.078431372549019551e-01 7.667361290326755174e+00
4.117647058823529216e-01 8.834643641816965598e+00
4.156862745098038880e-01 1.053172966440457259e+01
4.196078431372549100e-01 8.673659353422383589e+00
4.235294117647058765e-01 9.581548941465669600e+00
4.274509803921568429e-01 9.205549596484594588e+00
4.313725490196078649e-01 8.398831336688102667e+00
4.352941176470588314e-01 9.635465880661486793e+00
4.392156862745097978e-01 1.018615428635356324e+01
4.431372549019607643e-01 1.068839909600725591e+01
4.470588235294117307e-01 1.098286322943119941e+01
4.509803921568627527e-01 1.155691956676271914e+01
4.549019607843137192e-01 9.309438961812972479e+00
4.588235294117646856e-01 8.415048197130683860e+00
4.627450980392157076e-01 7.899059707577981371e+00
4.666666666666666741e-01 8.829995216018758697e+00
4.705882352941176405e-01 8.131204502450058769e+00
4.745098039215686070e-01 9.165655182335036955e+00
4.784313725490195734e-01 1.058859550832142737e+01
4.823529411764705954e-01 1.136294550744641185e+01
4.862745098039215619e-01 9.230817247555812344e+00
4.901960784313725283e-01 8.988449745458563456e+00
4.941176470588235503e-01 8.297171954913208580e+00
4.980392156862745168e-01 8.932059103800920496e+00
5.019607843137254832e-01 1.049208237604670835e+01
5.058823529411764497e-01 1.060736414720894949e+01
5.098039215686274161e-01 1.063402094261030228e+01
5.137254901960783826e-01 9.394258366290038964e+00
5.176470588235293491e-01 6.290136356857526145e+00
5.215686274509804266e-01 9.767874248665370018e+00
5.254901960784313930e-01 1.035750660837379478e+01
5.294117647058823595e-01 1.150208431940563969e+01
5.333333333333333259e-01 1.248666140475296871e+01
5.372549019607842924e-01 1.031185205635139823e+01
5.411764705882352589e-01 8.918664813249256085e+00
5.450980392156862253e-01 8.969726566460208161e+00
5.490196078431373028e-01 8.688430482949881295e+00
5.529411764705882693e-01 9.255885470267722681e+00
5.568627450980392357e-01 1.159488540504160170e+01
5.607843137254902022e-01 1.028582405834401392e+01
5.647058823529411686e-01 9.890646340676180870e+00
5.686274509803921351e-01 1.017420532867727978e+01
5.725490196078431016e-01 9.782237967704773496e+00
5.764705882352940680e-01 9.569718883584794611e+00
5.803921568627450345e-01 9.476989863130977909e+00
5.843137254901961120e-01 8.919317227343691812e+00
5.882352941176470784e-01 8.866344535038942709e+00
5.921568627450980449e-01 9.023208618509597656e+00
5.960784313725490113e-01 1.159352914910265042e+01
5.999999999999999778e-01 8.710160354095496160e+00
6.039215686274509443e-01 9.859311808607298389e+00
6.078431372549019107e-01 8.078125766200562552e+00
6.117647058823529882e-01 1.052038777290279015e+01
6.156862745098039547e-01 1.007105380387108617e+01
6.196078431372549211e-01 9.717218357007086027e+00
6.235294117647058876e-01 9.416638575050454207e+00
6.274509803921568540e-01 9.237814774504411020e+00
6.313725490196078205e-01 9.796854665095395376e+00
6.352941176470587870e-01 7.326156764381759778e+00
6.392156862745097534e-01 7.841665255933250478e+00
6.431372549019607199e-01 7.571777974358534280e+00
6.470588235294117974e-01 1.133588876039326365e+01
6.509803921568627638e-01 8.548869678264505723e+00
6.549019607843137303e-01 9.621747457459630226e+00
6.588235294117646967e-01 8.873977829999290634e+00
6.627450980392156632e-01 8.797561212332597691e+00
6.666666666666666297e-01 8.531602076310385030e+00
6.705882352941175961e-01 8.698361628809069046e+00
6.745098039215686736e-01 1.015772220230734746e+01
6.784313725490196401e-01 1.036683795795939922e+01
6.823529411764706065e-01 9.926416124680983444e+00
6.862745098039215730e-01 9.094822566898052685e+00
6.901960784313725394e-01 7.986204805426479147e+00
6.941176470588235059e-01 6.813813831277459876e+00
6.980392156862744724e-01 8.166909664160964866e+00
7.019607843137254388e-01 5.376047835359724303e+00
7.058823529411764053e-01 7.532380650566450342e+00
7.098039215686274828e-01 1.059387486773640319e+01
7.137254901960784492e-01 9.924709016207026835e+00
7.176470588235294157e-01 8.534404490076449079e+00
7.215686274509803821e-01 7.081173732557684453e+00
7.254901960784313486e-01 7.107697000675648802e+00
7.294117647058823151e-01 6.701616617227371009e+00
7.333333333333332815e-01 7.446343508167370118e+00
7.372549019607843590e-01 8.528148073875076562e+00
7.411764705882353255e-01 7.694547098288286868e+00
7.450980392156862919e-01 1.001687137545481221e+01
7.490196078431372584e-01 8.387251425593863274e+00
7.529411764705882248e-01 5.861955065304284673e+00
7.568627450980391913e-01 6.468754724805270584e+00
7.607843137254901578e-01 7.358935635512050766e+00
7.647058823529411242e-01 7.908726090718908530e+00
7.686274509803920907e-01 9.099824626584215537e+00
7.725490196078431682e-01 7.770865448279795196e+00
7.764705882352941346e-01 5.445534975993155058e+00
7.803921568627451011e-01 5.494742418624889879e+00
7.843137254901960675e-01 7.994525098533816099e+00
7.882352941176470340e-01 6.336212370311470110e+00
7.921568627450980005e-01 6.462367115177881871e+00
7.960784313725489669e-01 8.847716085193370716e+00
8.000000000000000444e-01 7.918045271307892818e+00
8.039215686274510109e-01 7.200631649838959092e+00
8.078431372549019773e-01 6.257875567386166793e+00
8.117647058823529438e-01 4.438507978460356718e+00
8.156862745098039102e-01 7.706901526928011670e+00
8.196078431372548767e-01 8.737742925490024959e+00
8.235294117647058432e-01 7.564249800812901547e+00
8.274509803921568096e-01 5.974578102993966411e+00
8.313725490196077761e-01 6.244735801388532792e+00
8.352941176470588536e-01 7.894692399897813573e+00
8.392156862745098200e-01 4.505682118725651719e+00
8.431372549019607865e-01 7.282846157826753597e+00
8.470588235294117530e-01 7.659984529468784054e+00
8.509803921568627194e-01 6.832427971623113550e+00
8.549019607843136859e-01 8.130958132682160056e+00
8.588235294117646523e-01 6.962663709876596663e+00
8.627450980392157298e-01 6.663249045839791052e+00
8.666666666666666963e-01 7.663493893441129856e+00
8.705882352941176627e-01 7.893185463588043405e+00
8.745098039215686292e-01 5.983729601735764625e+00
8.784313725490195957e-01 5.718660095557202006e+00
8.823529411764705621e-01 7.332734953474218997e+00
8.862745098039215286e-01 6.517878574278014980e+00
8.901960784313724950e-01 6.129991550623117291e+00
8.941176470588234615e-01 4.779200001317637003e+00
8.980392156862745390e-01 3.716483190468512277e+00
9.019607843137255054e-01 5.423090366179945221e+00
9.058823529411764719e-01 5.344498908617344668e+00
9.098039215686274384e-01 4.479478970839487317e+00
9.137254901960784048e-01 6.968705663070401179e+00
9.176470588235293713e-01 6.651343656054655717e+00
9.215686274509803377e-01 5.761067705376196280e+00
9.254901960784314152e-01 5.391774009084780772e+00
9.294117647058823817e-01 3.938322246264805315e+00
9.333333333333333481e-01 8.027900458285591512e+00
9.372549019607843146e-01 6.542832761398878816e+00
9.411764705882352811e-01 6.025154163267597340e+00
9.450980392156862475e-01 5.816819236712420071e+00
9.490196078431372140e-01 6.153376989292096866e+00
9.529411764705881804e-01 4.584039359043194928e+00
9.568627450980391469e-01 5.382331307134448295e+00
9.607843137254902244e-01 4.831921198230872960e+00
9.647058823529411908e-01 7.031440692848828000e+00
9.686274509803921573e-01 6.828058342061217090e+00
9.725490196078431238e-01 5.011782102883353573e+00
9.764705882352940902e-01 3.893782904416545065e+00
9.803921568627450567e-01 5.332915346453527938e+00
9.843137254901960231e-01 3.822513820842551091e+00
9.882352941176471006e-01 5.093901522617432676e+00
9.921568627450980671e-01 6.157106042458982742e+00
9.960784313725490335e-01 6.062869708991884821e+00
1.000000000000000000e+00 6.066102039924735401e+00
