0.000000000000000000e+00 1.070064614214660104e+01
3.921568627450980338e-03 8.499677325609868106e+00
7.843137254901960675e-03 9.185144614261696816e+00
1.176470588235294101e-02 9.877035970363406747e+00
1.568627450980392135e-02 9.500790996088097629e+00
1.960784313725490169e-02 9.816917559786682901e+00
2.352941176470588203e-02 7.694320009165259044e+00
2.745098039215686236e-02 7.533458259651469646e+00
3.137254901960784270e-02 8.247323653962165935e+00
3.529411764705882304e-02 9.937313829889331984e+00
3.921568627450980338e-02 6.848607510251481401e+00
4.313725490196078372e-02 9.613972422625414183e+00
4.705882352941176405e-02 1.039419289656388479e+01
5.098039215686274439e-02 9.776415955623429355e+00
5.490196078431372473e-02 9.485166574875531609e+00
5.882352941176470507e-02 8.589578001829597298e+00
6.274509803921568540e-02 8.246745494295261381e+00
6.666666666666666574e-02 7.579532271862088777e+00
7.058823529411764608e-02 8.228001474402093507e+00
7.450980392156862642e-02 8.976815140879713439e+00
7.843137254901960675e-02 1.010835558074347951e+01
8.235294117647058709e-02 7.774269560068587381e+00
8.627450980392156743e-02 7.559993237866196480e+00
9.019607843137254777e-02 9.788394748207387863e+00
9.411764705882352811e-02 1.219553761599981101e+01
9.803921568627450844e-02 9.888965419380481237e+00
1.019607843137254888e-01 8.456098285802843506e+00
1.058823529411764691e-01 9.832058978542038474e+00
1.098039215686274495e-01 1.016192793407484096e+01
1.137254901960784298e-01 9.108744590711843614e+00
1.176470588235294101e-01 1.063299690394768326e+01
1.215686274509803905e-01 1.106024104780530237e+01
1.254901960784313708e-01 1.032349833201974398e+01
1.294117647058823373e-01 9.975399126254231419e+00
1.333333333333333315e-01 1.052033643635117777e+01
1.372549019607843257e-01 1.221365823427934139e+01
1.411764705882352922e-01 1.000539873569776184e+01
1.450980392156862586e-01 1.228428375958741903e+01
1.490196078431372528e-01 1.064778231043190715e+01
1.529411764705882470e-01 1.079608352566215324e+01
1.568627450980392135e-01 1.037851550087947494e+01
1.607843137254901800e-01 1.131713101284534773e+01
1.647058823529411742e-01 1.163079571543894630e+01
1.686274509803921684e-01 1.014361341254177518e+01
1.725490196078431349e-01 1.181564360671707803e+01
1.764705882352941013e-01 1.025862179840255450e+01
1.803921568627450955e-01 9.704953044207019985e+00
1.843137254901960898e-01 1.135862459899779076e+01
1.882352941176470562e-01 1.097938336252562763e+01
1.921568627450980227e-01 1.061743175141792683e+01
1.960784313725490169e-01 1.090207516841215174e+01
2.000000000000000111e-01 1.078678796859599842e+01
2.039215686274509776e-01 1.184076546682734232e+01
2.078431372549019440e-01 1.111269857777629788e+01
2.117647058823529382e-01 1.032566660519897539e+01
2.156862745098039325e-01 1.151745348254398849e+01
2.196078431372548989e-01 9.749521779605146321e+00
2.235294117647058654e-01 1.023387557838252171e+01
2.274509803921568596e-01 1.084515286665927647e+01
2.313725490196078538e-01 9.784762522276240659e+00
2.352941176470588203e-01 1.040852230944449808e+01
2.392156862745097867e-01 1.081156217156568822e+01
2.431372549019607809e-01 9.539407610246005476e+00
2.470588235294117752e-01 1.099350510865453856e+01
2.509803921568627416e-01 9.377584142815527102e+00
2.549019607843137081e-01 1.014245635104327725e+01
2.588235294117646745e-01 1.223205758489821449e+01
2.627450980392156965e-01 1.144821482937610568e+01
2.666666666666666630e-01 1.176689647057086852e+01
2.705882352941176294e-01 1.062966011032598601e+01
2.745098039215686514e-01 1.007726257017583649e+01
2.784313725490196179e-01 9.731395709826532681e+00
2.823529411764705843e-01 1.151073775179645686e+01
2.862745098039215508e-01 1.125947954018889341e+01
2.901960784313725172e-01 1.145364600322682769e+01
2.941176470588235392e-01 9.190091814899215450e+00
2.980392156862745057e-01 1.121535811306267227e+01
3.019607843137254721e-01 8.793714817065367839e+00
3.058823529411764941e-01 1.118788472391776168e+01
3.098039215686274606e-01 1.091175828318362662e+01
3.137254901960784270e-01 1.084696663561037155e+01
3.176470588235293935e-01 1.153974945319762391e+01
3.215686274509803599e-01 1.076007296139003522e+01
3.254901960784313819e-01 9.785441553608293930e+00
3.294117647058823484e-01 9.908952390888849493e+00
3.333333333333333148e-01 9.332980680592122269e+00
3.372549019607843368e-01 1.128541448769752265e+01
3.411764705882353033e-01 1.274059136376312829e+01
3.450980392156862697e-01 1.088757105120880198e+01
3.490196078431372362e-01 9.675202219674362780e+00
3.529411764705882026e-01 9.804956684311324722e+00
3.568627450980392246e-01 8.698301869195077529e+00
3.607843137254901911e-01 1.066646151837237966e+01
3.647058823529411575e-01 8.457149205444782325e+00
3.686274509803921795e-01 9.106223290673442605e+00
3.725490196078431460e-01 1.112119314282531057e+01
3.764705882352941124e-01 9.540228300814101559e+00
3.803921568627450789e-01 9.619605343163090794e+00
3.843137254901960453e-01 8.415487113423502308e+00
3.882352941176470673e-01 1.109694287795437262e+01
3.921568627450980338e-01 1.019322377446712125e+01
3.960784313725490002e-01 1.062063859600831606e+01
4.000000000000000222e-01 9.428620749916582611e+00
4.039215686274509887e-01 9.442239379030201718e+00
4.078431372549019551e-01 8.305272830326034139e+00
4.117647058823529216e-01 9.619433876938643380e+00
4.156862745098038880e-01 8.232413405531330497e+00
4.196078431372549100e-01 7.009201232669453496e+00
4.235294117647058765e-01 6.177226424724189258e+00
4.274509803921568429e-01 9.771759285638676573e+00
4.313725490196078649e-01 1.025442124704661495e+01
4.352941176470588314e-01 1.051713303058910398e+01
4.392156862745097978e-01 9.595794617619889166e+00
4.431372549019607643e-01 9.239641686654840314e+00
4.470588235294117307e-01 6.323481844668980223e+00
4.509803921568627527e-01 8.187586474164808337e+00
4.549019607843137192e-01 6.540602369342078504e+00
4.588235294117646856e-01 6.344876645281416039e+00
4.627450980392157076e-01 4.770712420806862752e+00
4.666666666666666741e-01 5.190578263983836926e+00
4.705882352941176405e-01 6.520433761046790622e+00
4.745098039215686070e-01 6.732164821715160841e+00
4.784313725490195734e-01 6.308881409196740009e+00
4.823529411764705954e-01 9.943055524514747390e+00
4.862745098039215619e-01 9.174306313646432898e+00
4.901960784313725283e-01 6.923353231492401783e+00
4.941176470588235503e-01 1.034167730344135094e+01
4.980392156862745168e-01 5.593466398366851777e+00
5.019607843137254832e-01 5.576916958742472730e+00
5.058823529411764497e-01 4.678839541084111708e+00
5.098039215686274161e-01 5.215950778388407372e+00
5.137254901960783826e-01 5.020195287008155205e+00
5.176470588235293491e-01 4.176934679293689889e+00
5.215686274509804266e-01 7.619036299923884314e+00
5.254901960784313930e-01 6.101575920659394470e+00
5.294117647058823595e-01 7.375212070975688761e+00
5.333333333333333259e-01 6.703435472552618180e+00
5.372549019607842924e-01 6.585715772042313176e+00
5.411764705882352589e-01 5.414624648051664657e+00
5.450980392156862253e-01 4.671007303539952638e+00
5.490196078431373028e-01 6.507351507138722901e+00
5.529411764705882693e-01 5.275774354104239450e+00
5.568627450980392357e-01 5.221249646992382587e+00
5.607843137254902022e-01 4.645473970138222164e+00
5.647058823529411686e-01 6.331911848547334465e+00
5.686274509803921351e-01 6.828831135028751831e+00
5.725490196078431016e-01 7.329303462237525935e+00
5.764705882352940680e-01 6.748598570182954504e+00
5.803921568627450345e-01 6.802768941506186273e+00
5.843137254901961120e-01 6.527673264941502573e+00
5.882352941176470784e-01 5.144469248127419014e+00
5.921568627450980449e-01 3.713358746239026509e+00
5.960784313725490113e-01 5.357012274278833530e+00
5.999999999999999778e-01 5.193690274156191222e+00
6.039215686274509443e-01 4.746648711660506059e+00
6.078431372549019107e-01 4.880990036428130452e+00
6.117647058823529882e-01 4.316235142759332177e+00
6.156862745098039547e-01 5.609073057630841852e+00
6.196078431372549211e-01 7.867229049406332386e+00
6.235294117647058876e-01 7.989286067483262421e+00
6.274509803921568540e-01 8.203883174269627432e+00
6.313725490196078205e-01 5.764457243727422409e+00
6.352941176470587870e-01 4.275851656317695593e+00
6.392156862745097534e-01 5.968144773581373741e+00
6.431372549019607199e-01 5.024229114397183338e+00
6.470588235294117974e-01 2.747595827757210341e+00
6.509803921568627638e-01 4.999340786807042747e+00
6.549019607843137303e-01 5.200161985978403401e+00
6.588235294117646967e-01 7.005961949318404436e+00
6.627450980392156632e-01 7.302562807772274844e+00
6.666666666666666297e-01 6.199223028854645712e+00
6.705882352941175961e-01 5.878359673357504533e+00
6.745098039215686736e-01 6.598353350348510560e+00
6.784313725490196401e-01 4.759745780688092509e+00
6.823529411764706065e-01 5.367631314027824452e+00
6.862745098039215730e-01 2.915462743470461415e+00
6.901960784313725394e-01 4.628501256307785638e+00
6.941176470588235059e-01 4.456210599448501952e+00
6.980392156862744724e-01 2.383163415727637791e+00
7.019607843137254388e-01 2.381391053434286142e+00
7.058823529411764053e-01 4.335084604594824143e+00
7.098039215686274828e-01 3.846914094434642273e+00
7.137254901960784492e-01 5.247999824149034431e+00
7.176470588235294157e-01 5.246746574479741909e+00
7.215686274509803821e-01 4.859206204441499644e+00
7.254901960784313486e-01 5.641195996728264994e+00
7.294117647058823151e-01 4.714198361525181902e+00
7.333333333333332815e-01 4.673427684900561374e+00
7.372549019607843590e-01 4.116754705024331606e+00
7.411764705882353255e-01 4.301715849986354812e+00
7.450980392156862919e-01 5.572800475050942559e+00
7.490196078431372584e-01 3.914790761488934567e+00
7.529411764705882248e-01 5.365650844657804619e+00
7.568627450980391913e-01 5.049685301332746512e+00
7.607843137254901578e-01 3.872200513342642481e+00
7.647058823529411242e-01 6.548077073708240547e+00
7.686274509803920907e-01 6.436475029793474079e+00
7.725490196078431682e-01 6.445490150453114353e+00
7.764705882352941346e-01 3.414343625782546354e+00
7.803921568627451011e-01 5.702845553025855274e+00
7.843137254901960675e-01 3.716993413746920272e+00
7.882352941176470340e-01 4.172758141542797006e+00
7.921568627450980005e-01 1.816687874050594065e+00
7.960784313725489669e-01 2.738349682682876818e+00
8.000000000000000444e-01 3.638216481739352748e+00
8.039215686274510109e-01 3.935810933782189824e+00
8.078431372549019773e-01 5.732413957200999555e+00
8.117647058823529438e-01 5.645495841568411777e+00
8.156862745098039102e-01 4.287211473088672342e+00
8.196078431372548767e-01 5.150391168903403205e+00
8.235294117647058432e-01 3.434985818119724144e+00
8.274509803921568096e-01 2.032298157305362452e+00
8.313725490196077761e-01 3.808624895372228814e+00
8.352941176470588536e-01 2.431077695340474687e+00
8.392156862745098200e-01 5.119342670079736202e+00
8.431372549019607865e-01 4.296329612436864842e+00
8.470588235294117530e-01 2.475951211600798452e+00
8.509803921568627194e-01 5.583863884360061647e+00
8.549019607843136859e-01 4.330104437214110646e+00
8.588235294117646523e-01 6.455577981012653233e+00
8.627450980392157298e-01 4.443636907588978779e+00
8.666666666666666963e-01 2.648128296209748100e+00
8.705882352941176627e-01 2.852719974529077440e+00
8.745098039215686292e-01 2.490648427160692346e+00
8.784313725490195957e-01 3.547607923015960285e+00
8.823529411764705621e-01 2.079407450155642323e+00
8.862745098039215286e-01 6.468128983529171094e-01
8.901960784313724950e-01 3.141574622086224622e+00
8.941176470588234615e-01 2.770900098436424042e+00
8.980392156862745390e-01 2.804462969533299876e+00
9.019607843137255054e-01 5.075203154548562523e+00
9.058823529411764719e-01 4.620355619601519415e+00
9.098039215686274384e-01 6.140741335317933647e+00
9.137254901960784048e-01 5.185993350747548192e+00
9.176470588235293713e-01 1.615825707976723979e+00
9.215686274509803377e-01 3.614156078497424929e+00
9.254901960784314152e-01 2.176554593397342696e+00
9.294117647058823817e-01 2.424448588134960225e+00
9.333333333333333481e-01 3.678417165903476782e+00
9.372549019607843146e-01 6.782862323647645297e+00
9.411764705882352811e-01 4.936138183108746524e+00
9.450980392156862475e-01 6.819876201635411306e+00
9.490196078431372140e-01 6.743318221668189061e+00
9.529411764705881804e-01 5.392558370937766909e+00
9.568627450980391469e-01 4.652992775715999230e+00
9.607843137254902244e-01 1.838837395658646567e+00
9.647058823529411908e-01 3.762753591292482547e+00
9.686274509803921573e-01 4.923208002912950576e+00
9.725490196078431238e-01 3.930687653313911678e+00
9.764705882352940902e-01 5.041292075607507250e+00
9.803921568627450567e-01 5.793140079312671276e+00
9.843137254901960231e-01 4.749451701870810005e+00
9.882352941176471006e-01 5.914169642767402202e+00
9.921568627450980671e-01 7.545859972202253019e+00
9.960784313725490335e-01 6.498581694912127560e+00
1.000000000000000000e+00 7.754967722284327181e+00
