0.000000000000000000e+00 2.074310411633489615e+00
3.921568627450980338e-03 3.732109400848900194e+00
7.843137254901960675e-03 2.590629734662317496e+00
1.176470588235294101e-02 4.143582457063356372e+00
1.568627450980392135e-02 5.619012849160343492e+00
1.960784313725490169e-02 4.121846521745982983e+00
2.352941176470588203e-02 3.600738888294285900e+00
2.745098039215686236e-02 1.804890181717693443e+00
3.137254901960784270e-02 5.623185604478889488e+00
3.529411764705882304e-02 3.056154888721569485e+00
3.921568627450980338e-02 1.890578866578080497e+00
4.313725490196078372e-02 2.926091463858332187e+00
4.705882352941176405e-02 2.008705317836275039e+00
5.098039215686274439e-02 2.301484386499168977e+00
5.490196078431372473e-02 2.659733929435665889e+00
5.882352941176470507e-02 4.296185869444223648e+00
6.274509803921568540e-02 3.996265153482763122e+00
6.666666666666666574e-02 6.361403296126182383e+00
7.058823529411764608e-02 4.074601339390500954e+00
7.450980392156862642e-02 2.388219001018204501e+00
7.843137254901960675e-02 5.593106953385454716e+00
8.235294117647058709e-02 3.118476559988097030e+00
8.627450980392156743e-02 4.985749371805868080e+00
9.019607843137254777e-02 2.524044339194082553e+00
9.411764705882352811e-02 1.329579157179613169e+00
9.803921568627450844e-02 3.261377213298466415e+00
1.019607843137254888e-01 6.512332220190722332e+00
1.058823529411764691e-01 3.276225265903069950e+00
1.098039215686274495e-01 6.796081444422425122e+00
1.137254901960784298e-01 4.752739246848816990e+00
1.176470588235294101e-01 4.480158855935461482e+00
1.215686274509803905e-01 4.295055014897992685e+00
1.254901960784313708e-01 3.916308673985929190e+00
1.294117647058823373e-01 2.675477661531154183e+00
1.333333333333333315e-01 4.063962732498095143e+00
1.372549019607843257e-01 3.868587402101042461e+00
1.411764705882352922e-01 4.307407421689370963e+00
1.450980392156862586e-01 5.603050187533778370e+00
1.490196078431372528e-01 4.281947648989278044e+00
1.529411764705882470e-01 5.666225417443050638e+00
1.568627450980392135e-01 2.510415489863563998e+00
1.607843137254901800e-01 4.446430618549551461e+00
1.647058823529411742e-01 4.796890279826024894e+00
1.686274509803921684e-01 4.675588126290815438e+00
1.725490196078431349e-01 3.576733006454519082e+00
1.764705882352941013e-01 5.589196513332456817e+00
1.803921568627450955e-01 5.993045094649382953e+00
1.843137254901960898e-01 5.780463853145821673e+00
1.882352941176470562e-01 2.721724609299688957e+00
1.921568627450980227e-01 4.742349695728170111e+00
1.960784313725490169e-01 4.727223185374424652e+00
2.000000000000000111e-01 2.375901374704837199e+00
2.039215686274509776e-01 5.270479425756727565e+00
2.078431372549019440e-01 4.351178020533062352e+00
2.117647058823529382e-01 4.470500136806659697e+00
2.156862745098039325e-01 5.846934133088657504e+00
2.196078431372548989e-01 5.324556917529315925e+00
2.235294117647058654e-01 5.105794994277617072e+00
2.274509803921568596e-01 3.956364863826811629e+00
2.313725490196078538e-01 5.045376227730097085e+00
2.352941176470588203e-01 3.600676914538544438e+00
2.392156862745097867e-01 4.791054022365369924e+00
2.431372549019607809e-01 4.912476070218301238e+00
2.470588235294117752e-01 3.455647466004908352e+00
2.509803921568627416e-01 4.431993592028916851e+00
2.549019607843137081e-01 5.233809213592994780e+00
2.588235294117646745e-01 2.755263949385541533e+00
2.627450980392156965e-01 7.360441530750915895e+00
2.666666666666666630e-01 4.448402134975859568e+00
2.705882352941176294e-01 5.225436041373311191e+00
2.745098039215686514e-01 5.997636373092393391e+00
2.784313725490196179e-01 6.385323681369460047e+00
2.823529411764705843e-01 7.446360792665350559e+00
2.862745098039215508e-01 5.428338458436979153e+00
2.901960784313725172e-01 4.812182568740329458e+00
2.941176470588235392e-01 2.392848653850929264e+00
2.980392156862745057e-01 6.236716902484142899e+00
3.019607843137254721e-01 3.292674486033015491e+00
3.058823529411764941e-01 5.338507470558227830e+00
3.098039215686274606e-01 4.419922980646937560e+00
3.137254901960784270e-01 5.172184266892838167e+00
3.176470588235293935e-01 6.732158320217997982e+00
3.215686274509803599e-01 6.479598503832767697e+00
3.254901960784313819e-01 5.698205369859437930e+00
3.294117647058823484e-01 6.881809554193417000e+00
3.333333333333333148e-01 4.898422233078560950e+00
3.372549019607843368e-01 6.263236202092935301e+00
3.411764705882353033e-01 4.377430377056516164e+00
3.450980392156862697e-01 4.282274775257715049e+00
3.490196078431372362e-01 3.093938511865596652e+00
3.529411764705882026e-01 2.388264463396486903e+00
3.568627450980392246e-01 5.723921173543986107e+00
3.607843137254901911e-01 6.126200303005529868e+00
3.647058823529411575e-01 6.135419361913577951e+00
3.686274509803921795e-01 7.419488555299566634e+00
3.725490196078431460e-01 6.476174440597190163e+00
3.764705882352941124e-01 7.408586576246012356e+00
3.803921568627450789e-01 5.099606507750112705e+00
3.843137254901960453e-01 6.951502764809568191e+00
3.882352941176470673e-01 5.036007074220427704e+00
3.921568627450980338e-01 4.774725760858695267e+00
3.960784313725490002e-01 4.792824591159160263e+00
4.000000000000000222e-01 5.266710782294312665e+00
4.039215686274509887e-01 4.741911740472241732e+00
4.078431372549019551e-01 5.200825684599708509e+00
4.117647058823529216e-01 5.705341175578482193e+00
4.156862745098038880e-01 6.765552240153374086e+00
4.196078431372549100e-01 4.812350272110788474e+00
4.235294117647058765e-01 5.693143395662781714e+00
4.274509803921568429e-01 7.162277948457465904e+00
4.313725490196078649e-01 6.599310140866863073e+00
4.352941176470588314e-01 4.809199757659857966e+00
4.392156862745097978e-01 6.051883985282208833e+00
4.431372549019607643e-01 5.873925420042311885e+00
4.470588235294117307e-01 6.602441955480186309e+00
4.509803921568627527e-01 6.095710015637997969e+00
4.549019607843137192e-01 5.329911969487542756e+00
4.588235294117646856e-01 6.524835365742626792e+00
4.627450980392157076e-01 7.303997844370066161e+00
4.666666666666666741e-01 8.528459586841783846e+00
4.705882352941176405e-01 6.058217592269307339e+00
4.745098039215686070e-01 5.993977238512734118e+00
4.784313725490195734e-01 7.327084639639656061e+00
4.823529411764705954e-01 7.495623664360212324e+00
4.862745098039215619e-01 5.108319607572058274e+00
4.901960784313725283e-01 4.511090270536293190e+00
4.941176470588235503e-01 7.078631954766139600e+00
4.980392156862745168e-01 6.869407398714607815e+00
5.019607843137254832e-01 7.403910166993066255e+00
5.058823529411764497e-01 6.641973769271380945e+00
5.098039215686274161e-01 6.191990435544850513e+00
5.137254901960783826e-01 7.740057285547967680e+00
5.176470588235293491e-01 5.710790041456258237e+00
5.215686274509804266e-01 8.029887295308711259e+00
5.254901960784313930e-01 5.872047985377276902e+00
5.294117647058823595e-01 4.543710114665826083e+00
5.333333333333333259e-01 7.802434833735813591e+00
5.372549019607842924e-01 6.588020362678463471e+00
5.411764705882352589e-01 7.100636141512652877e+00
5.450980392156862253e-01 5.702043236996798825e+00
5.490196078431373028e-01 6.373593875654917085e+00
5.529411764705882693e-01 8.070855536402815389e+00
5.568627450980392357e-01 7.525197589111019880e+00
5.607843137254902022e-01 6.838135920573013671e+00
5.647058823529411686e-01 6.603772849464693451e+00
5.686274509803921351e-01 6.264300515673308922e+00
5.725490196078431016e-01 7.341531494515006528e+00
5.764705882352940680e-01 6.609576261111442363e+00
5.803921568627450345e-01 6.847334698417729903e+00
5.843137254901961120e-01 7.103319297721674808e+00
5.882352941176470784e-01 5.674246905292099186e+00
5.921568627450980449e-01 7.010124881310468403e+00
5.960784313725490113e-01 8.227359339139550087e+00
5.999999999999999778e-01 6.869906567239286055e+00
6.039215686274509443e-01 8.809185488243498341e+00
6.078431372549019107e-01 8.394237731473719322e+00
6.117647058823529882e-01 7.956656168682036068e+00
6.156862745098039547e-01 7.168986931678444030e+00
6.196078431372549211e-01 6.130719072754434507e+00
6.235294117647058876e-01 5.124952389166944400e+00
6.274509803921568540e-01 6.202181544653152301e+00
6.313725490196078205e-01 7.521666285117114548e+00
6.352941176470587870e-01 7.198131288472393585e+00
6.392156862745097534e-01 3.876012514289198574e+00
6.431372549019607199e-01 6.776639285878156116e+00
6.470588235294117974e-01 6.845220065391748321e+00
6.509803921568627638e-01 7.964129725620347600e+00
6.549019607843137303e-01 8.072833911342005564e+00
6.588235294117646967e-01 5.476455519620264667e+00
6.627450980392156632e-01 7.363220435991404855e+00
6.666666666666666297e-01 5.124073954948206833e+00
6.705882352941175961e-01 4.615557788673017470e+00
6.745098039215686736e-01 5.678481526692134018e+00
6.784313725490196401e-01 7.681296961316153471e+00
6.823529411764706065e-01 5.227412806675759249e+00
6.862745098039215730e-01 7.684697603750880290e+00
6.901960784313725394e-01 5.411962322874331655e+00
6.941176470588235059e-01 6.264018541859934786e+00
6.980392156862744724e-01 6.340208098330915476e+00
7.019607843137254388e-01 6.963451105519919082e+00
7.058823529411764053e-01 5.982125876523129548e+00
7.098039215686274828e-01 6.385132140097899978e+00
7.137254901960784492e-01 4.918214948160893663e+00
7.176470588235294157e-01 4.110638669523636324e+00
7.215686274509803821e-01 4.912077077529860780e+00
7.254901960784313486e-01 7.422145553116714645e+00
7.294117647058823151e-01 6.464520786053615353e+00
7.333333333333332815e-01 6.734113317699467416e+00
7.372549019607843590e-01 7.219407619364131889e+00
7.411764705882353255e-01 7.924507275559105501e+00
7.450980392156862919e-01 5.248255466043413087e+00
7.490196078431372584e-01 5.864622873221214228e+00
7.529411764705882248e-01 6.377821376370262918e+00
7.568627450980391913e-01 5.373984036727750713e+00
7.607843137254901578e-01 4.698135991861141392e+00
7.647058823529411242e-01 5.354609740989111799e+00
7.686274509803920907e-01 4.372068280936543871e+00
7.725490196078431682e-01 3.217849883143678813e+00
7.764705882352941346e-01 3.620964956348272423e+00
7.803921568627451011e-01 4.783891800172605180e+00
7.843137254901960675e-01 5.816388680313038684e+00
7.882352941176470340e-01 3.670054839973572847e+00
7.921568627450980005e-01 5.655601965950272536e+00
7.960784313725489669e-01 4.540620609742902936e+00
8.000000000000000444e-01 4.139871261595856389e+00
8.039215686274510109e-01 4.875737329383786900e+00
8.078431372549019773e-01 2.814105058918250801e+00
8.117647058823529438e-01 3.764005703570861172e+00
8.156862745098039102e-01 3.941391157867979889e+00
8.196078431372548767e-01 3.716414843272004109e+00
8.235294117647058432e-01 3.017456758629669888e+00
8.274509803921568096e-01 4.132221188436853154e+00
8.313725490196077761e-01 2.042188285237593437e+00
8.352941176470588536e-01 5.408480166201217187e+00
8.392156862745098200e-01 4.784019570138601907e+00
8.431372549019607865e-01 5.634855199526177749e+00
8.470588235294117530e-01 5.651441597691139407e+00
8.509803921568627194e-01 3.850946233306343114e+00
8.549019607843136859e-01 4.977692791503285363e+00
8.588235294117646523e-01 3.859283655260102641e+00
8.627450980392157298e-01 3.238373857255840704e+00
8.666666666666666963e-01 3.525949539267447363e+00
8.705882352941176627e-01 4.799340564509559037e+00
8.745098039215686292e-01 1.681583157064176159e+00
8.784313725490195957e-01 4.774361987627909976e+00
8.823529411764705621e-01 3.828072459497503743e+00
8.862745098039215286e-01 5.774785419011250198e+00
8.901960784313724950e-01 4.540363165805529455e+00
8.941176470588234615e-01 5.528654365058386588e+00
8.980392156862745390e-01 4.324466379556223039e+00
9.019607843137255054e-01 4.102141347709920005e+00
9.058823529411764719e-01 3.333519051548786916e+00
9.098039215686274384e-01 3.299063273651541728e+00
9.137254901960784048e-01 3.317691508376323206e+00
9.176470588235293713e-01 4.705177340129005792e+00
9.215686274509803377e-01 2.770979825422859033e+00
9.254901960784314152e-01 3.472385264502307667e+00
9.294117647058823817e-01 3.845405587150982019e+00
9.333333333333333481e-01 4.940796668190722052e+00
9.372549019607843146e-01 4.684870084961175074e+00
9.411764705882352811e-01 2.330682539262121100e+00
9.450980392156862475e-01 4.541064371770522357e+00
9.490196078431372140e-01 2.299246181782741871e+00
9.529411764705881804e-01 3.316994048788755478e+00
9.568627450980391469e-01 4.133927879383123560e+00
9.607843137254902244e-01 2.680804903743994494e+00
9.647058823529411908e-01 4.798086622799982770e+00
9.686274509803921573e-01 5.505184615405029014e+00
9.725490196078431238e-01 5.638660133841113087e+00
9.764705882352940902e-01 4.765211811852146262e+00
9.803921568627450567e-01 3.831065548486468408e+00
9.843137254901960231e-01 2.104443629293834217e+00
9.882352941176471006e-01 3.066572316643270568e+00
9.921568627450980671e-01 3.801228867963552194e+00
9.960784313725490335e-01 2.401238336778938276e+00
1.000000000000000000e+00 4.919708832924351682e+00
