0.000000000000000000e+00 4.809208496126150756e+00
3.921568627450980338e-03 2.289172435573110231e+00
7.843137254901960675e-03 3.879770598686851812e+00
1.176470588235294101e-02 4.202163462584230125e+00
1.568627450980392135e-02 2.790373267136397217e+00
1.960784313725490169e-02 3.972560807900702429e+00
2.352941176470588203e-02 4.579553637571985192e+00
2.745098039215686236e-02 3.878752776334722263e+00
3.137254901960784270e-02 4.273701549753600837e+00
3.529411764705882304e-02 3.811375772032249643e+00
3.921568627450980338e-02 3.848801612066136357e+00
4.313725490196078372e-02 5.571756605571365206e+00
4.705882352941176405e-02 4.844153792613485443e+00
5.098039215686274439e-02 4.896074723820420971e+00
5.490196078431372473e-02 3.841851881980058447e+00
5.882352941176470507e-02 3.929823412876358280e+00
6.274509803921568540e-02 5.507540781430376065e+00
6.666666666666666574e-02 2.969278161935004157e+00
7.058823529411764608e-02 3.429958011344347746e+00
7.450980392156862642e-02 3.645198380055791887e+00
7.843137254901960675e-02 4.672141208362011966e+00
8.235294117647058709e-02 2.946826201287855440e+00
8.627450980392156743e-02 4.769381194650667233e+00
9.019607843137254777e-02 6.041443387007277011e+00
9.411764705882352811e-02 4.723435469733755276e+00
9.803921568627450844e-02 4.396631164574776207e+00
1.019607843137254888e-01 5.398093515749084581e+00
1.058823529411764691e-01 5.680933940045194142e+00
1.098039215686274495e-01 3.778711049562759605e+00
1.137254901960784298e-01 4.249982791903812895e+00
1.176470588235294101e-01 4.751905623559259162e+00
1.215686274509803905e-01 3.003034491817162532e+00
1.254901960784313708e-01 1.967800030610610706e+00
1.294117647058823373e-01 4.276390326703324973e+00
1.333333333333333315e-01 4.309614763474248988e+00
1.372549019607843257e-01 3.596250684234559625e+00
1.411764705882352922e-01 5.015560336661792462e+00
1.450980392156862586e-01 5.419725515455764864e+00
1.490196078431372528e-01 6.567481517319668782e+00
1.529411764705882470e-01 5.192062310744513631e+00
1.568627450980392135e-01 4.380727328405059851e+00
1.607843137254901800e-01 5.748952411664482121e+00
1.647058823529411742e-01 3.527617740594661377e+00
1.686274509803921684e-01 3.444888672026229059e+00
1.725490196078431349e-01 4.375662774750240125e+00
1.764705882352941013e-01 2.094002310066432671e+00
1.803921568627450955e-01 4.368413496177324440e+00
1.843137254901960898e-01 2.124914666052175605e+00
1.882352941176470562e-01 1.845446242273434345e+00
1.921568627450980227e-01 3.708630875755334344e+00
1.960784313725490169e-01 3.535789670567535126e+00
2.000000000000000111e-01 2.630751252468564783e+00
2.039215686274509776e-01 5.094096558015983156e+00
2.078431372549019440e-01 6.345064245382358692e+00
2.117647058823529382e-01 3.498006046567365246e+00
2.156862745098039325e-01 3.334499038923905978e+00
2.196078431372548989e-01 3.789692856839644186e+00
2.235294117647058654e-01 3.483571844901356407e+00
2.274509803921568596e-01 2.743792520405502255e+00
2.313725490196078538e-01 4.796251471530744936e+00
2.352941176470588203e-01 3.203829410269292577e+00
2.392156862745097867e-01 3.976720466753315808e+00
2.431372549019607809e-01 4.491823690680559089e+00
2.470588235294117752e-01 4.518295147288234226e+00
2.509803921568627416e-01 2.631002378911796225e+00
2.549019607843137081e-01 4.422474191064305948e+00
2.588235294117646745e-01 2.641426365183565661e+00
2.627450980392156965e-01 3.744276510550236026e+00
2.666666666666666630e-01 2.359130308999033865e+00
2.705882352941176294e-01 2.238812018026266948e+00
2.745098039215686514e-01 3.133694321928606197e+00
2.784313725490196179e-01 1.520349358971362363e+00
2.823529411764705843e-01 1.945237524863604239e+00
2.862745098039215508e-01 3.363982550572980568e+00
2.901960784313725172e-01 2.461823356801474016e+00
2.941176470588235392e-01 3.849687198935678456e+00
2.980392156862745057e-01 2.930966716356870894e+00
3.019607843137254721e-01 4.153194708235086630e+00
3.058823529411764941e-01 2.797697490769381012e+00
3.098039215686274606e-01 4.998641555106196677e+00
3.137254901960784270e-01 2.919024294151247201e+00
3.176470588235293935e-01 3.939845576144606287e+00
3.215686274509803599e-01 4.211008708161884329e+00
3.254901960784313819e-01 3.360153424363656161e+00
3.294117647058823484e-01 3.152677004433297903e+00
3.333333333333333148e-01 4.876068202767852355e+00
3.372549019607843368e-01 3.594148517488265249e+00
3.411764705882353033e-01 2.253294340635738635e+00
3.450980392156862697e-01 1.958219239020579039e+00
3.490196078431372362e-01 1.891795362874854058e+00
3.529411764705882026e-01 6.445360115124842970e-01
3.568627450980392246e-01 1.773800330608663600e+00
3.607843137254901911e-01 2.835322234846284317e+00
3.647058823529411575e-01 3.521192367537501866e+00
3.686274509803921795e-01 1.523290883314259325e+00
3.725490196078431460e-01 5.227991830519785665e+00
3.764705882352941124e-01 4.191037119908010311e+00
3.803921568627450789e-01 4.322456563085419923e+00
3.843137254901960453e-01 4.892960752899949917e+00
3.882352941176470673e-01 4.869657884704201578e+00
3.921568627450980338e-01 4.687977100244424378e+00
3.960784313725490002e-01 2.671195288969160586e+00
4.000000000000000222e-01 2.887840679138071742e-01
4.039215686274509887e-01 3.763798412376893054e+00
4.078431372549019551e-01 3.330180383670824362e+00
4.117647058823529216e-01 3.347931172264377864e+00
4.156862745098038880e-01 3.401862382239039029e+00
4.196078431372549100e-01 2.990806616567814213e+00
4.235294117647058765e-01 4.529139722184654993e+00
4.274509803921568429e-01 4.598167357008499323e+00
4.313725490196078649e-01 3.557604075460053306e+00
4.352941176470588314e-01 6.053429004987146200e+00
4.392156862745097978e-01 4.576750178855168549e+00
4.431372549019607643e-01 4.635312854849208186e+00
4.470588235294117307e-01 6.330561143306198346e+00
4.509803921568627527e-01 3.729706442359768559e+00
4.549019607843137192e-01 2.149471838096721488e+00
4.588235294117646856e-01 2.831857029610218124e+00
4.627450980392157076e-01 3.346173350594967566e+00
4.666666666666666741e-01 3.043039291246041778e+00
4.705882352941176405e-01 3.749011926176830656e+00
4.745098039215686070e-01 3.388740501589770915e+00
4.784313725490195734e-01 4.938169646119447087e+00
4.823529411764705954e-01 5.819568636688023489e+00
4.862745098039215619e-01 6.208114165712290244e+00
4.901960784313725283e-01 5.401662907650109702e+00
4.941176470588235503e-01 4.074700163839976241e+00
4.980392156862745168e-01 5.365744487726407996e+00
5.019607843137254832e-01 4.771908129560051393e+00
5.058823529411764497e-01 5.397490725928620670e+00
5.098039215686274161e-01 4.980118221460919870e+00
5.137254901960783826e-01 4.258352256130086388e+00
5.176470588235293491e-01 4.968016266189661856e+00
5.215686274509804266e-01 2.722173519263837882e+00
5.254901960784313930e-01 4.612268204289199147e+00
5.294117647058823595e-01 4.223578878743127873e+00
5.333333333333333259e-01 3.367428791199064797e+00
5.372549019607842924e-01 4.356176163224647624e+00
5.411764705882352589e-01 4.424710211412365091e+00
5.450980392156862253e-01 4.819929931412477941e+00
5.490196078431373028e-01 6.023111688513989925e+00
5.529411764705882693e-01 4.840429901942789215e+00
5.568627450980392357e-01 4.222168254585548119e+00
5.607843137254902022e-01 4.974129954837161804e+00
5.647058823529411686e-01 5.809788776588061587e+00
5.686274509803921351e-01 5.863675957767187086e+00
5.725490196078431016e-01 3.869121061747255563e+00
5.764705882352940680e-01 4.842058213661289301e+00
5.803921568627450345e-01 4.691704402201417601e+00
5.843137254901961120e-01 2.269313581862393736e+00
5.882352941176470784e-01 2.852430325146271262e+00
5.921568627450980449e-01 3.662363727580315143e+00
5.960784313725490113e-01 4.020462701879133682e+00
5.999999999999999778e-01 3.316553055597467381e+00
6.039215686274509443e-01 4.136677161243174972e+00
6.078431372549019107e-01 5.854995058631297766e+00
6.117647058823529882e-01 4.949502681864277776e+00
6.156862745098039547e-01 5.441453242701844495e+00
6.196078431372549211e-01 7.197552328428718837e+00
6.235294117647058876e-01 6.349952764040761366e+00
6.274509803921568540e-01 4.972588577587822911e+00
6.313725490196078205e-01 5.280095696149111006e+00
6.352941176470587870e-01 4.644071648371068228e+00
6.392156862745097534e-01 4.714171962261217708e+00
6.431372549019607199e-01 3.549205589129523997e+00
6.470588235294117974e-01 4.731427333413125602e+00
6.509803921568627638e-01 3.139516289032243446e+00
6.549019607843137303e-01 5.679334672171565401e+00
6.588235294117646967e-01 4.485141568044286764e+00
6.627450980392156632e-01 5.462145069983288082e+00
6.666666666666666297e-01 6.778741680186559648e+00
6.705882352941175961e-01 5.722337327193761425e+00
6.745098039215686736e-01 4.147973031356059437e+00
6.784313725490196401e-01 4.726291611280586835e+00
6.823529411764706065e-01 5.826908978732424416e+00
6.862745098039215730e-01 4.673626141791629607e+00
6.901960784313725394e-01 5.827981276008571854e+00
6.941176470588235059e-01 5.695635158974293510e+00
6.980392156862744724e-01 3.864295619401155513e+00
7.019607843137254388e-01 2.652608774609551467e+00
7.058823529411764053e-01 3.277002295203236493e+00
7.098039215686274828e-01 4.004162023781066893e+00
7.137254901960784492e-01 5.143409610373904428e+00
7.176470588235294157e-01 6.245451848544292694e+00
7.215686274509803821e-01 5.196094382154595515e+00
7.254901960784313486e-01 5.958662419954548817e+00
7.294117647058823151e-01 5.885896558224951391e+00
7.333333333333332815e-01 6.594914345013162205e+00
7.372549019607843590e-01 5.104079143073797731e+00
7.411764705882353255e-01 6.188665731888249866e+00
7.450980392156862919e-01 5.569859226253629281e+00
7.490196078431372584e-01 4.672254592670961770e+00
7.529411764705882248e-01 3.258604689328456594e+00
7.568627450980391913e-01 2.259460559381645695e+00
7.607843137254901578e-01 3.282675646160639005e+00
7.647058823529411242e-01 4.707794667060920979e+00
7.686274509803920907e-01 3.583232146870066082e+00
7.725490196078431682e-01 3.988685973990907296e+00
7.764705882352941346e-01 5.307881002082601718e+00
7.803921568627451011e-01 6.532118683415302662e+00
7.843137254901960675e-01 5.936546944931672343e+00
7.882352941176470340e-01 5.310570147004344932e+00
7.921568627450980005e-01 6.739367370475637387e+00
7.960784313725489669e-01 4.629081560638328874e+00
8.000000000000000444e-01 4.456664775223162955e+00
8.039215686274510109e-01 4.983006470751182526e+00
8.078431372549019773e-01 4.556283845515004316e+00
8.117647058823529438e-01 3.925196842590934931e+00
8.156862745098039102e-01 3.301445235205108908e+00
8.196078431372548767e-01 4.215143575788816044e+00
8.235294117647058432e-01 3.347966425094937026e+00
8.274509803921568096e-01 5.102701213203323150e+00
8.313725490196077761e-01 2.268475851330346238e+00
8.352941176470588536e-01 6.448942306668170588e+00
8.392156862745098200e-01 2.812060357364927654e+00
8.431372549019607865e-01 4.393048660795924043e+00
8.470588235294117530e-01 6.086237340958996711e+00
8.509803921568627194e-01 3.733312313782612968e+00
8.549019607843136859e-01 5.397746659327663288e+00
8.588235294117646523e-01 7.170105698758654000e+00
8.627450980392157298e-01 2.942036318458622901e+00
8.666666666666666963e-01 4.481389304159033138e+00
8.705882352941176627e-01 3.634425275704998626e+00
8.745098039215686292e-01 3.850034730359003898e+00
8.784313725490195957e-01 4.704936402819539509e+00
8.823529411764705621e-01 2.848795661759301101e+00
8.862745098039215286e-01 4.991231007922425356e+00
8.901960784313724950e-01 3.482470057636077421e+00
8.941176470588234615e-01 5.950240200024889958e+00
8.980392156862745390e-01 2.680346516841326299e+00
9.019607843137255054e-01 3.426709666305450153e+00
9.058823529411764719e-01 3.506583538428919677e+00
9.098039215686274384e-01 5.543893310369556460e+00
9.137254901960784048e-01 4.132032587353674735e+00
9.176470588235293713e-01 5.331323220360594917e+00
9.215686274509803377e-01 4.116256218274004119e+00
9.254901960784314152e-01 3.732251909688335978e+00
9.294117647058823817e-01 5.151993723407816361e+00
9.333333333333333481e-01 3.259215459937617521e+00
9.372549019607843146e-01 3.479816036566626636e+00
9.411764705882352811e-01 4.138075922798556405e+00
9.450980392156862475e-01 3.371898292712260492e+00
9.490196078431372140e-01 4.066727685797300040e+00
9.529411764705881804e-01 4.764848626770273654e+00
9.568627450980391469e-01 4.613616527938267708e+00
9.607843137254902244e-01 5.723361192306892775e+00
9.647058823529411908e-01 3.060043818299085228e+00
9.686274509803921573e-01 5.591323789316075654e+00
9.725490196078431238e-01 3.604943872411974670e+00
9.764705882352940902e-01 5.290080559326196585e+00
9.803921568627450567e-01 2.219276226008144448e+00
9.843137254901960231e-01 2.963308529046059459e+00
9.882352941176471006e-01 3.928582425461809802e+00
9.921568627450980671e-01 2.809793988922780539e+00
9.960784313725490335e-01 3.128485727224984636e+00
1.000000000000000000e+00 3.395091311442199444e+00
