0.000000000000000000e+00 7.439702175525908956e+00
3.921568627450980338e-03 9.950846226014148144e+00
7.843137254901960675e-03 9.491066582851919620e+00
1.176470588235294101e-02 8.698513498457229431e+00
1.568627450980392135e-02 1.018479258786989838e+01
1.960784313725490169e-02 1.274928270646921291e+01
2.352941176470588203e-02 9.835416059727799976e+00
2.745098039215686236e-02 1.092997063394852653e+01
3.137254901960784270e-02 9.847320902985286395e+00
3.529411764705882304e-02 7.765922996919643495e+00
3.921568627450980338e-02 6.962105120082716425e+00
4.313725490196078372e-02 7.720055968501945642e+00
4.705882352941176405e-02 8.751826706194529848e+00
5.098039215686274439e-02 8.941694878603319907e+00
5.490196078431372473e-02 1.010481430415726578e+01
5.882352941176470507e-02 1.089027559381122323e+01
6.274509803921568540e-02 1.040647346567988585e+01
6.666666666666666574e-02 1.028482502881865024e+01
7.058823529411764608e-02 9.310352013726920006e+00
7.450980392156862642e-02 8.916697558455339845e+00
7.843137254901960675e-02 9.759859314268375385e+00
8.235294117647058709e-02 1.078604535975546952e+01
8.627450980392156743e-02 8.036475068987575909e+00
9.019607843137254777e-02 8.592244794434591881e+00
9.411764705882352811e-02 1.112531250734079613e+01
9.803921568627450844e-02 1.082839415199552846e+01
1.019607843137254888e-01 1.051214705049036979e+01
1.058823529411764691e-01 9.632945043413641883e+00
1.098039215686274495e-01 9.438577277203840765e+00
1.137254901960784298e-01 9.791008235571368346e+00
1.176470588235294101e-01 9.605802839147358441e+00
1.215686274509803905e-01 1.036817246325830411e+01
1.254901960784313708e-01 7.595284281442356011e+00
1.294117647058823373e-01 8.561539554067426394e+00
1.333333333333333315e-01 1.187412565145651477e+01
1.372549019607843257e-01 1.051390715087765315e+01
1.411764705882352922e-01 1.190594460043650038e+01
1.450980392156862586e-01 1.107845742790803989e+01
1.490196078431372528e-01 1.208567416366615532e+01
1.529411764705882470e-01 1.119044237783435491e+01
1.568627450980392135e-01 9.284805206726261417e+00
1.607843137254901800e-01 1.001243278064781173e+01
1.647058823529411742e-01 8.095508793419810445e+00
1.686274509803921684e-01 1.130498431929450653e+01
1.725490196078431349e-01 8.972800229602121647e+00
1.764705882352941013e-01 1.001566533252010061e+01
1.803921568627450955e-01 8.878997009682933594e+00
1.843137254901960898e-01 1.026488406503411532e+01
1.882352941176470562e-01 9.404206375111122895e+00
1.921568627450980227e-01 8.146598701035081547e+00
1.960784313725490169e-01 1.072877200529850938e+01
2.000000000000000111e-01 9.765133578225686506e+00
2.039215686274509776e-01 8.493656729153379104e+00
2.078431372549019440e-01 9.287279379035283000e+00
2.117647058823529382e-01 8.153095139021488080e+00
2.156862745098039325e-01 8.482993567371687860e+00
2.196078431372548989e-01 8.202819828091417520e+00
2.235294117647058654e-01 7.356695816832067081e+00
2.274509803921568596e-01 1.021756414553891368e+01
2.313725490196078538e-01 1.051470199898654734e+01
2.352941176470588203e-01 1.046574732240015493e+01
2.392156862745097867e-01 1.121200424170363874e+01
2.431372549019607809e-01 1.068265275801613079e+01
2.470588235294117752e-01 1.188476729941612220e+01
2.509803921568627416e-01 1.222149242210167586e+01
2.549019607843137081e-01 9.625027514957354313e+00
2.588235294117646745e-01 8.966711950625763095e+00
2.627450980392156965e-01 9.517598602697340482e+00
2.666666666666666630e-01 8.464671307811537204e+00
2.705882352941176294e-01 1.069319184051657778e+01
2.745098039215686514e-01 1.206641214184714173e+01
2.784313725490196179e-01 1.176932899672804034e+01
2.823529411764705843e-01 1.277572992564662790e+01
2.862745098039215508e-01 1.071001049155326967e+01
2.901960784313725172e-01 9.859882500173997144e+00
2.941176470588235392e-01 9.547015345498815364e+00
2.980392156862745057e-01 7.910828894676583012e+00
3.019607843137254721e-01 8.154809860185272541e+00
3.058823529411764941e-01 9.226419705756313761e+00
3.098039215686274606e-01 8.489286707979500690e+00
3.137254901960784270e-01 8.541842437160330093e+00
3.176470588235293935e-01 1.099906120961682987e+01
3.215686274509803599e-01 1.211918772852239279e+01
3.254901960784313819e-01 1.238904240220469077e+01
3.294117647058823484e-01 1.035695983875848825e+01
3.333333333333333148e-01 1.031970019362582924e+01
3.372549019607843368e-01 9.630419673743753961e+00
3.411764705882353033e-01 6.810997939448930616e+00
3.450980392156862697e-01 6.467612611259007771e+00
3.490196078431372362e-01 7.291105778606480570e+00
3.529411764705882026e-01 6.716693978253946540e+00
3.568627450980392246e-01 9.021730441853293314e+00
3.607843137254901911e-01 9.209285611650603443e+00
3.647058823529411575e-01 9.492072771043583046e+00
3.686274509803921795e-01 1.085403164903766537e+01
3.725490196078431460e-01 1.083371775716996765e+01
3.764705882352941124e-01 1.057395931799486632e+01
3.803921568627450789e-01 1.040597530771802681e+01
3.843137254901960453e-01 9.675491120448940663e+00
3.882352941176470673e-01 7.160349489167752601e+00
3.921568627450980338e-01 7.875750739896890451e+00
3.960784313725490002e-01 8.715173518025027377e+00
4.000000000000000222e-01 8.933386065452928904e+00
4.039215686274509887e-01 1.035162816058885937e+01
4.078431372549019551e-01 9.307955718469919759e+00
4.117647058823529216e-01 8.789673754922430859e+00
4.156862745098038880e-01 9.141156905093964724e+00
4.196078431372549100e-01 1.050373260570470713e+01
4.235294117647058765e-01 1.004198866128183631e+01
4.274509803921568429e-01 1.011700446353581562e+01
4.313725490196078649e-01 8.064210452488492109e+00
4.352941176470588314e-01 6.770829088655602845e+00
4.392156862745097978e-01 6.739945466907851568e+00
4.431372549019607643e-01 6.285054852375861145e+00
4.470588235294117307e-01 7.827618604064779717e+00
4.509803921568627527e-01 6.410418890040099349e+00
4.549019607843137192e-01 5.900694066688683570e+00
4.588235294117646856e-01 6.609678372443577921e+00
4.627450980392157076e-01 7.856783147363592512e+00
4.666666666666666741e-01 7.960890741535294524e+00
4.705882352941176405e-01 8.406472197472629304e+00
4.745098039215686070e-01 1.011763129422368834e+01
4.784313725490195734e-01 8.737892158037510626e+00
4.823529411764705954e-01 8.827093074071578727e+00
4.862745098039215619e-01 7.782370126849206926e+00
4.901960784313725283e-01 5.410537886051513645e+00
4.941176470588235503e-01 5.623665816866431300e+00
4.980392156862745168e-01 6.549574040340234937e+00
5.019607843137254832e-01 7.950937435430349254e+00
5.058823529411764497e-01 6.585541663395783729e+00
5.098039215686274161e-01 8.732364873661369487e+00
5.137254901960783826e-01 8.770987818521950530e+00
5.176470588235293491e-01 9.199145544195966195e+00
5.215686274509804266e-01 9.040113736654545207e+00
5.254901960784313930e-01 8.896135193252675322e+00
5.294117647058823595e-01 6.403723753676205277e+00
5.333333333333333259e-01 5.578895214041185824e+00
5.372549019607842924e-01 6.322432987852270259e+00
5.411764705882352589e-01 5.376075325054118892e+00
5.450980392156862253e-01 7.519499893961225645e+00
5.490196078431373028e-01 9.703012585803012513e+00
5.529411764705882693e-01 1.008603217806376939e+01
5.568627450980392357e-01 9.074702191325691558e+00
5.607843137254902022e-01 8.202421042884147084e+00
5.647058823529411686e-01 8.292154136666763264e+00
5.686274509803921351e-01 8.005725670810814876e+00
5.725490196078431016e-01 5.577335101262958617e+00
5.764705882352940680e-01 7.187524987534336773e+00
5.803921568627450345e-01 5.040366556091807837e+00
5.843137254901961120e-01 6.053989158549983429e+00
5.882352941176470784e-01 6.952252163004117413e+00
5.921568627450980449e-01 7.720821097895918861e+00
5.960784313725490113e-01 7.841144645523138834e+00
5.999999999999999778e-01 8.764612894528939435e+00
6.039215686274509443e-01 7.267981186638305502e+00
6.078431372549019107e-01 8.404464430204146907e+00
6.117647058823529882e-01 7.795123537744358622e+00
6.156862745098039547e-01 7.044894951833633456e+00
6.196078431372549211e-01 4.268984398705049088e+00
6.235294117647058876e-01 6.218662121699899181e+00
6.274509803921568540e-01 7.470048991049100806e+00
6.313725490196078205e-01 7.060036518873226363e+00
6.352941176470587870e-01 6.944837127340240279e+00
6.392156862745097534e-01 6.643260029229099750e+00
6.431372549019607199e-01 5.812270213663311758e+00
6.470588235294117974e-01 8.471574038878248558e+00
6.509803921568627638e-01 7.034195519923900797e+00
6.549019607843137303e-01 7.206441251999926578e+00
6.588235294117646967e-01 7.760362700393861779e+00
6.627450980392156632e-01 5.747233654982791151e+00
6.666666666666666297e-01 7.831435816511629788e+00
6.705882352941175961e-01 6.695665323856830220e+00
6.745098039215686736e-01 7.073120750573402837e+00
6.784313725490196401e-01 7.782501590479935949e+00
6.823529411764706065e-01 6.067260500736294304e+00
6.862745098039215730e-01 8.701237942673675008e+00
6.901960784313725394e-01 7.403270423767761343e+00
6.941176470588235059e-01 7.749265667140440961e+00
6.980392156862744724e-01 6.821564332929156649e+00
7.019607843137254388e-01 6.307022679729493042e+00
7.058823529411764053e-01 6.025944019473178592e+00
7.098039215686274828e-01 8.497215230370125383e+00
7.137254901960784492e-01 7.204043043260163870e+00
7.176470588235294157e-01 8.509373009694114032e+00
7.215686274509803821e-01 1.302525621356515728e+01
7.254901960784313486e-01 8.357398734806016805e+00
7.294117647058823151e-01 9.681124731331980371e+00
7.333333333333332815e-01 5.825563431377458912e+00
7.372549019607843590e-01 3.992146819536552815e+00
7.411764705882353255e-01 4.966386626234198687e+00
7.450980392156862919e-01 6.055081543856049464e+00
7.490196078431372584e-01 5.809059649824918736e+00
7.529411764705882248e-01 7.033396563495616149e+00
7.568627450980391913e-01 7.215501038407073686e+00
7.607843137254901578e-01 6.601639634959499681e+00
7.647058823529411242e-01 6.351368883932078546e+00
7.686274509803920907e-01 5.206844914833745008e+00
7.725490196078431682e-01 6.023881321218466312e+00
7.764705882352941346e-01 6.345318655157071497e+00
7.803921568627451011e-01 5.992123976705135746e+00
7.843137254901960675e-01 5.497849962237213894e+00
7.882352941176470340e-01 3.875470660230321496e+00
7.921568627450980005e-01 6.156359248390422145e+00
7.960784313725489669e-01 5.177311214795432548e+00
8.000000000000000444e-01 5.517811066309612045e+00
8.039215686274510109e-01 5.198803992370169880e+00
8.078431372549019773e-01 5.123818855207709078e+00
8.117647058823529438e-01 6.255402158305510163e+00
8.156862745098039102e-01 6.649318680953735239e+00
8.196078431372548767e-01 4.439050487700384018e+00
8.235294117647058432e-01 5.169845174364574802e+00
8.274509803921568096e-01 5.846242517044718312e+00
8.313725490196077761e-01 6.101221556882588715e+00
8.352941176470588536e-01 5.595208734102680381e+00
8.392156862745098200e-01 4.934437586113112673e+00
8.431372549019607865e-01 5.292341929964244684e+00
8.470588235294117530e-01 5.482119182652406941e+00
8.509803921568627194e-01 5.779420468555450441e+00
8.549019607843136859e-01 4.589310226161662953e+00
8.588235294117646523e-01 5.467642323883914024e+00
8.627450980392157298e-01 4.953123758295264523e+00
8.666666666666666963e-01 7.937639514614195591e+00
8.705882352941176627e-01 3.317031396141128852e+00
8.745098039215686292e-01 6.537086575530479671e+00
8.784313725490195957e-01 3.437255593541936882e+00
8.823529411764705621e-01 1.771395698607180602e+00
8.862745098039215286e-01 4.036177596476062668e+00
8.901960784313724950e-01 4.450092532618446839e+00
8.941176470588234615e-01 7.436809138208934300e+00
8.980392156862745390e-01 4.883240152887195151e+00
9.019607843137255054e-01 6.623842293645260781e+00
9.058823529411764719e-01 6.094534251151533688e+00
9.098039215686274384e-01 4.337081048220518653e+00
9.137254901960784048e-01 5.139408439662687123e+00
9.176470588235293713e-01 5.136298479488287327e+00
9.215686274509803377e-01 3.579875143838830986e+00
9.254901960784314152e-01 5.145892712989336815e+00
9.294117647058823817e-01 3.915002723875645074e+00
9.333333333333333481e-01 1.821376571177473647e+00
9.372549019607843146e-01 3.521003174669679048e+00
9.411764705882352811e-01 4.905491549661102901e+00
9.450980392156862475e-01 5.493642305750506161e+00
9.490196078431372140e-01 5.993003856198572343e+00
9.529411764705881804e-01 5.785707894044366029e+00
9.568627450980391469e-01 3.852675082245810678e+00
9.607843137254902244e-01 6.209435457694410410e+00
9.647058823529411908e-01 5.149666726961090291e+00
9.686274509803921573e-01 5.263066510811305498e+00
9.725490196078431238e-01 4.806340460662428704e+00
9.764705882352940902e-01 4.365283146994968888e+00
9.803921568627450567e-01 4.778170937101241300e+00
9.843137254901960231e-01 6.608523594332494255e+00
9.882352941176471006e-01 6.939381772758768996e+00
9.921568627450980671e-01 6.364674195853970318e+00
9.960784313725490335e-01 5.358457256883950137e+00
1.000000000000000000e+00 5.402770212750626300e+00
