0.000000000000000000e+00 6.220293125683871160e-01
3.921568627450980338e-03 2.431122615531015718e+00
7.843137254901960675e-03 1.556825581360319566e+00
1.176470588235294101e-02 1.229968747859713663e+00
1.568627450980392135e-02 1.602751683706787666e+00
1.960784313725490169e-02 1.729793665611527143e+00
2.352941176470588203e-02 -9.327765194650905478e-01
2.745098039215686236e-02 1.904384228257866241e+00
3.137254901960784270e-02 2.186419855422805369e+00
3.529411764705882304e-02 9.227320693196729984e-01
3.921568627450980338e-02 1.706306183967558621e+00
4.313725490196078372e-02 4.576547695617676048e+00
4.705882352941176405e-02 2.582119280945826212e+00
5.098039215686274439e-02 2.539234469541498118e+00
5.490196078431372473e-02 1.916624638198531239e+00
5.882352941176470507e-02 1.373532692834947833e+00
6.274509803921568540e-02 2.425488198870579648e+00
6.666666666666666574e-02 1.923291120016698441e+00
7.058823529411764608e-02 3.123403392820788493e+00
7.450980392156862642e-02 1.625713239455217174e+00
7.843137254901960675e-02 1.043413491021125461e+00
8.235294117647058709e-02 3.706688743696910926e+00
8.627450980392156743e-02 7.172508720976140673e-01
9.019607843137254777e-02 3.033057573287849529e+00
9.411764705882352811e-02 2.295502330558053306e+00
9.803921568627450844e-02 1.544593855022807993e+00
1.019607843137254888e-01 3.788219199673036108e+00
1.058823529411764691e-01 3.939698650910715028e+00
1.098039215686274495e-01 3.112213531582741055e+00
1.137254901960784298e-01 4.720768763534153756e+00
1.176470588235294101e-01 2.240010729283421487e+00
1.215686274509803905e-01 2.721111576285687228e+00
1.254901960784313708e-01 1.925204523052092220e+00
1.294117647058823373e-01 3.724822727355900476e+00
1.333333333333333315e-01 1.057337010401469879e+00
1.372549019607843257e-01 1.691006235109303812e+00
1.411764705882352922e-01 3.044102786372242520e+00
1.450980392156862586e-01 1.265595355497903363e+00
1.490196078431372528e-01 2.358488767337790559e+00
1.529411764705882470e-01 3.071112658325124922e+00
1.568627450980392135e-01 2.999558719401863360e+00
1.607843137254901800e-01 1.508716408323335312e+00
1.647058823529411742e-01 2.828768899730568886e+00
1.686274509803921684e-01 4.021818453264878634e+00
1.725490196078431349e-01 3.870289264678200780e+00
1.764705882352941013e-01 3.763620676072507276e+00
1.803921568627450955e-01 3.584151240396989735e+00
1.843137254901960898e-01 3.569191668281920027e+00
1.882352941176470562e-01 1.850043309711268513e+00
1.921568627450980227e-01 3.814085721301974985e+00
1.960784313725490169e-01 2.928694317074282516e+00
2.000000000000000111e-01 4.687382672586949184e+00
2.039215686274509776e-01 1.821900212540802366e+00
2.078431372549019440e-01 3.707987783980550400e+00
2.117647058823529382e-01 3.738265876780256569e+00
2.156862745098039325e-01 2.832158691137006912e+00
2.196078431372548989e-01 5.667481431733474295e+00
2.235294117647058654e-01 3.820346613394294266e+00
2.274509803921568596e-01 3.382297005996389938e+00
2.313725490196078538e-01 2.607554251664800482e+00
2.352941176470588203e-01 3.255044653573298419e+00
2.392156862745097867e-01 3.676078355095092398e+00
2.431372549019607809e-01 5.348590639917619960e+00
2.470588235294117752e-01 4.884057525691932966e+00
2.509803921568627416e-01 5.443600915702015541e+00
2.549019607843137081e-01 6.207021478725086361e+00
2.588235294117646745e-01 5.949082110308626881e+00
2.627450980392156965e-01 6.030488938846268354e+00
2.666666666666666630e-01 3.609954891233039476e+00
2.705882352941176294e-01 3.496909530052478843e+00
2.745098039215686514e-01 3.479410164669476391e+00
2.784313725490196179e-01 4.542334720762404743e+00
2.823529411764705843e-01 4.177518729096031613e+00
2.862745098039215508e-01 5.816883722839795823e+00
2.901960784313725172e-01 3.701642581851084746e+00
2.941176470588235392e-01 6.421120785541674536e+00
2.980392156862745057e-01 8.321411219156203742e+00
3.019607843137254721e-01 6.405138635329896246e+00
3.058823529411764941e-01 5.358065642535754236e+00
3.098039215686274606e-01 4.190628647201835477e+00
3.137254901960784270e-01 4.801499024760454759e+00
3.176470588235293935e-01 5.411804863703689072e+00
3.215686274509803599e-01 3.792443613061889263e+00
3.254901960784313819e-01 5.565905496348877435e+00
3.294117647058823484e-01 3.822326671213627236e+00
3.333333333333333148e-01 5.241869654956725633e+00
3.372549019607843368e-01 4.662777028514011768e+00
3.411764705882353033e-01 4.113940832365978295e+00
3.450980392156862697e-01 6.347269390187481264e+00
3.490196078431372362e-01 5.047833285760604305e+00
3.529411764705882026e-01 5.174716668968881272e+00
3.568627450980392246e-01 6.329616176177966125e+00
3.607843137254901911e-01 5.725401425993343452e+00
3.647058823529411575e-01 4.162236449925136306e+00
3.686274509803921795e-01 6.335034421206213295e+00
3.725490196078431460e-01 3.942197522948148070e+00
3.764705882352941124e-01 4.495759357971424564e+00
3.803921568627450789e-01 5.685711070905747455e+00
3.843137254901960453e-01 3.668663390373885225e+00
3.882352941176470673e-01 5.467947869700674701e+00
3.921568627450980338e-01 5.963808856698227245e+00
3.960784313725490002e-01 6.223643082910144564e+00
4.000000000000000222e-01 5.956258316697940813e+00
4.039215686274509887e-01 6.724448503907440866e+00
4.078431372549019551e-01 5.689880069297190701e+00
4.117647058823529216e-01 6.550138027095930404e+00
4.156862745098038880e-01 4.434312761484438425e+00
4.196078431372549100e-01 3.133154860555888988e+00
4.235294117647058765e-01 5.241811683927450005e+00
4.274509803921568429e-01 3.435906281664316886e+00
4.313725490196078649e-01 4.110024021644070658e+00
4.352941176470588314e-01 7.324226898832399968e+00
4.392156862745097978e-01 6.010842242331956520e+00
4.431372549019607643e-01 5.844006737837104559e+00
4.470588235294117307e-01 4.664620876352563172e+00
4.509803921568627527e-01 5.718611560742846933e+00
4.549019607843137192e-01 4.581617148320530575e+00
4.588235294117646856e-01 5.424304772243772277e+00
4.627450980392157076e-01 4.035061266202284891e+00
4.666666666666666741e-01 3.517316746217825862e+00
4.705882352941176405e-01 5.324217423135485738e+00
4.745098039215686070e-01 4.251419344494012265e+00
4.784313725490195734e-01 4.336196038121599372e+00
4.823529411764705954e-01 5.838464523160356023e+00
4.862745098039215619e-01 4.386745863374242660e+00
4.901960784313725283e-01 6.581282058476069174e+00
4.941176470588235503e-01 5.823807694846361294e+00
4.980392156862745168e-01 6.128519739780528219e+00
5.019607843137254832e-01 4.471961078840470449e+00
5.058823529411764497e-01 6.517546089304592449e+00
5.098039215686274161e-01 6.613831077156316240e+00
5.137254901960783826e-01 4.197439155802088706e+00
5.176470588235293491e-01 4.950565794918817986e+00
5.215686274509804266e-01 4.096648262562320397e+00
5.254901960784313930e-01 5.507108955207666412e+00
5.294117647058823595e-01 5.889526413779634595e+00
5.333333333333333259e-01 8.433311150253812727e+00
5.372549019607842924e-01 5.631121375834032605e+00
5.411764705882352589e-01 5.907263058734741890e+00
5.450980392156862253e-01 4.779509038333767279e+00
5.490196078431373028e-01 4.735081355139804771e+00
5.529411764705882693e-01 6.006473325454067869e+00
5.568627450980392357e-01 6.910468626775752021e+00
5.607843137254902022e-01 4.278731006298949424e+00
5.647058823529411686e-01 5.045176784413190063e+00
5.686274509803921351e-01 5.040415848848843083e+00
5.725490196078431016e-01 7.079751342967144367e+00
5.764705882352940680e-01 7.392539482677402241e+00
5.803921568627450345e-01 8.898824564924517233e+00
5.843137254901961120e-01 7.409416023307704435e+00
5.882352941176470784e-01 7.238581748539102634e+00
5.921568627450980449e-01 7.344206445485213841e+00
5.960784313725490113e-01 1.035430553055762104e+01
5.999999999999999778e-01 6.384777235034811760e+00
6.039215686274509443e-01 7.622495307895087890e+00
6.078431372549019107e-01 5.116482068967929564e+00
6.117647058823529882e-01 7.062836210260065251e+00
6.156862745098039547e-01 6.374665099200537810e+00
6.196078431372549211e-01 7.166361980945963772e+00
6.235294117647058876e-01 5.313509761088796246e+00
6.274509803921568540e-01 4.616860099207272583e+00
6.313725490196078205e-01 7.066485264578125758e+00
6.352941176470587870e-01 8.583606723899499968e+00
6.392156862745097534e-01 8.054836971788489564e+00
6.431372549019607199e-01 8.256427924444729172e+00
6.470588235294117974e-01 9.143745611444042964e+00
6.509803921568627638e-01 8.149961496137827055e+00
6.549019607843137303e-01 6.668490836300453140e+00
6.588235294117646967e-01 8.063930664567346085e+00
6.627450980392156632e-01 6.963255436794588249e+00
6.666666666666666297e-01 5.868254249733937833e+00
6.705882352941175961e-01 6.531450637357244737e+00
6.745098039215686736e-01 7.426247208605116334e+00
6.784313725490196401e-01 6.143465288396256163e+00
6.823529411764706065e-01 7.691723478207373788e+00
6.862745098039215730e-01 6.841766467712248279e+00
6.901960784313725394e-01 9.536584669449673868e+00
6.941176470588235059e-01 6.304478980520014098e+00
6.980392156862744724e-01 7.196978314253117404e+00
7.019607843137254388e-01 6.876810167594349821e+00
7.058823529411764053e-01 6.040369850450945322e+00
7.098039215686274828e-01 8.555975147307970374e+00
7.137254901960784492e-01 5.394084557365549593e+00
7.176470588235294157e-01 5.980391098795132976e+00
7.215686274509803821e-01 8.245891076241726125e+00
7.254901960784313486e-01 8.660823677489519312e+00
7.294117647058823151e-01 6.217759839595099258e+00
7.333333333333332815e-01 7.897792333211127058e+00
7.372549019607843590e-01 7.032897523662134276e+00
7.411764705882353255e-01 8.019741876842443773e+00
7.450980392156862919e-01 6.860585727496998132e+00
7.490196078431372584e-01 8.353667152663167172e+00
7.529411764705882248e-01 4.851984779144342674e+00
7.568627450980391913e-01 7.623734767768062248e+00
7.607843137254901578e-01 8.282608795408696878e+00
7.647058823529411242e-01 7.995735353767458697e+00
7.686274509803920907e-01 7.929099112780974679e+00
7.725490196078431682e-01 6.287285475895306952e+00
7.764705882352941346e-01 6.220962594749668284e+00
7.803921568627451011e-01 7.884972608682565998e+00
7.843137254901960675e-01 7.445760637968347417e+00
7.882352941176470340e-01 5.480853698150388809e+00
7.921568627450980005e-01 7.430832849295555320e+00
7.960784313725489669e-01 7.532555509632381074e+00
8.000000000000000444e-01 8.403271575157900131e+00
8.039215686274510109e-01 6.936192070803042675e+00
8.078431372549019773e-01 7.265270197745678615e+00
8.117647058823529438e-01 8.977036422378530389e+00
8.156862745098039102e-01 7.594622770716966897e+00
8.196078431372548767e-01 7.450453670769277004e+00
8.235294117647058432e-01 5.437543983543163151e+00
8.274509803921568096e-01 4.956544715594405126e+00
8.313725490196077761e-01 5.692485944729602565e+00
8.352941176470588536e-01 7.090881278375435137e+00
8.392156862745098200e-01 5.526314301881801505e+00
8.431372549019607865e-01 8.795864100676045183e+00
8.470588235294117530e-01 6.154277430730942910e+00
8.509803921568627194e-01 7.299385632024966597e+00
8.549019607843136859e-01 6.494351421349000120e+00
8.588235294117646523e-01 5.904958232781392091e+00
8.627450980392157298e-01 4.718127327933889781e+00
8.666666666666666963e-01 5.171987042589377914e+00
8.705882352941176627e-01 3.904081753115364872e+00
8.745098039215686292e-01 6.620345626747494272e+00
8.784313725490195957e-01 7.218257315981441380e+00
8.823529411764705621e-01 6.147149524156787059e+00
8.862745098039215286e-01 9.656091939718459471e+00
8.901960784313724950e-01 8.440104026789210678e+00
8.941176470588234615e-01 6.650177190184149545e+00
8.980392156862745390e-01 4.637900415184642355e+00
9.019607843137255054e-01 5.946032040131674634e+00
9.058823529411764719e-01 5.843275635722584127e+00
9.098039215686274384e-01 6.878957712565098248e+00
9.137254901960784048e-01 6.400662979148977527e+00
9.176470588235293713e-01 5.188533837157990547e+00
9.215686274509803377e-01 7.234884186959527952e+00
9.254901960784314152e-01 9.210377519228263310e+00
9.294117647058823817e-01 5.913449004442458801e+00
9.333333333333333481e-01 4.000746671661753240e+00
9.372549019607843146e-01 6.863225066617283154e+00
9.411764705882352811e-01 5.924559283769711193e+00
9.450980392156862475e-01 7.249709735731150850e+00
9.490196078431372140e-01 5.399255886711512353e+00
9.529411764705881804e-01 6.606354113834665753e+00
9.568627450980391469e-01 6.583752117697377670e+00
9.607843137254902244e-01 5.238396203599600121e+00
9.647058823529411908e-01 6.474466318022273015e+00
9.686274509803921573e-01 6.127557136941508276e+00
9.725490196078431238e-01 8.023954593834076832e+00
9.764705882352940902e-01 7.192575784588917998e+00
9.803921568627450567e-01 5.263568500734298716e+00
9.843137254901960231e-01 3.481187277920041012e+00
9.882352941176471006e-01 6.854211502365111564e+00
9.921568627450980671e-01 4.046538476921947236e+00
9.960784313725490335e-01 4.940311089316310245e+00
1.000000000000000000e+00 5.715257566896999819e+00
