0.000000000000000000e+00 5.384456898991528462e+00
3.921568627450980338e-03 3.961677856751987470e+00
7.843137254901960675e-03 5.359090287450266388e+00
1.176470588235294101e-02 3.687373171097264368e+00
1.568627450980392135e-02 3.402651768288791345e+00
1.960784313725490169e-02 3.054247526715411887e+00
2.352941176470588203e-02 1.748807957733163665e+00
2.745098039215686236e-02 5.386466324667741112e+00
3.137254901960784270e-02 2.621781497602703404e+00
3.529411764705882304e-02 2.946676106603778322e-01
3.921568627450980338e-02 1.529331905456594587e+00
4.313725490196078372e-02 2.145088234586172149e+00
4.705882352941176405e-02 2.452655284212068132e+00
5.098039215686274439e-02 2.147628953702133359e+00
5.490196078431372473e-02 1.462315039714407572e+00
5.882352941176470507e-02 1.487285244837731835e+00
6.274509803921568540e-02 2.189706814900085785e+00
6.666666666666666574e-02 2.001816822625786862e+00
7.058823529411764608e-02 3.065715307429807801e+00
7.450980392156862642e-02 3.081096146104752354e+00
7.843137254901960675e-02 4.916206860770837572e+00
8.235294117647058709e-02 1.628735724297891041e+00
8.627450980392156743e-02 2.743423112298322142e+00
9.019607843137254777e-02 3.844386830463695226e+00
9.411764705882352811e-02 2.438235746105331891e+00
9.803921568627450844e-02 1.994578889561515744e+00
1.019607843137254888e-01 4.251922779188969770e+00
1.058823529411764691e-01 -5.744941361762068155e-02
1.098039215686274495e-01 3.362016525804782496e+00
1.137254901960784298e-01 2.058786353326682139e+00
1.176470588235294101e-01 2.236893577039156256e-01
1.215686274509803905e-01 1.176084820030563582e+00
1.254901960784313708e-01 2.755946964449808689e+00
1.294117647058823373e-01 6.124836732499181480e-01
1.333333333333333315e-01 1.264391992346678872e+00
1.372549019607843257e-01 2.687030579764449367e+00
1.411764705882352922e-01 3.227569441270802031e+00
1.450980392156862586e-01 2.758130283648658754e+00
1.490196078431372528e-01 2.882848608887367714e+00
1.529411764705882470e-01 2.276499567794096013e+00
1.568627450980392135e-01 2.065699875984271294e+00
1.607843137254901800e-01 3.830008657549874851e+00
1.647058823529411742e-01 2.988374277699582748e+00
1.686274509803921684e-01 3.833603957585728583e+00
1.725490196078431349e-01 4.499844042517095133e+00
1.764705882352941013e-01 2.981494338342447925e+00
1.803921568627450955e-01 8.223726558477779669e-01
1.843137254901960898e-01 1.452998814845060549e+00
1.882352941176470562e-01 4.581411878419912043e-01
1.921568627450980227e-01 8.980265095194863711e-01
1.960784313725490169e-01 7.024130095047951272e-01
2.000000000000000111e-01 6.615981920784221870e-01
2.039215686274509776e-01 1.085057781819547262e+00
2.078431372549019440e-01 2.543084134163957621e+00
2.117647058823529382e-01 2.960142969207863572e+00
2.156862745098039325e-01 3.197636230925208878e+00
2.196078431372548989e-01 5.444922433898668146e+00
2.235294117647058654e-01 4.484839431372371621e+00
2.274509803921568596e-01 3.373213817493508238e+00
2.313725490196078538e-01 6.202311677531532119e+00
2.352941176470588203e-01 4.957279523567309276e+00
2.392156862745097867e-01 2.262462615455643089e+00
2.431372549019607809e-01 4.057587679189588847e+00
2.470588235294117752e-01 4.368967886448796634e+00
2.509803921568627416e-01 3.037955046387355917e+00
2.549019607843137081e-01 2.005099542688824510e+00
2.588235294117646745e-01 5.149646821614438430e+00
2.627450980392156965e-01 2.695991235779459316e+00
2.666666666666666630e-01 4.251396953746085394e+00
2.705882352941176294e-01 1.963211025057448378e+00
2.745098039215686514e-01 5.252606580572422246e+00
2.784313725490196179e-01 6.000126103690292645e+00
2.823529411764705843e-01 7.000762261466791259e+00
2.862745098039215508e-01 4.298934253954800333e+00
2.901960784313725172e-01 4.449146489018313666e+00
2.941176470588235392e-01 7.119853039558776686e+00
2.980392156862745057e-01 6.614623903930865190e+00
3.019607843137254721e-01 6.747727763325082506e+00
3.058823529411764941e-01 7.540681309791682274e+00
3.098039215686274606e-01 5.682548062681574308e+00
3.137254901960784270e-01 6.791847723963027050e+00
3.176470588235293935e-01 4.710494096548263343e+00
3.215686274509803599e-01 4.917555229141349571e+00
3.254901960784313819e-01 3.870292542716104123e+00
3.294117647058823484e-01 3.349677146797975347e+00
3.333333333333333148e-01 3.938480193349498393e+00
3.372549019607843368e-01 3.757465558635883607e+00
3.411764705882353033e-01 3.052727676321932648e+00
3.450980392156862697e-01 5.532886268930202966e+00
3.490196078431372362e-01 4.429478521454578654e+00
3.529411764705882026e-01 4.181853151189164564e+00
3.568627450980392246e-01 6.676766340297772828e+00
3.607843137254901911e-01 5.760869658256169146e+00
3.647058823529411575e-01 5.943532446734272057e+00
3.686274509803921795e-01 7.555214379983949513e+00
3.725490196078431460e-01 5.271084056457101319e+00
3.764705882352941124e-01 4.771012654309090273e+00
3.803921568627450789e-01 6.258693505227075349e+00
3.843137254901960453e-01 4.934779542421848575e+00
3.882352941176470673e-01 5.064735655692849114e+00
3.921568627450980338e-01 4.061987530499662213e+00
3.960784313725490002e-01 4.619890442681464648e+00
4.000000000000000222e-01 5.531234201619142254e+00
4.039215686274509887e-01 4.094669457133434776e+00
4.078431372549019551e-01 5.583176546135968366e+00
4.117647058823529216e-01 7.694371814289436173e+00
4.156862745098038880e-01 5.811206141953103810e+00
4.196078431372549100e-01 5.885757502219230552e+00
4.235294117647058765e-01 7.257543253596083765e+00
4.274509803921568429e-01 6.032069620232579865e+00
4.313725490196078649e-01 7.867979049234035571e+00
4.352941176470588314e-01 7.395713941166631500e+00
4.392156862745097978e-01 6.308154871812928555e+00
4.431372549019607643e-01 4.683362171573193677e+00
4.470588235294117307e-01 5.435579634421043416e+00
4.509803921568627527e-01 6.288276939738639548e+00
4.549019607843137192e-01 6.578353850938795766e+00
4.588235294117646856e-01 4.396559656370522262e+00
4.627450980392157076e-01 4.135487367542264536e+00
4.666666666666666741e-01 5.426226498359866923e+00
4.705882352941176405e-01 5.947663568326106542e+00
4.745098039215686070e-01 4.927002972022007654e+00
4.784313725490195734e-01 6.223797584679298112e+00
4.823529411764705954e-01 6.673055842398055049e+00
4.862745098039215619e-01 5.861821988722043741e+00
4.901960784313725283e-01 6.472713086073021316e+00
4.941176470588235503e-01 7.335238327637693345e+00
4.980392156862745168e-01 6.968350916048718702e+00
5.019607843137254832e-01 6.474459444474490510e+00
5.058823529411764497e-01 6.125957107846953242e+00
5.098039215686274161e-01 8.635352621342770263e+00
5.137254901960783826e-01 6.054735445004048700e+00
5.176470588235293491e-01 7.125637532816758934e+00
5.215686274509804266e-01 7.788660212112425540e+00
5.254901960784313930e-01 6.009813003631622408e+00
5.294117647058823595e-01 6.825149774308681749e+00
5.333333333333333259e-01 6.729121606575023229e+00
5.372549019607842924e-01 8.326304655252188880e+00
5.411764705882352589e-01 5.445045551581833010e+00
5.450980392156862253e-01 6.689920682611313119e+00
5.490196078431373028e-01 8.524973958830099008e+00
5.529411764705882693e-01 7.294657134317168001e+00
5.568627450980392357e-01 8.910447881843582607e+00
5.607843137254902022e-01 7.513696234639014371e+00
5.647058823529411686e-01 6.387786422996827973e+00
5.686274509803921351e-01 8.755789034008431670e+00
5.725490196078431016e-01 6.023333139995502350e+00
5.764705882352940680e-01 7.447087320795922949e+00
5.803921568627450345e-01 6.774070254365051724e+00
5.843137254901961120e-01 7.484912474163246898e+00
5.882352941176470784e-01 6.548424272097479459e+00
5.921568627450980449e-01 8.281203901757024255e+00
5.960784313725490113e-01 7.823055871525077087e+00
5.999999999999999778e-01 7.530334843992348759e+00
6.039215686274509443e-01 8.381398029050851406e+00
6.078431372549019107e-01 9.455394465244358670e+00
6.117647058823529882e-01 9.258916807647057823e+00
6.156862745098039547e-01 7.271052332649112770e+00
6.196078431372549211e-01 7.529441223578563935e+00
6.235294117647058876e-01 7.518402170065901835e+00
6.274509803921568540e-01 7.870485466193808399e+00
6.313725490196078205e-01 7.269889464038209681e+00
6.352941176470587870e-01 5.875281451545850686e+00
6.392156862745097534e-01 7.787603510639179660e+00
6.431372549019607199e-01 6.378370705779514260e+00
6.470588235294117974e-01 8.417163978297848459e+00
6.509803921568627638e-01 7.441468920160585476e+00
6.549019607843137303e-01 9.216878485905375840e+00
6.588235294117646967e-01 1.102257691965502318e+01
6.627450980392156632e-01 1.037773149052325294e+01
6.666666666666666297e-01 9.696241647835888600e+00
6.705882352941175961e-01 1.055137287302097349e+01
6.745098039215686736e-01 8.003996169701427021e+00
6.784313725490196401e-01 7.867198060088354872e+00
6.823529411764706065e-01 9.524726239972920894e+00
6.862745098039215730e-01 5.352797582914733177e+00
6.901960784313725394e-01 6.987565457550449999e+00
6.941176470588235059e-01 5.279615904551832273e+00
6.980392156862744724e-01 7.338816366887769505e+00
7.019607843137254388e-01 7.733982979121163837e+00
7.058823529411764053e-01 8.389143235270799082e+00
7.098039215686274828e-01 7.813301781116263278e+00
7.137254901960784492e-01 9.669689489252759174e+00
7.176470588235294157e-01 8.590452242326785282e+00
7.215686274509803821e-01 9.838719238137262124e+00
7.254901960784313486e-01 9.228123874051400222e+00
7.294117647058823151e-01 8.598831686286356302e+00
7.333333333333332815e-01 6.953580564580352785e+00
7.372549019607843590e-01 8.477525771014336797e+00
7.411764705882353255e-01 5.407523655971584908e+00
7.450980392156862919e-01 6.434514688825808015e+00
7.490196078431372584e-01 5.455978916359872422e+00
7.529411764705882248e-01 5.908590460858180293e+00
7.568627450980391913e-01 6.713029130012785117e+00
7.607843137254901578e-01 5.420911187578117740e+00
7.647058823529411242e-01 6.520430937620824707e+00
7.686274509803920907e-01 6.390547250416030778e+00
7.725490196078431682e-01 7.665111535299146794e+00
7.764705882352941346e-01 7.571298126045752142e+00
7.803921568627451011e-01 7.426646905116910169e+00
7.843137254901960675e-01 8.423773414700205464e+00
7.882352941176470340e-01 7.771979295085189143e+00
7.921568627450980005e-01 7.956702536151547989e+00
7.960784313725489669e-01 4.917142098573860309e+00
8.000000000000000444e-01 5.891936737903860966e+00
8.039215686274510109e-01 6.842310307204551911e+00
8.078431372549019773e-01 7.248381686083173570e+00
8.117647058823529438e-01 6.696756596628445912e+00
8.156862745098039102e-01 6.318322237608666292e+00
8.196078431372548767e-01 7.469847853540603211e+00
8.235294117647058432e-01 6.892698936938615795e+00
8.274509803921568096e-01 5.800178351268932886e+00
8.313725490196077761e-01 8.864502184911765781e+00
8.352941176470588536e-01 6.867055075165405142e+00
8.392156862745098200e-01 7.138323044892970870e+00
8.431372549019607865e-01 7.175766476822822426e+00
8.470588235294117530e-01 8.420374539917824919e+00
8.509803921568627194e-01 7.246426804148153877e+00
8.549019607843136859e-01 8.195853277130272119e+00
8.588235294117646523e-01 8.191555009086052053e+00
8.627450980392157298e-01 7.172017478232911358e+00
8.666666666666666963e-01 7.993092348546556813e+00
8.705882352941176627e-01 9.529617488650281132e+00
8.745098039215686292e-01 8.712077169835042767e+00
8.784313725490195957e-01 8.491073466643948464e+00
8.823529411764705621e-01 8.331967467858291343e+00
8.862745098039215286e-01 5.215542670390547642e+00
8.901960784313724950e-01 7.200161355078771308e+00
8.941176470588234615e-01 6.957218869820647633e+00
8.980392156862745390e-01 9.200550037842459616e+00
9.019607843137255054e-01 9.631146577174648726e+00
9.058823529411764719e-01 7.881264107321610091e+00
9.098039215686274384e-01 7.751299374575445711e+00
9.137254901960784048e-01 7.118613411395602775e+00
9.176470588235293713e-01 7.298204877029950133e+00
9.215686274509803377e-01 6.983060919832436042e+00
9.254901960784314152e-01 7.047170531151614625e+00
9.294117647058823817e-01 1.052378478562011921e+01
9.333333333333333481e-01 6.750284939113311289e+00
9.372549019607843146e-01 7.676949450723257407e+00
9.411764705882352811e-01 8.145701004286269864e+00
9.450980392156862475e-01 9.079798894857388447e+00
9.490196078431372140e-01 8.567409351751567925e+00
9.529411764705881804e-01 7.273969610196323821e+00
9.568627450980391469e-01 7.894788577705602606e+00
9.607843137254902244e-01 8.246176688275648203e+00
9.647058823529411908e-01 6.112135695082076658e+00
9.686274509803921573e-01 6.716975053910016591e+00
9.725490196078431238e-01 6.732236997481149565e+00
9.764705882352940902e-01 5.633875560008435812e+00
9.803921568627450567e-01 7.396830587447155381e+00
9.843137254901960231e-01 7.784456246338364416e+00
9.882352941176471006e-01 7.425408282455921771e+00
9.921568627450980671e-01 8.411792648745723966e+00
9.960784313725490335e-01 7.723676587134368887e+00
1.000000000000000000e+00 5.361192616807752387e+00
