0.000000000000000000e+00 4.692254727549405757e+00
3.921568627450980338e-03 3.431443004298243338e+00
7.843137254901960675e-03 3.003039902427893093e+00
1.176470588235294101e-02 2.182536301920518618e+00
1.568627450980392135e-02 3.557869682468538741e+00
1.960784313725490169e-02 3.123056295604016874e+00
2.352941176470588203e-02 3.461082830966208501e+00
2.745098039215686236e-02 4.497009705950789638e+00
3.137254901960784270e-02 2.369019893468688576e+00
3.529411764705882304e-02 3.946862010357746531e+00
3.921568627450980338e-02 2.962892431965487017e+00
4.313725490196078372e-02 3.542509814898914033e+00
4.705882352941176405e-02 2.960281783982000370e+00
5.098039215686274439e-02 2.307903121831248239e+00
5.490196078431372473e-02 3.483122192343297563e+00
5.882352941176470507e-02 1.032070630686837021e+00
6.274509803921568540e-02 4.244885763613996943e-01
6.666666666666666574e-02 3.006021991858379927e+00
7.058823529411764608e-02 3.189427881835554590e+00
7.450980392156862642e-02 3.640244420814438442e+00
7.843137254901960675e-02 2.135465112115676245e+00
8.235294117647058709e-02 3.663391023526118229e+00
8.627450980392156743e-02 5.896080209700239827e+00
9.019607843137254777e-02 3.950457341543343937e+00
9.411764705882352811e-02 1.713339677335800060e+00
9.803921568627450844e-02 5.093433845025134410e+00
1.019607843137254888e-01 3.612929898645461879e+00
1.058823529411764691e-01 2.743019061080434806e+00
1.098039215686274495e-01 4.050901501580549180e+00
1.137254901960784298e-01 4.187935827883064732e+00
1.176470588235294101e-01 2.426179146741316295e+00
1.215686274509803905e-01 2.933029371221061332e+00
1.254901960784313708e-01 3.154022504646504466e+00
1.294117647058823373e-01 3.196457083480230832e+00
1.333333333333333315e-01 4.125122954037174772e+00
1.372549019607843257e-01 3.176173025841044328e+00
1.411764705882352922e-01 4.244502066180463551e+00
1.450980392156862586e-01 4.618958128314663902e+00
1.490196078431372528e-01 4.249640626732759330e+00
1.529411764705882470e-01 2.541500200840938639e+00
1.568627450980392135e-01 2.449159118646004440e+00
1.607843137254901800e-01 3.901526508010251248e+00
1.647058823529411742e-01 2.703775851018422216e+00
1.686274509803921684e-01 2.451490276188224904e+00
1.725490196078431349e-01 2.454274509899489143e+00
1.764705882352941013e-01 5.914682957277349828e+00
1.803921568627450955e-01 4.323477102990212373e+00
1.843137254901960898e-01 3.806423247642327645e+00
1.882352941176470562e-01 3.251382817680918969e+00
1.921568627450980227e-01 5.205224043769375974e+00
1.960784313725490169e-01 2.619951177700938771e+00
2.000000000000000111e-01 4.245246119443489619e+00
2.039215686274509776e-01 3.557557202502061866e+00
2.078431372549019440e-01 6.277132427839634765e+00
2.117647058823529382e-01 4.865106137877996062e+00
2.156862745098039325e-01 5.348988037375532301e+00
2.196078431372548989e-01 5.196961777591107001e+00
2.235294117647058654e-01 4.111633202705288426e+00
2.274509803921568596e-01 4.167891748711242350e+00
2.313725490196078538e-01 4.236965861568990022e+00
2.352941176470588203e-01 4.929191097020895640e+00
2.392156862745097867e-01 6.217075921524093829e+00
2.431372549019607809e-01 5.563352973971294801e+00
2.470588235294117752e-01 4.743831386601656597e+00
2.509803921568627416e-01 4.905190958629660258e+00
2.549019607843137081e-01 3.806982121151088361e+00
2.588235294117646745e-01 5.352156029464380183e+00
2.627450980392156965e-01 3.278041827685658660e+00
2.666666666666666630e-01 5.443245751528356990e+00
2.705882352941176294e-01 3.966412553112832029e+00
2.745098039215686514e-01 5.044224117015887465e+00
2.784313725490196179e-01 6.993845787835428318e+00
2.823529411764705843e-01 6.040194976489592804e+00
2.862745098039215508e-01 3.915961759427620148e+00
2.901960784313725172e-01 5.547079946515591331e+00
2.941176470588235392e-01 5.874713284797802970e+00
2.980392156862745057e-01 6.323117420582605064e+00
3.019607843137254721e-01 6.293441619629406070e+00
3.058823529411764941e-01 6.265054278767220097e+00
3.098039215686274606e-01 5.290332158447097477e+00
3.137254901960784270e-01 4.793724550204221835e+00
3.176470588235293935e-01 5.584478253523108116e+00
3.215686274509803599e-01 5.898616501073760787e+00
3.254901960784313819e-01 4.254857823950044526e+00
3.294117647058823484e-01 4.897728791272538018e+00
3.333333333333333148e-01 6.308300001621502062e+00
3.372549019607843368e-01 5.556472562452027475e+00
3.411764705882353033e-01 5.554609558982533279e+00
3.450980392156862697e-01 4.957561162733965077e+00
3.490196078431372362e-01 5.451038901461359387e+00
3.529411764705882026e-01 4.338461623728482763e+00
3.568627450980392246e-01 2.049231753811874057e+00
3.607843137254901911e-01 5.022990863954897023e+00
3.647058823529411575e-01 4.146866433410449027e+00
3.686274509803921795e-01 4.646804530346378748e+00
3.725490196078431460e-01 5.166451302497530484e+00
3.764705882352941124e-01 6.442295558284033774e+00
3.803921568627450789e-01 5.237075015912548537e+00
3.843137254901960453e-01 5.930160067190669793e+00
3.882352941176470673e-01 5.944081189658705355e+00
3.921568627450980338e-01 6.569285553797285182e+00
3.960784313725490002e-01 6.737473704782992456e+00
4.000000000000000222e-01 7.073707481244529305e+00
4.039215686274509887e-01 4.817654335090955087e+00
4.078431372549019551e-01 4.492862106627418584e+00
4.117647058823529216e-01 4.398120294623803161e+00
4.156862745098038880e-01 3.908731639031245209e+00
4.196078431372549100e-01 4.877745068639479875e+00
4.235294117647058765e-01 4.608065181809369193e+00
4.274509803921568429e-01 7.359192116295596442e+00
4.313725490196078649e-01 6.187984516079796826e+00
4.352941176470588314e-01 6.052663058793338990e+00
4.392156862745097978e-01 6.488871132878121450e+00
4.431372549019607643e-01 7.681047642298471700e+00
4.470588235294117307e-01 7.264421192018428286e+00
4.509803921568627527e-01 6.003479777746050239e+00
4.549019607843137192e-01 7.468172687905062723e+00
4.588235294117646856e-01 6.052930988316567174e+00
4.627450980392157076e-01 7.139106768457522456e+00
4.666666666666666741e-01 5.204924576340930642e+00
4.705882352941176405e-01 4.713494065528915478e+00
4.745098039215686070e-01 5.971492788372663618e+00
4.784313725490195734e-01 6.340513133885695929e+00
4.823529411764705954e-01 7.163693121114227402e+00
4.862745098039215619e-01 5.487509693759204055e+00
4.901960784313725283e-01 5.829683776230453418e+00
4.941176470588235503e-01 7.330757572789588394e+00
4.980392156862745168e-01 5.518109480866970173e+00
5.019607843137254832e-01 5.280754896840646140e+00
5.058823529411764497e-01 5.831933333446106538e+00
5.098039215686274161e-01 5.373348173679262096e+00
5.137254901960783826e-01 6.792404263453336810e+00
5.176470588235293491e-01 5.209869322542172831e+00
5.215686274509804266e-01 5.365799199027289745e+00
5.254901960784313930e-01 7.413684258946090289e+00
5.294117647058823595e-01 5.613618903983182307e+00
5.333333333333333259e-01 6.044018701195157384e+00
5.372549019607842924e-01 6.885394362141047608e+00
5.411764705882352589e-01 4.566704232625410143e+00
5.450980392156862253e-01 4.464626207096731747e+00
5.490196078431373028e-01 7.072226872156035959e+00
5.529411764705882693e-01 5.716141706849462878e+00
5.568627450980392357e-01 5.533415890418357463e+00
5.607843137254902022e-01 6.953063380716970165e+00
5.647058823529411686e-01 6.295946008998376087e+00
5.686274509803921351e-01 4.448783566796809197e+00
5.725490196078431016e-01 4.761116579121324577e+00
5.764705882352940680e-01 6.277003279588651452e+00
5.803921568627450345e-01 5.233339545425504724e+00
5.843137254901961120e-01 5.949052775069010757e+00
5.882352941176470784e-01 5.485931522131579641e+00
5.921568627450980449e-01 5.848433039910339915e+00
5.960784313725490113e-01 3.602407747190466747e+00
5.999999999999999778e-01 6.555238360861187275e+00
6.039215686274509443e-01 5.670242792408265231e+00
6.078431372549019107e-01 6.064133791071047774e+00
6.117647058823529882e-01 4.389767737521062863e+00
6.156862745098039547e-01 5.267578856551381250e+00
6.196078431372549211e-01 4.559815973489901531e+00
6.235294117647058876e-01 6.589038794328781812e+00
6.274509803921568540e-01 6.628965323789024033e+00
6.313725490196078205e-01 3.701703450636347537e+00
6.352941176470587870e-01 2.986263242846517674e+00
6.392156862745097534e-01 6.883518471384573623e+00
6.431372549019607199e-01 6.587596254702976495e+00
6.470588235294117974e-01 4.907344630417740383e+00
6.509803921568627638e-01 3.889461050225977434e+00
6.549019607843137303e-01 5.352157635306779682e+00
6.588235294117646967e-01 4.794080644128399626e+00
6.627450980392156632e-01 5.218722566594760970e+00
6.666666666666666297e-01 3.094241520966241499e+00
6.705882352941175961e-01 5.238164477112658979e+00
6.745098039215686736e-01 5.056960610849857929e+00
6.784313725490196401e-01 2.816006061337843924e+00
6.823529411764706065e-01 6.583963220727429011e+00
6.862745098039215730e-01 6.110215026726596221e+00
6.901960784313725394e-01 5.905003445214160429e+00
6.941176470588235059e-01 5.605805544217000502e+00
6.980392156862744724e-01 6.530580934384515146e+00
7.019607843137254388e-01 5.399440427004905452e+00
7.058823529411764053e-01 5.284662512986296079e+00
7.098039215686274828e-01 6.384323365304540587e+00
7.137254901960784492e-01 6.169410180395746401e+00
7.176470588235294157e-01 6.962785532916665687e+00
7.215686274509803821e-01 4.525091005226676621e+00
7.254901960784313486e-01 5.036639295591880838e+00
7.294117647058823151e-01 4.454886585805807542e+00
7.333333333333332815e-01 6.693919606857093640e+00
7.372549019607843590e-01 4.399244356633610131e+00
7.411764705882353255e-01 5.977798225771981500e+00
7.450980392156862919e-01 4.497204155047379359e+00
7.490196078431372584e-01 4.581996329714995930e+00
7.529411764705882248e-01 7.193663444524736050e+00
7.568627450980391913e-01 5.708488657126238763e+00
7.607843137254901578e-01 5.565223954462283906e+00
7.647058823529411242e-01 5.867982840834171654e+00
7.686274509803920907e-01 4.990161801033813127e+00
7.725490196078431682e-01 6.328980087525797771e+00
7.764705882352941346e-01 7.787897398455513098e+00
7.803921568627451011e-01 5.243381479907663234e+00
7.843137254901960675e-01 7.920533597404855186e+00
7.882352941176470340e-01 4.984698983898919522e+00
7.921568627450980005e-01 7.051071905243299298e+00
7.960784313725489669e-01 5.161208622683648883e+00
8.000000000000000444e-01 6.752036663730943467e+00
8.039215686274510109e-01 4.139689755215090194e+00
8.078431372549019773e-01 5.268370487418678749e+00
8.117647058823529438e-01 4.823643746968194534e+00
8.156862745098039102e-01 5.928863876257752352e+00
8.196078431372548767e-01 7.210032220213497212e+00
8.235294117647058432e-01 5.314969626730452923e+00
8.274509803921568096e-01 4.960530885694824477e+00
8.313725490196077761e-01 5.525310512439189914e+00
8.352941176470588536e-01 5.566334349494601597e+00
8.392156862745098200e-01 7.074042067910172094e+00
8.431372549019607865e-01 4.074163340348727402e+00
8.470588235294117530e-01 4.125463746236908591e+00
8.509803921568627194e-01 5.408360510434683910e+00
8.549019607843136859e-01 5.571284282596838722e+00
8.588235294117646523e-01 5.483769203968552830e+00
8.627450980392157298e-01 5.627728223013757081e+00
8.666666666666666963e-01 4.818992621823126044e+00
8.705882352941176627e-01 4.644897101183389054e+00
8.745098039215686292e-01 5.354678733671482505e+00
8.784313725490195957e-01 4.671226635966976737e+00
8.823529411764705621e-01 4.202935237836001647e+00
8.862745098039215286e-01 4.886045895692752161e+00
8.901960784313724950e-01 4.218198484496825884e+00
8.941176470588234615e-01 4.397000510999599321e+00
8.980392156862745390e-01 6.243974680358247653e+00
9.019607843137255054e-01 4.144188347945513051e+00
9.058823529411764719e-01 5.862663623929957879e+00
9.098039215686274384e-01 6.330373833975481368e+00
9.137254901960784048e-01 6.527754157420375236e+00
9.176470588235293713e-01 5.104209257077923390e+00
9.215686274509803377e-01 4.819217836902695673e+00
9.254901960784314152e-01 4.756956582433800484e+00
9.294117647058823817e-01 5.486241687159717273e+00
9.333333333333333481e-01 2.701328804662715743e+00
9.372549019607843146e-01 5.061051797462592816e+00
9.411764705882352811e-01 4.288547445060943097e+00
9.450980392156862475e-01 3.907012584794399501e+00
9.490196078431372140e-01 4.396974180698559387e+00
9.529411764705881804e-01 4.212116689817919202e+00
9.568627450980391469e-01 4.137350206955940024e+00
9.607843137254902244e-01 4.653461219489388512e+00
9.647058823529411908e-01 5.635031936085265869e+00
9.686274509803921573e-01 3.709809454738168810e+00
9.725490196078431238e-01 3.800702714007836658e+00
9.764705882352940902e-01 5.275625261599574678e+00
9.803921568627450567e-01 3.845021792191349430e+00
9.843137254901960231e-01 3.452638310190669912e+00
9.882352941176471006e-01 3.918633693888365244e+00
9.921568627450980671e-01 3.469469482591194698e+00
9.960784313725490335e-01 5.284229450170133902e+00
1.000000000000000000e+00 3.900514681877535139e+00
