0.000000000000000000e+00 2.686448691031722902e+00
3.921568627450980338e-03 3.303446944606819979e+00
7.843137254901960675e-03 2.421965928653397437e+00
1.176470588235294101e-02 4.104797646950674839e+00
1.568627450980392135e-02 3.969977691445895740e+00
1.960784313725490169e-02 2.970343240212458547e+00
2.352941176470588203e-02 3.204186867081482148e+00
2.745098039215686236e-02 3.620092125513414416e+00
3.137254901960784270e-02 3.401903505227946045e+00
3.529411764705882304e-02 4.484234271542912431e+00
3.921568627450980338e-02 5.069081200642519214e+00
4.313725490196078372e-02 5.247619619574550143e+00
4.705882352941176405e-02 5.129409802158774845e+00
5.098039215686274439e-02 3.995330128830749228e+00
5.490196078431372473e-02 3.546400385982428904e+00
5.882352941176470507e-02 2.903678945950293855e+00
6.274509803921568540e-02 5.163510719836722274e+00
6.666666666666666574e-02 4.585359733189050324e+00
7.058823529411764608e-02 4.397442065514958642e+00
7.450980392156862642e-02 5.132406216222730855e+00
7.843137254901960675e-02 4.985879842102514559e+00
8.235294117647058709e-02 1.365075052028025926e+00
8.627450980392156743e-02 2.005646589731918894e+00
9.019607843137254777e-02 3.430890570642678661e+00
9.411764705882352811e-02 2.753397425076879568e+00
9.803921568627450844e-02 5.083639325209015070e+00
1.019607843137254888e-01 2.721863777750848534e+00
1.058823529411764691e-01 4.757780569521003144e+00
1.098039215686274495e-01 2.786389060810916085e+00
1.137254901960784298e-01 4.632648555719816486e+00
1.176470588235294101e-01 3.680745310540732174e+00
1.215686274509803905e-01 3.686341209805522823e+00
1.254901960784313708e-01 3.689698279926853619e+00
1.294117647058823373e-01 4.218352156315877011e+00
1.333333333333333315e-01 2.623416958453526515e+00
1.372549019607843257e-01 2.854020129062670552e+00
1.411764705882352922e-01 4.607762942977832843e+00
1.450980392156862586e-01 3.518252804056920535e+00
1.490196078431372528e-01 4.932526016965575799e+00
1.529411764705882470e-01 2.729128246049025819e+00
1.568627450980392135e-01 5.696362084721645402e+00
1.607843137254901800e-01 2.980532061568972324e+00
1.647058823529411742e-01 2.963928038238580420e+00
1.686274509803921684e-01 4.271334757313945296e+00
1.725490196078431349e-01 4.732343964240176781e+00
1.764705882352941013e-01 4.136750308784718833e+00
1.803921568627450955e-01 3.494928510775996422e+00
1.843137254901960898e-01 4.690624130411350734e+00
1.882352941176470562e-01 4.457529308699367476e+00
1.921568627450980227e-01 4.727246412654404928e+00
1.960784313725490169e-01 4.569029954028342999e+00
2.000000000000000111e-01 4.160770962762252445e+00
2.039215686274509776e-01 4.402133253502543475e+00
2.078431372549019440e-01 4.955358341182103388e+00
2.117647058823529382e-01 2.810785405260253444e+00
2.156862745098039325e-01 4.394176323523347527e+00
2.196078431372548989e-01 4.075934509237226777e+00
2.235294117647058654e-01 3.789723307557091303e+00
2.274509803921568596e-01 5.638411466843662900e+00
2.313725490196078538e-01 5.752699313281107507e+00
2.352941176470588203e-01 5.921487503842919331e+00
2.392156862745097867e-01 2.275603904137727174e+00
2.431372549019607809e-01 5.644552907170210077e+00
2.470588235294117752e-01 4.563668619755577360e+00
2.509803921568627416e-01 4.089883691841881941e+00
2.549019607843137081e-01 4.653579358221332285e+00
2.588235294117646745e-01 4.456670418591312632e+00
2.627450980392156965e-01 3.793180362783291848e+00
2.666666666666666630e-01 5.349562592423305674e+00
2.705882352941176294e-01 3.375539373579178104e+00
2.745098039215686514e-01 6.079950038822543590e+00
2.784313725490196179e-01 5.681362568808904889e+00
2.823529411764705843e-01 5.057467675116414263e+00
2.862745098039215508e-01 5.173853205418411427e+00
2.901960784313725172e-01 4.705576001329856872e+00
2.941176470588235392e-01 6.359748909004564688e+00
2.980392156862745057e-01 5.566850557312520209e+00
3.019607843137254721e-01 7.508966573629590080e+00
3.058823529411764941e-01 5.176638713210110154e+00
3.098039215686274606e-01 4.893118867237576275e+00
3.137254901960784270e-01 5.033233432865225510e+00
3.176470588235293935e-01 3.784385022523310216e+00
3.215686274509803599e-01 4.185233722278543844e+00
3.254901960784313819e-01 4.564695082623856592e+00
3.294117647058823484e-01 4.093022281646669924e+00
3.333333333333333148e-01 3.330508453705406602e+00
3.372549019607843368e-01 3.903619679951451538e+00
3.411764705882353033e-01 5.111429165672990216e+00
3.450980392156862697e-01 6.443195482640824423e+00
3.490196078431372362e-01 4.533401553684465846e+00
3.529411764705882026e-01 4.570023075731850959e+00
3.568627450980392246e-01 5.617425291926794628e+00
3.607843137254901911e-01 4.552553210586320454e+00
3.647058823529411575e-01 4.517495276514339686e+00
3.686274509803921795e-01 4.225046646806394079e+00
3.725490196078431460e-01 7.470319149555674443e+00
3.764705882352941124e-01 4.712945819937312208e+00
3.803921568627450789e-01 3.522472860518410798e+00
3.843137254901960453e-01 4.682312534372970347e+00
3.882352941176470673e-01 3.517748067908589071e+00
3.921568627450980338e-01 5.798419797974032619e+00
3.960784313725490002e-01 5.355844899273737525e+00
4.000000000000000222e-01 5.261633170739322019e+00
4.039215686274509887e-01 4.622078237022336999e+00
4.078431372549019551e-01 4.744154927795272592e+00
4.117647058823529216e-01 6.016807068438355444e+00
4.156862745098038880e-01 6.272146305309682646e+00
4.196078431372549100e-01 6.144446887234356502e+00
4.235294117647058765e-01 5.178973137580532793e+00
4.274509803921568429e-01 5.179794637425576553e+00
4.313725490196078649e-01 2.862052808945258597e+00
4.352941176470588314e-01 6.267783422095692281e+00
4.392156862745097978e-01 6.014647766388097949e+00
4.431372549019607643e-01 6.164785971397859221e+00
4.470588235294117307e-01 5.807668850326056287e+00
4.509803921568627527e-01 5.296390595799732814e+00
4.549019607843137192e-01 6.578370837804239812e+00
4.588235294117646856e-01 5.926117044180504223e+00
4.627450980392157076e-01 7.693764336494258060e+00
4.666666666666666741e-01 5.605541484832634147e+00
4.705882352941176405e-01 5.116170304317599893e+00
4.745098039215686070e-01 5.002077153077854277e+00
4.784313725490195734e-01 6.040450170850261813e+00
4.823529411764705954e-01 5.221519292422018843e+00
4.862745098039215619e-01 4.987359389502032059e+00
4.901960784313725283e-01 4.423916057113634892e+00
4.941176470588235503e-01 6.198800199062659111e+00
4.980392156862745168e-01 5.263693840105165833e+00
5.019607843137254832e-01 5.165722672491676271e+00
5.058823529411764497e-01 3.705686805877652645e+00
5.098039215686274161e-01 5.096568283597519233e+00
5.137254901960783826e-01 6.627619679613547810e+00
5.176470588235293491e-01 7.030723130308198066e+00
5.215686274509804266e-01 5.106871003827339273e+00
5.254901960784313930e-01 5.494285362497917546e+00
5.294117647058823595e-01 3.401468994048678418e+00
5.333333333333333259e-01 5.232014886942137899e+00
5.372549019607842924e-01 3.838160150746900534e+00
5.411764705882352589e-01 4.012542101716594978e+00
5.450980392156862253e-01 4.931462460821578908e+00
5.490196078431373028e-01 6.807765994692958955e+00
5.529411764705882693e-01 3.903622538586196455e+00
5.568627450980392357e-01 5.947008357793335698e+00
5.607843137254902022e-01 5.711842536896638123e+00
5.647058823529411686e-01 4.567033102000340072e+00
5.686274509803921351e-01 4.454899038277438272e+00
5.725490196078431016e-01 4.491576776911638369e+00
5.764705882352940680e-01 5.970981866080702360e+00
5.803921568627450345e-01 5.635465659241422287e+00
5.843137254901961120e-01 6.151648753856928664e+00
5.882352941176470784e-01 5.669792287026609756e+00
5.921568627450980449e-01 6.103404221886504999e+00
5.960784313725490113e-01 5.515037301337656572e+00
5.999999999999999778e-01 5.557045082344219011e+00
6.039215686274509443e-01 5.387329144183833129e+00
6.078431372549019107e-01 6.216051715190386240e+00
6.117647058823529882e-01 5.890722972976151439e+00
6.156862745098039547e-01 9.557293826342622367e+00
6.196078431372549211e-01 4.805972172022867639e+00
6.235294117647058876e-01 5.771174952324553686e+00
6.274509803921568540e-01 4.564645632798340458e+00
6.313725490196078205e-01 6.101681746281538921e+00
6.352941176470587870e-01 5.443051763197341408e+00
6.392156862745097534e-01 5.384161614724609635e+00
6.431372549019607199e-01 6.853282989073662179e+00
6.470588235294117974e-01 5.549902744479581429e+00
6.509803921568627638e-01 4.837160301573192989e+00
6.549019607843137303e-01 6.496560763676606953e+00
6.588235294117646967e-01 7.100280338944784830e+00
6.627450980392156632e-01 4.562048766227900565e+00
6.666666666666666297e-01 4.660848946402865955e+00
6.705882352941175961e-01 7.398286300694390860e+00
6.745098039215686736e-01 4.260014498939758809e+00
6.784313725490196401e-01 5.192362763815228099e+00
6.823529411764706065e-01 4.860354481643200941e+00
6.862745098039215730e-01 6.133277488174870840e+00
6.901960784313725394e-01 4.187234968478932728e+00
6.941176470588235059e-01 4.899270762582811578e+00
6.980392156862744724e-01 4.434673225614525371e+00
7.019607843137254388e-01 4.076323743543120770e+00
7.058823529411764053e-01 4.459187916781198524e+00
7.098039215686274828e-01 5.892248927717821161e+00
7.137254901960784492e-01 4.633873815526815321e+00
7.176470588235294157e-01 4.997923990083739554e+00
7.215686274509803821e-01 5.196330188877035461e+00
7.254901960784313486e-01 5.348972375828748405e+00
7.294117647058823151e-01 2.731952151030347054e+00
7.333333333333332815e-01 4.727876914562296307e+00
7.372549019607843590e-01 4.567318031930076572e+00
7.411764705882353255e-01 6.029462659276689784e+00
7.450980392156862919e-01 3.275001075420404639e+00
7.490196078431372584e-01 6.628010763731737143e+00
7.529411764705882248e-01 5.833848902834849248e+00
7.568627450980391913e-01 4.197434002209083026e+00
7.607843137254901578e-01 5.444547861584192461e+00
7.647058823529411242e-01 4.506862061429096400e+00
7.686274509803920907e-01 5.055853368276556736e+00
7.725490196078431682e-01 4.012218009405459362e+00
7.764705882352941346e-01 2.400504730564562372e+00
7.803921568627451011e-01 2.538884452194253960e+00
7.843137254901960675e-01 3.286600818738929064e+00
7.882352941176470340e-01 1.872044903257700010e+00
7.921568627450980005e-01 5.413957953410447388e+00
7.960784313725489669e-01 5.922787494130113295e+00
8.000000000000000444e-01 4.357865105845591280e+00
8.039215686274510109e-01 4.988374335988915220e+00
8.078431372549019773e-01 3.411552542609564753e+00
8.117647058823529438e-01 7.347138963951445056e+00
8.156862745098039102e-01 5.156135223486605135e+00
8.196078431372548767e-01 5.743059949414192289e+00
8.235294117647058432e-01 5.027335796808848123e+00
8.274509803921568096e-01 4.792483515503222158e+00
8.313725490196077761e-01 4.309471176263115488e+00
8.352941176470588536e-01 2.319816172033868362e+00
8.392156862745098200e-01 1.251884292231358664e+00
8.431372549019607865e-01 3.329492516547218450e+00
8.470588235294117530e-01 7.598970104637525758e-01
8.509803921568627194e-01 3.295627639146031740e+00
8.549019607843136859e-01 4.124758686110891581e+00
8.588235294117646523e-01 2.243100933519375229e+00
8.627450980392157298e-01 4.608581819069610397e+00
8.666666666666666963e-01 4.282167493782333523e+00
8.705882352941176627e-01 5.014773031535894710e+00
8.745098039215686292e-01 4.478119022379583924e+00
8.784313725490195957e-01 4.850209365839098119e+00
8.823529411764705621e-01 4.113053440958307050e+00
8.862745098039215286e-01 4.001761761309681198e+00
8.901960784313724950e-01 3.095141925664250948e+00
8.941176470588234615e-01 5.107339510585997999e+00
8.980392156862745390e-01 2.705252709482314444e+00
9.019607843137255054e-01 2.858052349258951352e+00
9.058823529411764719e-01 3.146126678361722995e+00
9.098039215686274384e-01 3.072590931330306141e+00
9.137254901960784048e-01 5.053606162941244762e+00
9.176470588235293713e-01 5.252909339180659387e+00
9.215686274509803377e-01 4.598623897977222263e+00
9.254901960784314152e-01 4.018884015540277410e+00
9.294117647058823817e-01 4.664148308164900669e+00
9.333333333333333481e-01 4.406536561794447415e+00
9.372549019607843146e-01 4.933651267595424272e+00
9.411764705882352811e-01 3.693094872590712896e+00
9.450980392156862475e-01 4.201007927906313277e+00
9.490196078431372140e-01 3.082514489731638552e+00
9.529411764705881804e-01 2.556682480411820002e+00
9.568627450980391469e-01 3.285278667026264365e+00
9.607843137254902244e-01 2.148469709835129304e+00
9.647058823529411908e-01 3.449624732047892994e+00
9.686274509803921573e-01 3.952308209725605703e+00
9.725490196078431238e-01 3.934653443508177695e+00
9.764705882352940902e-01 3.097753376219926302e+00
9.803921568627450567e-01 3.090332099577827396e+00
9.843137254901960231e-01 3.976027264929890670e+00
9.882352941176471006e-01 4.074957086889230418e+00
9.921568627450980671e-01 4.107720576255117884e+00
9.960784313725490335e-01 4.321200195168591662e+00
1.000000000000000000e+00 3.579527013253111178e+00
