0.000000000000000000e+00 2.557391550692198923e+00
3.921568627450980338e-03 1.607072923907559625e+00
7.843137254901960675e-03 1.874619678350707197e+00
1.176470588235294101e-02 2.715852921281177945e+00
1.568627450980392135e-02 3.477962297473583320e+00
1.960784313725490169e-02 3.903095023165579658e+00
2.352941176470588203e-02 2.889181254133629029e+00
2.745098039215686236e-02 2.608827680414736783e+00
3.137254901960784270e-02 6.618726164156498726e-01
3.529411764705882304e-02 1.659676970112624828e+00
3.921568627450980338e-02 3.448954676598711355e+00
4.313725490196078372e-02 2.234701635077796844e+00
4.705882352941176405e-02 3.266462248871927265e+00
5.098039215686274439e-02 1.124359088094312398e+00
5.490196078431372473e-02 4.144145204803141525e+00
5.882352941176470507e-02 3.603507558491835017e+00
6.274509803921568540e-02 2.928179133571263026e+00
6.666666666666666574e-02 3.893949840075661140e+00
7.058823529411764608e-02 6.405822377980063820e-01
7.450980392156862642e-02 1.087613299360169039e+00
7.843137254901960675e-02 1.423564968842307987e+00
8.235294117647058709e-02 4.177909725236714777e+00
8.627450980392156743e-02 3.016059184727267972e+00
9.019607843137254777e-02 2.688189918899442254e+00
9.411764705882352811e-02 1.215795096302420442e+00
9.803921568627450844e-02 3.036968071294715799e+00
1.019607843137254888e-01 2.849027141186092127e+00
1.058823529411764691e-01 3.455913190859604356e+00
1.098039215686274495e-01 3.263127360452894532e+00
1.137254901960784298e-01 3.242859527931385433e+00
1.176470588235294101e-01 2.328529229853348870e+00
1.215686274509803905e-01 4.516767432086059131e+00
1.254901960784313708e-01 2.139108408491924962e+00
1.294117647058823373e-01 3.286749712602658136e+00
1.333333333333333315e-01 2.268119253018606951e+00
1.372549019607843257e-01 2.416680069290379596e+00
1.411764705882352922e-01 1.909302367602692119e+00
1.450980392156862586e-01 2.804303066655239540e+00
1.490196078431372528e-01 2.507266625283804284e+00
1.529411764705882470e-01 3.979255129899373689e+00
1.568627450980392135e-01 4.310580383057026843e+00
1.607843137254901800e-01 3.048517857326840108e+00
1.647058823529411742e-01 4.614943732647684094e+00
1.686274509803921684e-01 4.355020174842203495e+00
1.725490196078431349e-01 5.886718324079986964e+00
1.764705882352941013e-01 3.951894421054419571e+00
1.803921568627450955e-01 3.942806818608664443e+00
1.843137254901960898e-01 3.301809956354508913e+00
1.882352941176470562e-01 2.210120630673798381e+00
1.921568627450980227e-01 1.963650998653119428e+00
1.960784313725490169e-01 3.790874289365055105e+00
2.000000000000000111e-01 3.296049518192935235e+00
2.039215686274509776e-01 1.601103354409465496e+00
2.078431372549019440e-01 3.576210498643455971e+00
2.117647058823529382e-01 1.992669474563775411e+00
2.156862745098039325e-01 2.818131583895927328e+00
2.196078431372548989e-01 2.913894700534630289e+00
2.235294117647058654e-01 3.117389111672207225e+00
2.274509803921568596e-01 5.186890816261247927e+00
2.313725490196078538e-01 4.357939604757172347e+00
2.352941176470588203e-01 4.442052161424766332e+00
2.392156862745097867e-01 5.423853350746249191e+00
2.431372549019607809e-01 5.014905602611653634e+00
2.470588235294117752e-01 3.097725342953168592e+00
2.509803921568627416e-01 2.314554004480802174e+00
2.549019607843137081e-01 3.636893536685875450e+00
2.588235294117646745e-01 3.063260616503056699e+00
2.627450980392156965e-01 3.801471663299460957e+00
2.666666666666666630e-01 1.597043164984122576e+00
2.705882352941176294e-01 3.843775379206773035e+00
2.745098039215686514e-01 2.338098385285017677e+00
2.784313725490196179e-01 4.105933316273322475e+00
2.823529411764705843e-01 2.912183204685444338e+00
2.862745098039215508e-01 3.947881069256832909e+00
2.901960784313725172e-01 4.271434877746004055e+00
2.941176470588235392e-01 3.512810397749804636e+00
2.980392156862745057e-01 4.103719756688171572e+00
3.019607843137254721e-01 3.738161735708704470e+00
3.058823529411764941e-01 6.206299708481950006e+00
3.098039215686274606e-01 5.024743965535064305e+00
3.137254901960784270e-01 5.235539362524926688e+00
3.176470588235293935e-01 4.578989678319848267e+00
3.215686274509803599e-01 3.722306624866436486e+00
3.254901960784313819e-01 5.652244655082116154e+00
3.294117647058823484e-01 5.160638963371449783e+00
3.333333333333333148e-01 6.302491564016606596e+00
3.372549019607843368e-01 5.159440416686282838e+00
3.411764705882353033e-01 4.135283648501006937e+00
3.450980392156862697e-01 6.022847631611755403e+00
3.490196078431372362e-01 7.903097428896914245e+00
3.529411764705882026e-01 6.904520517264253421e+00
3.568627450980392246e-01 7.418024032585684324e+00
3.607843137254901911e-01 5.564402901484521990e+00
3.647058823529411575e-01 4.424200649826085296e+00
3.686274509803921795e-01 4.401200373954503142e+00
3.725490196078431460e-01 5.553935437423211496e+00
3.764705882352941124e-01 6.289168391367719657e+00
3.803921568627450789e-01 6.423543513912234104e+00
3.843137254901960453e-01 7.635426271295283840e+00
3.882352941176470673e-01 8.381168688416364532e+00
3.921568627450980338e-01 6.998739784843020395e+00
3.960784313725490002e-01 4.065853560515543919e+00
4.000000000000000222e-01 4.309571218480257926e+00
4.039215686274509887e-01 4.424258391814480440e+00
4.078431372549019551e-01 5.737910447514829926e+00
4.117647058823529216e-01 5.703942966821608174e+00
4.156862745098038880e-01 7.937621513166783771e+00
4.196078431372549100e-01 6.477811510618545654e+00
4.235294117647058765e-01 5.908283679320735615e+00
4.274509803921568429e-01 8.015705824846085292e+00
4.313725490196078649e-01 5.555268284210728602e+00
4.352941176470588314e-01 6.536840104264855178e+00
4.392156862745097978e-01 7.263904708277109101e+00
4.431372549019607643e-01 6.781163476644104904e+00
4.470588235294117307e-01 7.046334538856616980e+00
4.509803921568627527e-01 8.678150030220988853e+00
4.549019607843137192e-01 8.809995671970956010e+00
4.588235294117646856e-01 8.200430999332679605e+00
4.627450980392157076e-01 6.098696422636537662e+00
4.666666666666666741e-01 6.392377349958837662e+00
4.705882352941176405e-01 5.960572700236207666e+00
4.745098039215686070e-01 7.229701609802073214e+00
4.784313725490195734e-01 9.196100469744594719e+00
4.823529411764705954e-01 1.044397285861046321e+01
4.862745098039215619e-01 8.712442062831568634e+00
4.901960784313725283e-01 7.819031971904232492e+00
4.941176470588235503e-01 6.542814735655438696e+00
4.980392156862745168e-01 7.655577366065106304e+00
5.019607843137254832e-01 7.482582770383704229e+00
5.058823529411764497e-01 7.619520017644036969e+00
5.098039215686274161e-01 7.235807691382293072e+00
5.137254901960783826e-01 9.758909385944141590e+00
5.176470588235293491e-01 9.706658569659779801e+00
5.215686274509804266e-01 8.960239920249406964e+00
5.254901960784313930e-01 8.178876373360029817e+00
5.294117647058823595e-01 8.404737467184546063e+00
5.333333333333333259e-01 8.467030470820192889e+00
5.372549019607842924e-01 8.019372750325777233e+00
5.411764705882352589e-01 9.886449188793509535e+00
5.450980392156862253e-01 8.820563560911327983e+00
5.490196078431373028e-01 1.152517708330490542e+01
5.529411764705882693e-01 9.185243612828205784e+00
5.568627450980392357e-01 9.503641338622625057e+00
5.607843137254902022e-01 7.266597569594276607e+00
5.647058823529411686e-01 7.724902491309897812e+00
5.686274509803921351e-01 8.992855457400462882e+00
5.725490196078431016e-01 9.599458323524508785e+00
5.764705882352940680e-01 9.097819846029207014e+00
5.803921568627450345e-01 1.043940217616656696e+01
5.843137254901961120e-01 9.412313928192004298e+00
5.882352941176470784e-01 6.754202845107668551e+00
5.921568627450980449e-01 8.784326613222530611e+00
5.960784313725490113e-01 9.678466304223610095e+00
5.999999999999999778e-01 7.744488314328648038e+00
6.039215686274509443e-01 8.578483699715141242e+00
6.078431372549019107e-01 8.476142366315968957e+00
6.117647058823529882e-01 9.756788349531996474e+00
6.156862745098039547e-01 8.765946866877188270e+00
6.196078431372549211e-01 8.662884893132940078e+00
6.235294117647058876e-01 9.667044022696016370e+00
6.274509803921568540e-01 7.575900236399542464e+00
6.313725490196078205e-01 7.117820916666789621e+00
6.352941176470587870e-01 9.052479872080921197e+00
6.392156862745097534e-01 9.964456873442902207e+00
6.431372549019607199e-01 9.543326576884190615e+00
6.470588235294117974e-01 9.546530517630602120e+00
6.509803921568627638e-01 7.203869896623951163e+00
6.549019607843137303e-01 9.364081440240642706e+00
6.588235294117646967e-01 7.761607346272225705e+00
6.627450980392156632e-01 7.542740052128669603e+00
6.666666666666666297e-01 8.166238404917306681e+00
6.705882352941175961e-01 9.883182743032762119e+00
6.745098039215686736e-01 9.007559070846536287e+00
6.784313725490196401e-01 8.186730451319661483e+00
6.823529411764706065e-01 7.165277148927363449e+00
6.862745098039215730e-01 8.773774044735256794e+00
6.901960784313725394e-01 9.618955886825805379e+00
6.941176470588235059e-01 8.482817109520238930e+00
6.980392156862744724e-01 1.012403667166873333e+01
7.019607843137254388e-01 9.536786081410802751e+00
7.058823529411764053e-01 7.706947401188523727e+00
7.098039215686274828e-01 7.315142892270479535e+00
7.137254901960784492e-01 8.450389414176695979e+00
7.176470588235294157e-01 8.447219815587397207e+00
7.215686274509803821e-01 8.767668192783062864e+00
7.254901960784313486e-01 6.613466666404790750e+00
7.294117647058823151e-01 8.549945463200801399e+00
7.333333333333332815e-01 8.535127346015778826e+00
7.372549019607843590e-01 1.008382511533050518e+01
7.411764705882353255e-01 8.907747865082749072e+00
7.450980392156862919e-01 9.460416424935912616e+00
7.490196078431372584e-01 7.560263043024603391e+00
7.529411764705882248e-01 8.850358620753713268e+00
7.568627450980391913e-01 1.022048524826535321e+01
7.607843137254901578e-01 1.005368615461457615e+01
7.647058823529411242e-01 8.507236314029475110e+00
7.686274509803920907e-01 8.500457750314984295e+00
7.725490196078431682e-01 1.016740832565594665e+01
7.764705882352941346e-01 8.474856919760579643e+00
7.803921568627451011e-01 8.973584457189776487e+00
7.843137254901960675e-01 9.822437829501389217e+00
7.882352941176470340e-01 9.399338234637870215e+00
7.921568627450980005e-01 1.153436257697989475e+01
7.960784313725489669e-01 1.181758442143408772e+01
8.000000000000000444e-01 8.380754696245977797e+00
8.039215686274510109e-01 8.726587709837181350e+00
8.078431372549019773e-01 6.493339418157140663e+00
8.117647058823529438e-01 9.747400638192839750e+00
8.156862745098039102e-01 9.729780663424316245e+00
8.196078431372548767e-01 1.132356276255391236e+01
8.235294117647058432e-01 1.195643202973657715e+01
8.274509803921568096e-01 7.787853331332001083e+00
8.313725490196077761e-01 9.940862928876136095e+00
8.352941176470588536e-01 9.131391046716329285e+00
8.392156862745098200e-01 8.833826669090361960e+00
8.431372549019607865e-01 9.530012537375482040e+00
8.470588235294117530e-01 8.363749339854104292e+00
8.509803921568627194e-01 1.092410244816842280e+01
8.549019607843136859e-01 1.055405373581231210e+01
8.588235294117646523e-01 9.326163247910535858e+00
8.627450980392157298e-01 9.114689684622035770e+00
8.666666666666666963e-01 8.556180454747646991e+00
8.705882352941176627e-01 6.671866681358009643e+00
8.745098039215686292e-01 8.059581067104414132e+00
8.784313725490195957e-01 8.694236146296319134e+00
8.823529411764705621e-01 7.126799333334001396e+00
8.862745098039215286e-01 8.388198763281170756e+00
8.901960784313724950e-01 9.939035290285792357e+00
8.941176470588234615e-01 7.774336462209617160e+00
8.980392156862745390e-01 8.521720620914315703e+00
9.019607843137255054e-01 6.127161977362056255e+00
9.058823529411764719e-01 9.238257118570967208e+00
9.098039215686274384e-01 7.834850968165818053e+00
9.137254901960784048e-01 8.945089351679779810e+00
9.176470588235293713e-01 7.352148192142953675e+00
9.215686274509803377e-01 8.643615180193560121e+00
9.254901960784314152e-01 8.090635833543794675e+00
9.294117647058823817e-01 7.782055398389639223e+00
9.333333333333333481e-01 9.160325476465070338e+00
9.372549019607843146e-01 9.309142653796403266e+00
9.411764705882352811e-01 7.853516765716683778e+00
9.450980392156862475e-01 8.631277585126170493e+00
9.490196078431372140e-01 6.839503928212063322e+00
9.529411764705881804e-01 7.916010747482729926e+00
9.568627450980391469e-01 6.960921157453393349e+00
9.607843137254902244e-01 6.944699661799249135e+00
9.647058823529411908e-01 6.705432969512735930e+00
9.686274509803921573e-01 8.124316369903185731e+00
9.725490196078431238e-01 6.282458753115689021e+00
9.764705882352940902e-01 5.860287570097652221e+00
9.803921568627450567e-01 8.365322871126137372e+00
9.843137254901960231e-01 7.039643703800638974e+00
9.882352941176471006e-01 5.984048844212365381e+00
9.921568627450980671e-01 6.157902576561123276e+00
9.960784313725490335e-01 7.385696156529688139e+00
1.000000000000000000e+00 4.994969635671811403e+00
